tree
version=v4
num_class=1
num_tree_per_iteration=1
label_index=0
max_feature_idx=84
objective=lambdarank
feature_names=return_1d return_5d return_10d return_20d return_60d momentum_5d momentum_10d momentum_20d momentum_60d momentum_120d vol_5d vol_20d vol_60d downside_vol_20d upside_vol_20d beta_20d_spy beta_60d_spy price_to_sma_20d price_to_sma_50d price_to_sma_200d macd_hist rsi_14 bollinger_z_20d volume_zscore_20d volume_zscore_60d dollar_volume_ratio_20d intraday_range close_open_gap close_location_in_range distance_to_20d_high distance_to_20d_low distance_to_60d_high distance_to_60d_low excess_return_5d_vs_spy excess_return_20d_vs_spy excess_return_60d_vs_spy relative_momentum_20d_vs_spy skew_20d kurtosis_20d spy_return_20d spy_vol_20d spy_drawdown_60d relative_strength_down_days_20d gap_down_absorption_20d downside_vol_decay_60d beta_stability_price_floor beta_60d_ff_mktrf beta_60d_ff_smb beta_60d_ff_hml beta_60d_ff_rmw beta_60d_ff_cma dgs10_pit dgs2_pit vixcls_pit usd_index_pit yield_10y_2y_spread_pit cs_rank_momentum_20d cs_z_momentum_20d cs_rank_momentum_60d cs_z_momentum_60d cs_rank_momentum_120d cs_z_momentum_120d cs_rank_vol_20d cs_z_vol_20d cs_rank_vol_60d cs_z_vol_60d cs_rank_downside_vol_20d cs_z_downside_vol_20d cs_rank_beta_60d_spy cs_z_beta_60d_spy cs_rank_excess_return_20d_vs_spy cs_z_excess_return_20d_vs_spy cs_rank_relative_strength_down_days_20d cs_z_relative_strength_down_days_20d cs_rank_gap_down_absorption_20d cs_z_gap_down_absorption_20d cs_rank_downside_vol_decay_60d cs_z_downside_vol_decay_60d cs_rank_beta_stability_price_floor cs_z_beta_stability_price_floor regime_calm regime_drawdown regime_high_vol regime_rebound stress_flag
feature_infos=[-0.43452090331350879:0.52290083351866889] [-0.61014499786032883:0.88260863646066867] [-0.76666670795573144:1.0566034133703051] [-0.82992956002177165:1.6011328544898928] [-0.85304846129940903:3.1843478105994496] [-0.61014499786032883:0.88260863646066867] [-0.76666670795573144:1.0566034133703051] [-0.82992956002177165:1.6011328544898928] [-0.85304846129940903:3.1843478105994496] [-0.83371665409748386:3.8670393633078328] [0:0.30584445364328161] [0:0.22421856781514868] [0:0.15098312624435092] [0:0.14329584310333965] [0:0.16337929811143656] [-13.695037798663515:20.575205365344527] [-4.0149274431247379:4.8863263853067735] [-0.69421673038056464:0.66131114246219425] [-0.79930206832555228:0.90110352904013702] [-0.82425537243447611:1.8446390551514207] [-132.53715276993563:80.364006761273146] [0:99.861064002984776] [-4.3588989435444114:4.3588989435883247] [-3.1806480089076707:4.3588989435433447] [-3.1101259120259019:7.6809377036926092] [0:20] [0:0.56348448091986825] [-0.47064726396441403:0.4210822666140121] [0:1] [-0.81943928948557032:0] [0:1.7305034091738194] [-0.85817267691977117:0] [0:3.9900962607604482] [-0.61785372931017601:0.89255912114692015] [-0.76226676485515399:1.4709261398977567] [-0.82324954741436951:2.9093527779374631] [-0.77334040331749898:1.3346611088982128] [-4.4721359549995769:4.4721359549995841] [-1.8537485942068546:20.000000000000025] [-0.3098674839759894:0.19880920041384464] [0.0021730140768461124:0.057214790451066776] [-0.31978067271172672:0] [-0.099256665172816158:0.19912924481561101] [-9.4243009236246778:13.933826240627525] [-1:87.127119856643347] [-1.0247428570212176:1.0007807340328658] [-4.1112792539993421:4.848421174419931] [-5.4434395281946788:7.7689924118407419] [-6.7072038827376153:7.6752434274945651] [-13.325735436189344:9.7109719643899926] [-11.504606375379524:8.6540722051089762] [0.55000000000000004:3.2400000000000002] [0.11:2.98] [9.1899999999999995:75.469999999999999] [93.247799999999998:125.0587] [-0.030000000000000027:2.6099999999999999] [0.0020161290322580645:1] [-10.036419127683077:15.738424952473304] [0.0020161290322580645:1] [-8.1746382519581609:16.457532645463687] [0.0020202020202020202:1] [-5.9157233637200122:14.200215155348952] [0.0020161290322580645:1] [-2.7783658620320608:17.573692755422847] [0.0020161290322580645:1] [-2.9782850486284773:14.693670814366223] [0.0020161290322580645:1] [-3.0058206930267617:18.050318432270245] [0.0020161290322580645:1] [-6.3974491418552946:8.9620500168724586] [0.0020161290322580645:1] [-10.036419127683077:15.738424952473304] [0.0020161290322580645:1] [-11.668006201344122:17.853621002907023] [0.0020449897750511249:1] [-9.434540891693187:11.345435387552476] [0.0020161290322580645:1] [-2.3143884498676961:20.623654562246884] [0.0020161290322580645:1] [-16.633473857690657:14.830513071902569] [0:1] [0:1] [0:1] [0:1] [0:1]
tree_sizes=3548 3553 3501 3549 3513 3535 3509 3497 3487 3522 3512 3525 3540 3501 3513 3549 3487 3513 3560 3535 3545 3504 3508 3587 3519

Tree=0
num_leaves=31
num_cat=0
split_feature=46 34 61 1 48 45 45 67 16 65 65 37 23 31 28 40 13 19 42 65 21 73 4 12 38 16 51 53 68 12
split_gain=7.3153 4.01708 2.93072 2.64771 2.36657 2.05723 2.47328 3.16894 2.13999 1.85744 2.66537 2.39645 2.27985 1.82026 1.75061 1.68681 1.53873 2.02551 1.38621 1.38509 1.38408 1.26394 1.25808 1.24704 1.24357 1.22733 1.20058 3.52312 1.45349 1.1264
threshold=0.83409535555438541 0.035023471807951186 -0.13241025299673589 0.035001539911748154 -0.57244188392784645 -0.022708375838365834 -0.0041547257372171612 -0.12021897082114939 1.1923133640479608 -0.24615204139823013 -0.5532209406899844 -0.42975063450042744 -0.29657848240860046 -0.064268190077742801 0.8248847225904935 0.0048231500351902587 0.0043764241907946156 0.0085184362388283103 0.0033576341611883994 1.0000000180025095e-35 89.173313665183954 0.73507548749011664 0.010562239906554695 0.011624531178325665 0.96931146534862844 0.17317571116680322 1.8750000000000002 17.120000000000005 0.10062247362235742 0.014301352796985424
decision_type=8 10 10 10 10 8 10 10 10 10 8 10 10 10 10 10 10 8 10 10 8 8 8 10 10 10 2 2 10 8
left_child=2 3 15 5 16 8 7 -7 13 10 21 -12 -13 -2 -10 25 -5 -18 19 -11 26 29 24 -8 -20 -1 27 -4 -29 -3
right_child=1 9 20 4 -6 6 23 -9 14 18 11 12 -14 -15 -16 -17 17 -19 22 -21 -22 -23 -24 -25 -26 -27 -28 28 -30 -31
leaf_value=0.0045629864998547971 -0.0076026778759137525 -0.0046001498848967223 -0.0052838691095806432 0.0040542700166623794 -0.0012025514655677552 0.0094495018325440189 -0.0028204519420866425 -0.00041697703172748979 -0.0097120952291920165 -0.013704189293801274 -0.010303937738344159 -0.0011385159832334186 0.011507746341082807 0.0067042697021992923 0.0018029415529838 0.0020169315666048711 0 -0.018627101871018494 0 -0.0058547917560781149 0.015248038833791753 0.00078199238461281243 0 0.00091210788628708962 -0.017582285437214264 -0.0056360838633944949 0.0059921170919266797 -0.0017881758046270322 0.0084612188754514903 -0.019998323929801984
leaf_weight=7.3738568678963921 6.6444437324535128 10.922927653649824 26.286662863334641 2.2284335372969535 39.769987245497759 43.015710529405624 71.708808669587597 34.930714087677188 32.751339412876405 21.825367289711721 5.4885951775358981 14.292947006993925 18.218768818653189 16.393316496512853 9.1020480268634838 109.08210254693404 5.4629070998635116 13.906120147323239 3.860285137430763 66.890436404268257 7.4645863628247744 6.502496886416341 33.418260004604235 238.6162630681647 4.498961994308047 36.846482504275627 117.47988690203056 9.521388979512265 33.701303439738695 5.1936407929752013
leaf_count=1294 1011 1371 4785 207 6098 5126 9221 5016 4563 2551 601 1473 1700 2789 1054 18786 660 1433 710 9882 654 689 5840 33145 432 6156 19798 1795 5136 415
internal_value=-6.38863e-06 -0.0014756 0.00294817 -0.00030699 -0.00513564 0.000342238 0.00104848 0.00499392 -0.00371234 -0.0045613 -0.000779653 0.00310988 0.00588304 0.00209638 -0.00705321 0.000304983 -0.0116046 -0.0139022 -0.00623797 -0.00802639 0.00497901 -0.00745647 -0.00214761 1.79842e-05 -0.0101485 -0.00369462 0.0044346 0.0016391 0.00604727 -0.0110374
internal_weight=1053.4 705.643 347.756 514.53 61.3674 453.163 388.271 77.9464 64.8911 191.113 60.6194 38.0003 32.5117 23.0378 41.8534 153.302 21.5975 19.369 130.493 88.7158 194.454 22.6191 41.7775 310.325 8.35925 44.2203 186.989 69.5094 43.2227 16.1166
internal_count=154391 95987 58404 70323 8398 61925 52508 10142 9417 25664 6249 3774 3173 3800 5617 26236 2300 2093 19415 12433 32168 2475 6982 42366 1142 7450 31514 11716 6931 1786
is_linear=0
shrinkage=0.025


Tree=1
num_leaves=31
num_cat=0
split_feature=69 4 38 79 13 30 47 72 67 67 16 54 22 47 2 73 64 27 59 64 29 47 30 36 62 15 36 25 20 27
split_gain=10.6316 4.91689 5.09653 5.05725 4.46661 4.68829 4.68267 5.03032 4.5457 4.4075 5.90341 4.4321 3.73402 3.31745 3.17495 8.04922 3.66681 3.16195 3.04021 3.29307 2.75059 4.92047 3.5419 2.74344 2.68954 2.62007 2.61726 2.61143 2.36254 2.32687
threshold=-0.017702177282625051 0.1426372233144422 15.292614157960781 -0.037469867597725567 0.010221073473168285 0.25381007532668759 -0.062646681297936699 0.98578678738105852 -1.1204262979049482 -0.9641612507752485 1.0027589587575452 117.03745000000002 1.4107847887671401 0.70932281140282261 0.086095446777293541 1.0899753113679955 0.18201060808328781 0.0043137724368965133 1.5216791235717551 0.484504066081834 -0.012439905416401829 0.58572190618839837 0.12967874843443009 0.028145644710604104 0.46071027916075624 1.0696364699609573 0.058763388982094662 1.2052786821238282 0.72072515685145067 0.0071433941036081099
decision_type=10 8 8 10 10 10 8 10 8 10 10 2 10 10 10 10 10 10 10 10 8 10 10 10 10 10 8 8 2 8
left_child=1 2 14 -4 5 6 7 -3 -8 10 -2 13 -6 29 -1 24 -17 20 26 -20 23 22 -22 -11 -16 -25 -19 -28 -23 -12
right_child=9 4 3 -5 12 -7 8 -9 -10 17 11 -13 -14 -15 15 16 -18 18 19 -21 21 28 -24 25 -26 -27 27 -29 -30 -31
leaf_value=0.0008056597785781616 -0.011524074641283666 0.01366697200900133 0.026599221855068845 -0.0018270748087694023 0.0055401607723977991 -0.01269785441329405 -0.008089429801168618 -0.0088281443613685059 0.0037238668321709274 -0.0015234994490495167 0.019005590913156886 -0.013012773833070677 0.022011246058230207 -0.0014452124887638128 -0.022683391506651066 -0.013346654828970017 0.013685172701048421 -0.0040628146088279686 0.021114994377679983 -0.0014545488547449024 0.0042803970019762404 -0.00249543651089711 -0.0081015821883760747 -0.012299863805261334 -0.0040050041177063346 -0.0031752754799305657 -0.0040040452249406359 -0.01687987828451765 -0.01588657734276331 -0.0032455282414087213
leaf_weight=685.8890988494968 8.7501014971639943 43.884905246086419 8.1026637672912312 5.7027628626674405 24.410874458495528 9.5757140405476076 22.845290545839816 5.9429806587286285 124.78536290302873 322.67038146895356 24.415793805383149 3.4286075362469992 15.030093440320341 6.8971910276450208 13.080976469675081 2.8357889414764932 11.696910749655215 194.91695155657362 4.4243846165481981 12.078971187816931 155.29255147778895 83.727599789155647 14.427557411137967 31.233696665614843 9.8864677174715307 61.680272029945627 21.847686543362215 22.356050766422413 8.4506265530362707 2.3250558448489747
leaf_count=61069 433 2491 103 128 1772 153 703 160 7213 30221 729 133 532 286 514 85 522 16877 46 1542 8598 6644 1327 1628 699 5241 2312 1364 725 89
internal_value=-7.87855e-05 0.00175175 0.000714634 0.01515 0.00480492 0.00324599 0.00412897 0.0106925 0.00179493 -0.00192574 0.0055045 0.00995565 0.0124661 0.0128796 0.00040416 -0.00654287 0.00731802 -0.0023052 -0.00468122 0.00519359 -0.00139095 0.000591016 0.00313446 -0.00265607 -0.0155516 -0.00643998 -0.00541649 -0.0109552 -0.0039918 0.0167462
internal_weight=1962.59 983.67 737.195 13.8054 246.475 207.034 197.459 49.8279 147.631 978.923 45.8167 37.0666 39.441 33.638 723.389 37.5001 14.5327 933.107 255.624 16.5034 677.483 261.898 169.72 415.584 22.9674 92.914 239.121 44.2037 92.1782 26.7408
internal_count=154339 76144 63120 231 13024 10720 10567 2651 7916 78195 1670 1237 2304 1104 62889 1820 607 76525 22141 1588 54384 17294 9925 37090 1213 6869 20553 3676 7369 818
is_linear=0
shrinkage=0.025


Tree=2
num_leaves=31
num_cat=0
split_feature=46 58 54 48 76 48 26 11 66 2 30 50 37 49 23 43 22 15 33 50 23 69 21 4 17 52 47 50 38 49
split_gain=13.3868 8.88465 6.92052 7.48921 5.42938 5.75783 5.26887 4.66361 4.31257 4.02374 4.78747 3.82027 3.76565 3.6702 3.63979 3.57584 3.47548 3.16153 2.89755 2.88472 2.8671 2.60329 2.46507 2.24816 3.88683 2.16436 2.12762 1.96838 1.95809 1.92204
threshold=1.1576900096607923 0.78835933789197288 117.23465000000002 -0.33485288761720483 0.012806844896397137 -0.2619763581701034 0.0072646821619480988 0.040483974192790324 0.085805484224325254 0.19003318208448375 0.18191445294062339 0.15000064587930748 0.40932969169790484 -0.25511658120190644 0.17427921233912103 1.3729132243461384 -0.76864373653791096 0.93875869918984678 0.05103922746125051 -0.99134609835586185 -0.12925852371271682 -0.35647348892259051 90.873878429337552 0.1426372233144422 0.066442721910092498 0.13500000000000004 0.52576230174905192 0.54794307632057182 -0.92634178090487007 0.34225510228532308
decision_type=10 8 2 10 8 10 2 10 8 10 10 10 8 10 8 8 10 8 10 10 10 8 8 8 10 2 10 8 10 10
left_child=1 4 6 15 5 20 16 23 12 10 -8 18 28 22 -11 -4 -3 -9 -5 -14 -1 -13 -7 -6 -25 -10 -21 -15 -2 -18
right_child=8 2 3 11 7 13 9 17 25 14 -12 21 19 27 -16 -17 29 -19 -20 26 -22 -23 -24 24 -26 -27 -28 -29 -30 -31
leaf_value=-0.015077052171710102 0 -0.0068852373105660258 -0.031636698122089829 0.010768720393245442 -0.0020540291140048665 0.0099826156689482425 0.0033672544021401442 0.017518101220451426 0.0045481355248496716 0.025122115779684009 -0.007003986256807238 -0.013344343938720438 -0.01617425751879192 0.026554139898267611 0.0019746987627418848 -0.00090964138905485635 0.010716585806184708 -0.0011549293057719152 -0.0063659388342505027 0.011754811177584468 0.0098898630608143592 0.002958865052184215 -0.017433151979113711 0.0037014103328117131 -0.011401167739687704 -0.0057708190317366454 -0.009009728516605333 0.0016557675954375615 0.022283370034552195 0.028553323145743045
leaf_weight=6.4665254254359752 2.8979450983460993 3.0166050365660366 7.209838849026708 19.446400647284467 717.0961030080216 4.4274585833773061 548.47190330422018 12.473252927535212 11.568632812704889 8.8323487464804185 27.761015359428711 15.747715525561942 5.1056616378482422 12.195387837709852 9.082174487179147 4.1177020622417331 15.716760753421115 8.229389442829417 7.2768478807993224 7.5467459994833934 3.2102327318862098 7.9785148273222175 2.0241940370760858 89.447495606262237 10.731568556511773 314.63983043190092 3.3268439108505845 3.3032999511342522 7.1367804240435344 7.446740402840077
leaf_count=239 66 94 145 743 75988 233 21652 379 1816 135 920 582 152 320 114 137 479 1054 146 100 185 280 33 4107 343 43248 221 153 177 123
internal_value=-0.000178021 0.000817429 0.00295331 -0.00490691 -0.00085107 0.00909786 0.00375612 -0.00124797 -0.00457256 0.00323824 0.0028411 -0.000447748 0.00490682 0.0160096 0.0146401 -0.0222228 0.0145781 0.0100965 0.00576123 -0.00232599 -0.0059275 -0.0076826 0 -0.00155889 0.00189378 -0.00536663 0.00451653 0.0221969 0.0161101 0.0178826
internal_weight=1903.93 1551.71 682.105 61.777 869.605 31.6271 620.328 837.978 352.222 594.147 576.233 50.4495 26.014 21.9503 17.9145 11.3275 26.1801 20.7026 26.7232 15.9793 9.67676 23.7262 6.45165 817.275 100.179 326.208 10.8736 15.4987 10.0347 23.1635
internal_count=154364 108584 25550 2033 83034 1163 23517 81871 45780 22821 22572 1751 716 739 249 282 696 1433 889 473 424 862 266 80438 4450 45064 321 473 243 602
is_linear=0
shrinkage=0.025


Tree=3
num_leaves=31
num_cat=0
split_feature=69 4 67 76 4 25 50 11 4 42 46 28 74 61 28 28 28 58 12 16 65 18 25 16 12 56 28 11 20 52
split_gain=20.3797 14.3552 11.8406 8.74695 8.95801 7.55438 5.90537 5.86329 7.74256 5.97698 5.68475 5.60346 4.55489 4.29633 4.1957 4.1469 3.85707 3.55205 3.55143 7.13982 4.71797 4.2633 3.85382 3.34962 3.09628 3.0397 2.18081 2.99702 2.17977 2.12894
threshold=-0.11612645256373086 0.19146688136096715 -1.0153653852497648 0.012806844896397137 0.068836644661732796 0.92466757704529801 -0.22944780877640344 0.040483974192790324 0.096819947673224896 0.020825784896004718 1.1774361143401662 0.8248847225904935 0.78183781661103491 -0.024529965295926558 0.10438648218892468 0.23364493721316174 0.65933980712610485 0.78835933789197288 0.026635212491886426 -0.13926877016231315 1.5810443128117015 0.060400058736399982 1.1743726326056745 1.0476160613951222 0.014073893259356681 0.90589410546671123 0.44283415837502732 0.0092514453238137385 -0.0085501107789502494 0.52500000000000013
decision_type=10 10 10 8 10 10 10 10 8 10 10 10 8 10 10 8 10 8 10 10 10 10 10 10 10 8 10 8 2 2
left_child=1 3 6 4 11 -6 12 8 -5 16 17 15 24 -3 -10 -1 -9 -4 20 -20 21 -15 -21 -14 -2 28 27 -19 -8 -12
right_child=2 13 10 7 5 -7 25 9 14 -11 29 -13 23 18 -16 -17 -18 26 19 22 -22 -23 -24 -25 -26 -27 -28 -29 -30 -31
leaf_value=4.0402312966456025e-05 0.0096293250260183049 -0.0026650492557196257 -0.0043602794416718535 -0.003251757586524471 -0.017494944581329178 0.0097620852501086597 -0.0070685414210506954 0.0052359478177518969 0.010127055631452386 -0.011845076634180668 -0.010726973947624561 -0.0010250917902184665 0.00036004885129458579 0.014445962864994194 0.0009534944350144324 0.020547386813506957 0.02252565080729892 0.0069408419618755147 -0.0094106681668070201 0.022365584593985514 -0.011662737159331527 0.0050318432692844882 0.0052560983533317092 0.020423836553562322 -0.018291304420591719 -0.014148007743710346 0.0025691945372913203 -0.0059087450806527796 0.0088857319528823746 -0.0055111268386118673
leaf_weight=8.1553510052617622 3.6621920955367377 22.284723061835393 224.74694711912889 373.65932407963555 12.150541664566846 10.7164239003323 6.9696689872071209 22.407217197702266 33.578303462127224 6.1795792167540631 75.581731191836298 12.268707663286476 7.4320032289251676 41.67060901527293 336.72342063253745 38.979482464492321 14.127048089052549 12.864268762990831 5.8436173489317289 32.238869739579968 7.0914608750026664 126.21894619194791 13.796840511029584 26.067344878567383 3.65306689706631 7.9579890929162493 107.88859470933676 52.110637873178348 13.23391789360903 192.15228354372084
leaf_count=110 104 894 29241 47127 140 140 159 699 1199 111 12709 164 323 1015 12972 469 331 573 94 522 140 3156 287 320 102 163 6535 3904 310 30339
internal_value=3.01503e-05 0.00215843 -0.00319845 0.000628425 0.0083253 -0.00455969 0.00654073 -0.000178449 -0.000710641 0.00868624 -0.00422932 0.0134011 0.012509 0.0074361 0.00183555 0.0172435 0.012624 -0.00229383 0.00847003 0.0143261 0.00660547 0.00749874 0.0176605 0.0163551 -0.0040456 -0.00201144 0.000361298 -0.00317161 0.00294382 -0.00705275
internal_weight=1852.41 1118.09 734.321 868.945 82.2705 22.867 68.9762 786.675 743.961 42.7138 665.344 59.4035 40.8146 249.145 370.302 47.1348 36.5343 397.61 226.86 51.8793 174.981 167.89 46.0357 33.4993 7.31526 28.1616 172.864 64.9749 20.2036 267.734
internal_count=154352 69570 84782 63462 1023 280 1481 62439 61298 1141 83301 743 849 6108 14171 579 1030 40253 5214 903 4311 4171 809 643 206 632 11012 4477 469 43048
is_linear=0
shrinkage=0.025


Tree=4
num_leaves=31
num_cat=0
split_feature=16 64 35 44 67 46 4 32 72 56 12 21 12 41 4 56 71 68 66 42 64 68 54 14 68 52 55 81 39 4
split_gain=23.0237 16.2418 10.2291 12.2697 8.96517 5.02392 4.57029 4.35485 4.29837 5.26489 4.14842 3.908 3.80688 3.75126 3.31786 4.5636 3.85951 3.77151 3.45276 3.12959 3.00324 2.86665 2.82747 2.8079 2.31407 2.05032 1.92371 2.03038 1.67714 1.49469
threshold=1.1825524143674995 0.84348709791445753 0.064192576021805295 -0.62767066800748217 -1.1204262979049482 0.50675387626698598 0.39506112745364347 0.037577261432255822 0.99787007213174261 0.012806844896397137 0.021321769165451573 85.74418683984841 0.015032885805002479 -0.0035396756608616071 0.15891697627430582 0.0043243293783250597 0.2802856746652328 0.27604105610045204 0.21812477224044302 0.010962129281673403 0.55176058905008396 0.22419017763845353 120.14905 0.0079318406977609557 0.44723117645517213 2.7200000000000002 0.03000000000000003 1.0000000180025095e-35 0.0059730308891216008 0.1426372233144422
decision_type=10 10 8 8 10 10 10 10 10 10 10 10 8 10 10 10 10 10 10 10 10 10 2 8 10 2 2 2 10 10
left_child=1 2 3 7 13 8 11 -1 9 -3 -11 23 -13 -2 15 -7 24 -18 -17 29 -9 -8 -21 -4 -16 26 -6 28 -28 -5
right_child=4 5 6 19 25 14 21 20 -10 10 -12 12 -14 -15 16 18 17 -19 -20 22 -22 -23 -24 -25 -26 -27 27 -29 -30 -31
leaf_value=0.019893203789209349 -0.0033756299432003492 -0.0067398219926390933 0.002820935789762702 -0.0047605402833687622 0.010730801307616849 0.01678713560547548 0 0.00013433341935059834 -0.0064369773075218326 0.0022749282911743883 0.019651987533211554 0.012246521168450365 -0.0035619668699480738 0.018459604933353555 0.01940919698647069 0.013126237938754818 -0.0040073477355319024 0.0094223503165707725 -0.0042915213320056959 -0.00043802159950169159 0.011014197444015064 0.022254441628381388 0.020786982165368686 -0.00042590899987669231 0 0.0033391104278859781 -0.0026054485728291884 -0.01295396171644992 -0.0078831741970022077 0.0015979905859843655
leaf_weight=11.543857463169841 6.680576086975635 5.5126041630282989 358.44971587171312 416.72396924823988 2.2250487620476624 8.2067468087188882 4.6276333515997967 51.325336191570386 5.4624529995489857 11.848765730857847 51.924099991563708 38.474113833392039 11.047302600461988 11.469262324739248 20.9728446463123 6.8998085700441143 20.539983726572245 30.20254385098815 52.122818069299683 10.125437389127908 22.747762374347076 10.129881232045589 4.5625454452820113 302.91976166598033 4.7607619457412502 9.6110381400212628 54.759772326098755 43.461051531252451 187.97208041232079 22.072986955055967
leaf_count=283 99 127 13573 62504 372 159 113 2702 142 417 843 806 398 130 265 175 309 881 3927 1114 884 332 132 13846 305 1544 8675 7405 29910 1470
internal_value=9.15135e-06 0.00132004 0.000223909 -0.00237495 -0.00609837 0.00759612 0.00216572 0.00621235 0.0128779 0.0145908 0.0166405 0.00185337 0.00857124 0.010324 0.00471316 0.000517268 0.00824019 0.00387478 -0.00190985 -0.00402483 0.00369749 0.0154712 0.00675511 0.00132442 0.0160134 -0.00716094 -0.00754912 -0.00776155 -0.00674195 -0.00442015
internal_weight=1799.38 1483.2 1264.75 539.102 316.179 218.453 725.648 85.617 74.7479 69.2855 63.7729 710.891 49.5214 18.1498 143.706 67.2294 76.4761 50.7425 59.0226 453.485 74.0731 14.7575 14.688 661.369 25.7336 298.029 288.418 286.193 242.732 438.797
internal_count=153842 105707 98157 69089 48135 7550 29068 3869 1529 1387 1260 28623 1204 229 6021 4261 1760 1190 4102 65220 3586 445 1246 27419 570 47906 46362 45990 38585 63974
is_linear=0
shrinkage=0.025


Tree=5
num_leaves=31
num_cat=0
split_feature=68 12 67 4 21 20 10 79 26 49 77 48 12 12 61 64 79 52 52 61 64 16 51 51 48 24 44 4 43 52
split_gain=23.9593 25.26 19.384 13.0185 10.0471 5.63267 6.09726 5.55639 5.34202 4.90654 4.32326 3.93483 3.92651 5.38323 6.09636 3.96551 3.92107 3.64832 3.51937 3.51095 3.40479 3.30281 3.0113 3.69394 3.1092 2.94432 2.79797 2.54353 2.51648 2.46938
threshold=0.45908561049663854 0.025324225384607452 -0.98885187140129505 0.1464445816042779 93.226159853276371 0.20565032562151328 0.0093326098124166517 -0.26353406464044143 0.0062937571805014502 -2.733637147914588 -1.2589708883245441 0.11708936175642988 0.035539652476200896 0.037879804488164193 -2.1360658857514445 0.97860960120060769 2.4783237527490942 2.4750000000000005 1.4650000000000001 0.59427455668762363 0.76105282752935244 1.177834042573805 2.2250000000000005 1.1350000000000002 0.34881140589828363 -0.43631398297987461 6.0108614521966182 0.10075605945463452 1.2047318239317308 0.26500000000000007
decision_type=10 10 10 8 8 2 10 10 2 10 8 8 10 10 10 10 10 2 2 10 10 10 2 2 10 10 8 10 8 2
left_child=1 3 22 4 10 12 -7 -6 11 -8 20 -5 16 15 -15 -14 26 -11 25 -4 -1 -21 23 -2 -25 -10 -3 -24 -20 -12
right_child=2 5 19 8 7 6 9 -9 18 17 29 -13 13 14 -16 -17 -18 -19 28 21 -22 -23 27 24 -26 -27 -28 -29 -30 -31
leaf_value=0.0084490348616831981 -0.0052321029085432465 0.018965052091091995 -0.0071197941580094272 0.024259487199640443 -0.0022294320501668862 0.022271079630426155 0.022231665294223393 0.022059086831493237 -0.00082469131046632475 -0.0052693746923243943 -0.0093039841222163754 0.00027747874622726829 0.0048881976688329026 0.028462555127638997 0.0048472928036931359 -0.024277478336854334 -0.0016470240741026021 0.020134698562075278 0.010860638537406755 0.0010341575769321919 -0.0082921203209730694 -0.0065949999929235063 -0.0075286335794057663 0.019458105393486216 0.0013593644652256003 0.0039870174917714949 0.0015988387249938855 0.0073272793353201769 0.0033654085084524631 -0.0031406727758768989
leaf_weight=31.570158243179321 5.2322670852299771 75.426567502319813 380.91581793141086 11.85019945213571 8.1921973251737672 7.6227130214683703 4.1568353830371043 14.709733817959203 173.05652254354209 40.697706663515419 46.178444319637492 7.3607385876821381 4.8112453820649517 8.3270153291523439 30.979994324268773 4.2950663533993065 6.2644777179229996 2.5937786262948057 47.513923756079748 76.653352675493807 8.4199173846282047 62.286417379393242 10.430319911334665 26.569899229099974 8.9549276996403915 142.33992143813521 7.557423685444518 17.128209576942027 80.284619678044692 418.49249232141301
leaf_count=778 292 1539 61487 113 128 110 55 202 7604 1393 7496 114 157 65 870 43 111 45 917 6308 165 11342 274 509 239 3715 143 290 1852 45691
internal_value=-9.21128e-05 0.00195396 -0.00421471 0.000329454 -0.00234378 0.0102059 0.00317561 0.0133813 0.00339372 -0.000211657 -0.00310227 0.0159947 0.0129126 0.00666407 0.0107302 -0.00936535 0.0160858 -0.00307673 0.00278892 -0.00587033 0.00460321 -0.00235965 0.00815982 0.0124055 0.0152936 0.00133005 0.0175179 0.00136431 0.00628529 -0.00379166
internal_weight=1770.87 1182.7 588.171 989.969 527.563 192.733 55.071 22.9019 462.406 47.4483 504.661 19.2109 137.662 48.4133 39.307 9.10631 89.2485 43.2915 443.195 519.856 39.9901 138.94 68.3156 40.7571 35.5248 315.396 82.984 27.5585 127.799 464.671
internal_count=154047 73306 80741 68775 54460 4531 1603 330 14315 1493 54130 227 2928 1135 935 200 1793 1438 14088 79137 943 17650 1604 1040 748 11319 1682 564 2769 53187
is_linear=0
shrinkage=0.025


Tree=6
num_leaves=31
num_cat=0
split_feature=68 65 67 60 75 26 52 76 15 77 59 73 78 4 76 50 55 49 52 51 41 50 60 64 52 48 60 27 40 13
split_gain=25.8928 27.6561 20.2788 12.4915 9.09508 7.40224 7.04202 5.67578 6.16871 5.51962 5.49898 5.33291 4.66322 4.36927 4.27002 3.84475 3.54161 4.89654 3.4241 3.97841 3.31307 3.24446 3.10439 3.39941 3.10286 2.93167 2.92753 2.91855 2.75478 2.72019
threshold=0.49896048098825629 0.79937153976633835 -1.0153653852497648 0.81643519151379296 0.70644577830869248 0.0062937571805014502 0.69500000000000006 0.0043336995614652891 1.2001672783069803 -1.1100976832529073 0.40518238987333516 1.6283202990650725 0.045216579338667427 0.1464445816042779 0.053180611756515693 -2.794714572919514 1.0650000000000002 1.9566305884804198 0.44500000000000006 1.7650000000000003 -0.0024758159647466078 -1.0850407215496094 0.14040715040669091 0.078206700945719049 0.13500000000000004 0.2829028891386603 0.66700473292765394 0.015546188447251268 0.0033947393190157109 0.0015928814162650925
decision_type=10 8 10 8 8 2 2 8 10 10 10 8 10 10 8 10 2 10 2 2 10 10 10 10 2 10 8 10 10 10
left_child=1 3 12 9 16 -5 11 -8 -9 22 -11 -6 -2 14 -7 -15 17 28 24 -20 26 -13 -1 -24 -4 -21 -14 -18 -3 -22
right_child=2 4 18 5 6 13 7 8 -10 10 -12 21 20 15 -16 -17 27 -19 19 25 29 -23 23 -25 -26 -27 -28 -29 -30 -31
leaf_value=0.0147148940580836 -0.012150402447557652 0 0 0.018622301778483286 0.016817668603363974 0.011591227751922659 0.01495482767154128 -0.0079826482328893954 0.010647666175330812 -0.0055150001167342151 -0.00021098332004832192 -0.013479976304507597 0.011173908561082059 0.02408498809517047 -0.0019114117232181056 0.0043934890227904522 0.010229824922641524 -0.0049415419595361691 0.00084008179644146823 -0.004652465523901651 0.00069022947440174098 0.0086679524667807924 0.012444892826162301 -0.0014857779294164004 -0.012406936355117576 -0.010476685809519985 -0.0051989053932688205 -0.0064355557796080534 0.019589221867098865 0.019841566795023281
leaf_weight=12.9752748045139 4.7832873237784943 4.4857879835180929 15.778877045260741 18.534867058391683 32.463159838458523 15.140650371322407 10.588757450692354 49.49226989923045 12.834841102128847 273.15856411377899 225.89175233594142 6.2580617694184184 12.997372808633374 5.472010609926655 136.02449345297646 211.8992783667054 61.033978110412136 5.00614359229803 54.769718632567674 200.43374392716214 6.7489544926211265 7.9209039208944869 12.697263815673066 48.165362575324252 86.354333234368823 80.735548513010144 11.441099719842894 5.9602555604651561 73.440279594389722 24.888395132962614
leaf_count=326 111 112 2775 296 594 496 77 1130 334 42789 11423 109 264 69 12254 4420 1216 90 9367 32141 67 143 300 1675 15660 13871 243 98 1285 376
internal_value=0.000197059 0.00215041 -0.00459491 0.000152171 0.00920861 0.00362264 0.00391891 -0.000862453 -0.00389944 -0.00218226 -0.00313543 0.0113845 0.00875524 0.00278999 -0.000429129 0.00505302 0.0133126 0.0168939 -0.0064855 -0.00518922 0.0108866 -0.000908704 0.00410715 0.00148405 -0.0105669 -0.00638882 0.00333172 0.00855003 0.0184451 0.0161591
internal_weight=1728.38 1229.44 498.931 959.96 269.484 387.071 119.558 72.9159 62.3271 572.888 499.05 46.6421 60.8591 368.536 151.165 217.371 149.926 82.9322 438.072 335.939 56.0758 14.179 73.8379 60.8626 102.133 281.169 24.4385 66.9942 77.9261 31.6373
internal_count=154111 79236 74875 74048 5188 17535 2387 1541 1464 56513 54212 846 1061 17239 12750 4489 2801 1487 73814 55379 950 252 2301 1975 18435 46012 507 1314 1397 443
is_linear=0
shrinkage=0.025


Tree=7
num_leaves=31
num_cat=0
split_feature=69 66 4 31 68 26 4 77 56 60 47 73 47 37 58 52 51 50 48 9 45 4 9 48 60 78 52 39 60 51
split_gain=28.3657 20.2221 15.9164 12.6749 8.8806 7.46136 6.51799 6.99189 5.55135 4.70156 5.08374 4.2232 3.67061 3.53971 3.2924 3.19403 3.34432 3.02318 3.05769 4.55891 4.36952 2.77093 2.69794 2.69312 2.62349 2.25326 2.14342 2.11266 1.85579 1.80685
threshold=-0.11612645256373086 0.11782959906686863 0.20980790202131264 -0.13651989395836148 0.24838706693614407 0.0062937571805014502 0.1464445816042779 -1.1100976832529073 0.23642209495457395 0.012806844896397137 1.1590457868910591 1.7613330838999044 0.385157522843665 -0.12837775106926322 0.96319682362627157 0.44500000000000006 1.7150000000000001 2.3047702538701444 0.7160165587416697 0.38675983251765561 0.067792451713990662 0.068836644661732796 -0.28372556486100187 -0.14124922708973384 0.98578678738105852 0.22945545682387788 0.13500000000000004 -0.054272879783843035 0.10062247362235742 1.9150000000000003
decision_type=10 8 8 10 10 2 10 8 10 10 8 10 8 10 8 2 2 10 10 10 10 8 8 10 8 10 2 10 10 2
left_child=2 12 3 4 9 11 7 -7 -4 -1 -11 13 21 -5 15 26 -17 18 20 -20 -10 29 27 -18 -8 -23 -3 -6 -24 -2
right_child=1 14 8 5 22 6 24 -9 17 10 -12 -13 -14 -15 -16 16 23 -19 19 -21 -22 25 28 -25 -26 -27 -28 -29 -30 -31
leaf_value=0.02369884230831909 0.010372218791752558 -0.0019875651960769339 0.016916273689799689 -0.0011449906089355162 -0.0060577377914191217 0.0040234130754509658 0.0012849274784575567 -0.0045425589903098813 0.0052130852793287876 0.011887490916452076 -0.0082008106792810179 -0.01003128576619931 0 0.014051728298767916 -0.0014952238091247953 0.00010124280272561697 -0.0044540615862755963 0.018122792898194066 -0.011915860684827761 0.0075125582034488844 0.017719240695709331 0.018800927438545657 -0.011749717128794796 -0.0096547545419825315 0.011424031471213712 0.0063599982071537667 -0.013145389565050123 0.017770086455397956 0 -0.0065844416656762441
leaf_weight=19.443259131861851 5.3655055882409206 14.922666331054641 34.855218008859083 11.216623455751686 2.1455703075043857 69.491781308781356 205.50152508332394 358.31566281151026 194.07320524286479 52.26674236706458 7.9046518215909591 5.769959080265834 36.434724490856752 38.709520288510248 77.627687527798116 45.852305663283914 139.56389389047399 12.101302873343228 13.884559602476658 13.623468347592278 19.106936358381063 21.855038633337244 12.065821179421617 131.4583134544082 16.506361539009959 22.169031129451469 77.130927672493272 5.9578297110274416 21.188515193527564 8.5554474340751749
leaf_count=274 201 2746 517 616 136 2119 5753 48711 3785 2253 208 96 1985 928 7527 7733 23913 170 318 172 243 556 713 23433 246 718 15249 195 1964 567
internal_value=0.000163646 -0.00430502 0.00250257 0.000725877 0.00816435 -0.000550665 -0.00131844 -0.00312628 0.00755732 0.0129944 0.00901755 0.00811414 0.00618843 0.0105441 -0.00636608 -0.00726535 -0.00598285 0.00616353 0.00544432 -0.00212078 0.00646188 0.0100338 -0.0010617 -0.00703563 0.00212974 0.0130369 -0.0114659 0.0106873 -0.00441489 0
internal_weight=1695.06 580.936 1114.13 826.484 120.972 705.511 649.815 427.807 287.645 79.6147 60.1714 55.6961 94.3797 49.9261 486.556 408.928 316.875 252.789 240.688 27.508 213.18 57.945 41.3577 271.022 222.008 44.0241 92.0536 8.1034 33.2543 13.921
internal_count=154045 84628 69417 64212 5743 58469 56829 50830 5205 2735 2461 1640 4027 1544 80601 73074 55079 4688 4518 490 4028 2042 3008 47346 5999 1274 17995 331 2677 768
is_linear=0
shrinkage=0.025


Tree=8
num_leaves=31
num_cat=0
split_feature=69 65 66 76 4 9 40 51 4 48 45 51 17 29 60 59 33 51 75 53 59 53 53 16 47 4 28 39 54 54
split_gain=24.8695 30.1344 20.5002 9.94361 13.7174 4.98073 4.88712 5.26472 4.58252 5.23747 3.8379 3.49219 3.33665 3.21593 3.20066 5.47836 2.92369 2.70307 2.57519 2.53258 2.34612 2.28484 2.99606 2.21992 2.20338 2.19645 2.00132 1.56274 2.01867 1.86399
threshold=-0.11612645256373086 0.79937153976633835 0.13390025032307043 0.016859871196979796 0.1464445816042779 0.070920226208913931 0.018188372896679614 0.93500000000000016 0.06778003628827102 -0.38767623655359162 0.023518839668154795 2.2450000000000006 0.02094743537817623 -0.013126756540853711 0.029258130170071891 1.4376553431387582 0.0074858174394790708 2.5150000000000001 inf 40.45000000000001 0.87055341360192862 14.060000000000002 21.265000000000004 1.0557653045669173 0.41958146808603741 -0.17060909137260813 0.34764948888716135 0.011359555663341682 109.56700000000002 110.24160000000002
decision_type=10 8 10 8 8 8 10 2 10 10 10 2 10 10 8 10 10 2 8 2 10 2 2 8 8 10 10 10 2 2
left_child=1 3 13 8 -5 -6 7 10 9 -1 -3 20 -7 26 18 -16 23 -11 -9 25 -10 -18 -23 -15 -25 -4 -2 28 -27 -29
right_child=2 6 19 4 5 12 -8 14 11 17 -12 -13 -14 16 15 -17 21 -19 -20 -21 -22 22 -24 24 -26 27 -28 29 -30 -31
leaf_value=-0.0065939519584558518 -0.0092318672349295007 0.02734313424225961 -0.0018591774254250147 -0.0048311610238418621 -0.0084871626129381528 0.0058889237547860469 -0.011021657246116878 0.016743192195965678 -0.0017178508976091703 0.018105375324620355 0.003681584819070076 -0.014712802042010149 0.00067571306152738051 0 0.0033675845667416773 0.011231326157597114 -0.0026120384889807852 0.001768226640753123 0 -0.022004379841700575 0.019938870344971799 0.010747719828838542 -0.010062804528951683 0.020544369177475475 0.0048074522553294306 -0.0094658376228871303 0.0025829819123442642 -0.0039656229626043489 -0.0034650871482733167 -0.010216369549884924
leaf_weight=6.9841103630606076 13.177212824695742 15.494522032095121 55.964121737284586 375.37820710241795 24.441299843601882 135.19097785977647 6.4836918306536964 37.559498137328774 7.0495028926525283 36.019306594505906 7.3868360375054172 7.2038134902250013 184.87561213714071 7.788184680743143 138.09992518764921 97.734719565836713 23.961730033392087 9.2278633993118984 6.5192282106727353 6.4007840654812744 3.5801066251005977 25.197854824364189 3.8222729456610969 18.224670152878389 11.092499140417205 55.070238960674033 21.38156264834106 44.365934896050021 118.50650307489559 163.00228063540999
leaf_count=172 1151 166 7003 54217 1262 3196 96 443 195 418 80 158 4802 485 2906 984 1015 107 137 1408 76 866 235 478 652 9863 1271 8250 21581 30503
internal_value=-0.000243799 0.00194597 -0.00449025 -0.000637887 -0.00152617 0.00205754 0.00854669 0.00903223 0.00825567 0.011947 0.02058 -0.00223318 0.00291481 0.00439876 0.00797776 0.00669848 0.00687902 0.0150668 0.0142977 -0.00701158 0.00622493 0.00281377 0.00746782 0.0122179 0.0152591 -0.00671514 -0.00187089 -0.00740082 -0.00546376 -0.00894551
internal_weight=1667.19 1099.23 567.956 789.951 719.886 344.508 309.278 302.795 70.0647 52.2313 22.8814 17.8334 320.067 124.646 279.913 235.835 90.0872 45.2472 44.0787 443.31 10.6296 52.9819 29.0201 37.1054 29.3172 436.909 34.5588 380.945 173.577 207.368
internal_count=154176 69415 84761 64603 63477 9260 4812 4716 1126 697 246 429 7998 6153 4470 3890 3731 525 580 78608 271 2116 1101 1615 1130 77200 2422 70197 31444 38753
is_linear=0
shrinkage=0.025


Tree=9
num_leaves=31
num_cat=0
split_feature=68 12 67 26 58 77 21 60 49 49 42 40 24 13 46 16 64 26 52 44 49 49 13 19 54 58 47 40 52 54
split_gain=25.7614 28.3388 21.9139 9.0992 7.13466 6.27811 6.09966 6.33948 5.26416 5.19779 4.40165 3.77744 3.80765 3.75902 3.73319 3.5359 3.45553 3.3427 3.19439 3.09649 3.07856 3.04502 2.84685 2.7803 2.66769 2.63075 2.60065 3.86468 2.4866 2.45716
threshold=0.45908561049663854 0.021166156251801117 -0.9521767588848381 0.006842165806460381 0.86673713883016223 -1.3103193647291778 59.396169168527557 0.98578678738105852 0.37659803203096093 0.064509090126526517 0.0049324445182238391 0.0033947393190157109 0.88298925965439723 0.0052179397462143867 1.0036324169009516 0.045296600186699225 0.42507627463857883 0.025245122456306956 0.44500000000000006 0.2331694377985202 -0.20972715049678117 0.0095029614182586038 0.0027776542560684282 -0.10194300945117861 116.39175000000002 0.91354117830911086 0.27143401633156072 0.0062888505211551064 2.4950000000000006 114.89100000000001
decision_type=10 10 10 2 8 8 10 10 10 10 8 10 10 10 10 10 10 2 2 10 10 8 10 10 2 10 10 10 2 2
left_child=1 3 26 9 5 17 11 8 10 21 -8 -3 16 -10 20 -11 -13 -5 -4 -9 -6 22 -1 -14 29 -17 27 28 -2 -20
right_child=2 6 18 4 14 -7 7 19 13 15 -12 12 23 -15 -16 25 -18 -19 24 -21 -22 -23 -24 -25 -26 -27 -28 -29 -30 -31
leaf_value=-0.0018191595981037771 0.019678979761137555 -0.0089706914256833924 -0.010752908492467135 0.010226516630912357 0.0041529613347611139 -0.0042523476291667552 -0.01167904692548054 0.006481726349574269 0.024070347403341269 0.027304429496016205 0.001652285791373281 0.00093273109543159287 0.0087011260284233765 0.0039471609658349232 -0.013391889532950946 0.0011977159930903246 0.01414336425055604 -0.0099481496015273591 -0.0049928593652453657 0.025204201588371552 -0.00075362401365917323 -0.011124421241535273 0.012092330156693809 -0.0068228401576495359 0.00066770908943171664 0.022282454658885273 0.0017532663691822549 0.0012898117775127927 0 -0.010884713033136203
leaf_weight=15.587325611384584 24.417638546554375 4.4509678557515135 97.413222743198276 28.515041354810819 190.24314790358767 368.59733663429506 23.524510029470548 16.273564406437803 6.5595452468842259 10.793723651906477 38.729528297204524 14.942314743530003 17.107598242582757 31.901494299061596 8.704232717631383 13.372581113828348 157.46931228018366 4.838636470027267 237.80721821717452 9.9926674789749068 132.79266891139559 7.130338459275662 17.990544476779178 10.348595672287045 37.239233159227297 4.5196242085658005 34.148217168403789 17.697545678121969 4.864283360540866 59.259948399849236
leaf_count=384 363 75 19572 506 7120 51349 494 182 58 164 772 1068 380 1203 762 787 2592 106 41701 82 3585 162 930 457 6765 31 1054 450 112 10795
internal_value=0.000203642 0.00230979 -0.00443496 -0.00022197 -0.00105425 -0.00329578 0.0084481 0.00399832 0.00100229 0.00833968 -0.00339275 0.0111376 0.0116736 0.00819272 0.00164125 0.0163081 0.013056 0.00683887 -0.00668399 0.0146675 0.00211752 0.0022394 0.00557882 0.00254753 -0.00544178 0.00798237 0.00736514 0.0111433 0.0165674 -0.00623239
internal_weight=1647.23 1134.39 512.847 803.085 733.691 401.951 331.3 126.981 100.715 69.3941 62.254 204.319 199.868 38.461 331.74 28.6859 172.412 33.3537 431.72 26.2662 323.036 40.7082 33.5779 27.4562 334.306 17.8922 81.1277 46.9795 29.2819 297.067
internal_count=154061 73249 80812 65886 63428 51961 7363 2791 2527 2458 1266 4572 4497 1261 11467 982 3660 612 78833 264 10705 1476 1314 837 59261 818 1979 925 475 52496
is_linear=0
shrinkage=0.025


Tree=10
num_leaves=31
num_cat=0
split_feature=68 64 66 26 4 17 51 40 48 12 73 47 49 15 74 68 73 65 17 4 45 40 51 15 13 24 46 52 4 61
split_gain=26.0808 29.4758 17.2859 10.3792 6.52391 4.99536 5.25584 4.9436 4.6037 4.09101 3.79434 3.62905 3.24576 3.73683 3.21758 3.53091 3.44821 3.14653 3.00994 2.89109 2.79032 2.76875 2.85608 2.57969 2.51958 2.36142 2.35501 2.29504 2.12575 2.11486
threshold=0.4550188315669616 0.84348709791445753 0.13390025032307043 0.0062937571805014502 0.1426372233144422 0.043165854340963324 2.9250000000000003 0.0039147861200079506 0.30710515610771139 0.0069675574536995407 1.069508381597756 0.31085540154159308 0.24575170813420386 1.3353091062754729 0.081049799799799815 0.29989733059548257 -1.5430631095295744 1.9988914454482811 0.018142484336752477 -0.082738938011919491 0.0011521098140847392 0.0062888505211551064 1.675 1.0218802419495658 0.00261402822190876 -0.20599116054580033 0.067782785651641655 2.7200000000000002 0.10899337479530537 0.65634861373791942
decision_type=10 10 10 2 8 10 2 10 8 8 10 10 10 8 10 10 10 8 8 10 8 10 2 10 8 8 10 2 10 8
left_child=1 3 11 8 10 6 14 -7 9 -1 -5 21 13 -9 15 -3 -16 -14 29 -12 -8 22 -2 -24 -20 -11 -10 -4 -23 -6
right_child=2 5 27 4 18 7 20 12 26 25 19 -13 17 -15 16 -17 -18 -19 24 -21 -22 28 23 -25 -26 -27 -28 -29 -30 -31
leaf_value=-0.0037587098736312609 0.020549685579419222 0.0092064092455327144 -0.0075405329126566716 -0.00497216269381649 0.00044401857019154845 -0.012857277080528601 -0.011699413369739483 -0.0026671286664828649 -0.020748186135167768 0.0097985914170901842 0.013968489519482289 -0.0017313408983341445 0.016753476866747417 0.015558909132422831 0.0012078353390956667 -0.0044111598843995089 0.014145006067607225 -0.00057546064652195552 0.0077311386493885735 -0.00052606546558625676 0.0088641946479837419 -0.0079665641888183158 0.010347162950840847 -0.0048883814251935304 -0.0016331192004759188 0.023519893144576556 0.0028256691563213858 0.0018701501262928845 0.007041030227583624 0.0064529773445204976
leaf_weight=7.1668269203510127 13.529230218147857 45.320775444153696 382.01902747119311 290.29255342169199 71.495245708385482 9.5035473683383298 9.323331253603099 35.512946044094861 2.993716268334536 27.962136527290568 8.4850046040955913 39.007144771050662 20.055657399119809 7.4483299602288744 15.711332656210287 14.340599313378332 152.36159218708053 8.1742099840194005 18.293411816470325 69.96289994684048 5.3346025070641181 9.652359163155781 23.718237166991461 8.0465320232324284 207.38035586453043 15.134840326616539 5.3994603466708213 15.147446996066718 11.706093264278023 81.009620220633224
leaf_count=334 224 671 73969 44948 4069 160 156 555 76 736 354 2351 229 96 193 339 1952 84 522 7328 73 592 626 392 8209 270 235 2733 371 1563
internal_value=-3.104e-05 0.00207397 -0.00476461 -0.00047848 -0.0012881 0.00843954 0.0102409 0.00286629 0.00952485 0.0124066 -0.00365329 0.00414205 0.00524722 0.000659864 0.0111813 0.00578753 0.0129971 0.011662 0.00100255 0.00113435 -0.0036381 0.0076597 0.0110834 0.00622278 -0.000804105 0.0152932 -0.00634452 -0.00715824 0 0.00371019
internal_weight=1631.49 1128.66 502.826 805.576 746.919 323.087 242.392 80.6947 58.657 50.2638 368.74 105.66 71.1911 42.9613 227.734 59.6614 168.073 28.2299 378.179 78.4479 14.6579 66.6525 45.294 31.7648 225.674 43.097 8.39318 397.166 21.3585 152.505
internal_count=154410 73152 81258 68644 66993 4508 3384 1124 1651 1340 52630 4556 964 651 3155 1010 2145 313 14363 7682 229 2205 1242 1018 8731 1006 311 76702 963 5632
is_linear=0
shrinkage=0.025


Tree=11
num_leaves=31
num_cat=0
split_feature=68 12 66 4 76 60 51 30 32 47 4 76 44 46 47 37 52 15 4 56 48 49 69 51 2 42 77 50 52 19
split_gain=26.88 26.1247 19.2495 6.94608 11.3355 4.88017 4.8194 4.92607 4.68141 3.592 4.46871 4.87774 3.90322 3.41826 3.39794 3.07189 5.03923 2.91374 2.815 3.14728 3.10559 2.75285 2.48351 2.18426 2.15484 2.1372 2.05922 1.96329 1.93429 1.61217
threshold=0.44723117645517213 0.021166156251801117 0.13390025032307043 0.13185294531974825 0.02098638197417332 0.016931235890636762 1.7150000000000001 0.068214122933008117 0.097727125179907795 2.5176927481231526 0.25610359883110351 0.56216851140727375 0.44429395948933326 0.99980590511154555 0.27790513017243823 0.054036287928779708 1.3750000000000002 1.404157432021292 0.056942462704816073 0.61088287893102999 -0.15406221295284772 0.18561339046161673 -0.14282168168653631 1.3050000000000004 0.042986502635640307 0.012007857418139031 -1.1100976832529073 -0.15518716198099961 2.6800000000000002 0.12110987676062614
decision_type=10 10 10 8 10 8 2 8 10 10 10 10 10 10 10 10 2 10 10 10 10 10 10 2 10 10 10 8 2 8
left_child=1 3 14 4 8 15 17 13 21 10 11 -7 -12 -8 18 16 -3 29 -2 -20 -21 -1 -4 -6 -10 -9 -16 -19 -24 -5
right_child=2 5 22 6 23 9 7 25 24 -11 12 -13 -14 -15 26 -17 -18 27 19 20 -22 -23 28 -25 -26 -27 -28 -29 -30 -31
leaf_value=0.0057380661985849679 -0.002118006838565016 0.019661059091563425 0.0023156567161948076 0.0047322357568863223 -0.012184750434447215 0.0078820469566073977 0.0067638169613333746 -0.0012342821249530633 -0.0078813369216082993 -0.011167449130608706 0.0082126781587047431 0 0.019527539212288537 -0.014322978740244813 0.0081021416647816293 0.025951373986663136 -0.0023419555907473778 -0.0011811379257379965 -0.003187731199730533 0.017068299769860764 0.0021440678062323104 0.020213895939410344 -0.0078997017753343803 -0.0041294904051738975 0.0063846467636374873 0.008777613452814928 -0.0042600247970125153 0.019294192677735175 0.00043859389110673103 -0.006517804992579858
leaf_weight=23.637558932648972 11.980209976667537 12.731358339311557 15.005939775146542 7.4122690584044921 23.363518216414377 124.93548341514543 170.66278038080782 122.10114174126647 14.110699436860161 5.4849873869679859 86.383077885489911 79.06799494754523 27.301734527572989 3.6313691814430049 10.167997637996448 13.764080078341065 10.762523568468167 4.6790247061289847 7.5855113968718788 33.035837679868564 13.837347097927703 15.095166909741236 368.0512650605524 277.80852950876579 10.120952658355234 13.716785783297381 30.115338810253888 4.2720021756831539 16.33683608751744 63.57324778358452
leaf_count=395 729 94 1617 647 4452 3244 5593 4968 390 53 1079 2283 227 550 422 121 83 100 282 728 441 213 73113 43675 243 396 2112 123 2912 2915
internal_value=0.000159072 0.00233272 -0.00460736 -0.000306121 -0.00279316 0.00785781 0.00199797 0.00341938 0.00671743 0.00678201 0.00715629 0.00483031 0.0111708 0.00618681 0.00474293 0.0164915 0.00965379 -0.00339292 0.00817824 0.0105749 0.0129821 0.0120054 -0.0071313 -0.00482506 -0.00160778 -0.000100386 -0.000814761 0.0089778 -0.0075256 -0.00518004
internal_weight=1620.73 1114.62 506.116 754.185 364.136 360.431 390.049 310.112 62.9644 323.173 317.688 204.003 113.685 174.294 106.722 37.258 23.4939 79.9365 66.4389 54.4587 46.8732 38.7327 399.394 301.172 24.2317 135.818 40.2833 8.95103 384.388 70.9855
internal_count=154200 71844 82356 64660 49368 7184 15292 11507 1241 6886 6833 5527 1306 6143 4714 298 177 3785 2180 1451 1169 608 77642 48127 633 5364 2534 223 76025 3562
is_linear=0
shrinkage=0.025


Tree=12
num_leaves=31
num_cat=0
split_feature=68 64 67 26 4 76 60 4 3 77 24 30 9 65 80 76 4 50 61 54 62 66 55 20 0 60 27 26 54 61
split_gain=24.896 24.4998 17.5625 13.1067 8.37599 8.82388 4.18654 7.14785 5.40728 4.79392 4.37025 4.0688 3.71986 3.69696 3.04258 3.03192 3.1628 4.75247 2.65918 3.66512 2.57023 2.48254 2.38584 1.92842 2.59789 2.34965 1.97904 1.57002 1.28149 1.24787
threshold=0.44723117645517213 0.84348709791445753 -1.0153653852497648 0.0062937571805014502 0.1464445816042779 0.032874473143845249 0.016931235890636762 0.15036600021274396 -0.036725120054906683 0.86045038493324577 -0.2423269031284862 0.026761966195870238 0.18508649034151262 1.7621210817302921 1.0000000180025095e-35 0.012806844896397137 0.12376105302053543 0.12873203924601448 2.2046455762204746 108.19290000000001 0.68685814301680692 0.069592735277930667 0.13500000000000004 -0.07325845569495322 -0.00052778281253085247 0.43945774859728753 0.001826716764536026 0.010895241758979848 112.24695000000001 0.37494010601218425
decision_type=10 10 10 2 8 8 8 10 10 10 10 10 10 10 2 10 10 10 8 2 10 10 2 2 10 8 10 2 2 10
left_child=1 3 23 15 5 27 10 11 -9 -10 -3 13 -13 -8 -12 -1 29 -18 20 -20 -6 -4 -23 28 -25 -26 -27 -5 -2 -17
right_child=2 6 21 4 18 -7 7 8 9 -11 14 12 -14 -15 -16 16 17 -19 19 -21 -22 22 -24 24 25 26 -28 -29 -30 -31
leaf_value=0.017909525208177356 -0.012011228321107806 0.023398110315698772 0.0030021842891264226 -0.00317456368463747 0.0014012148526061576 -0.0059647339427599966 0.00081356123644504656 0.022386576230411057 0.005755483023983949 0.017623482279406594 -0.002364593421577786 0.00071127626835691682 -0.013558561566084676 0.014604574061242182 0.014372610427041447 -0.0050538690080543557 0.023080730713727345 -0.0018246474496526922 0.020454916018761801 0.0028801769446618456 -0.0049559971622664539 0.002851065150650658 -0.0072647842701376924 0.016374907256994083 0.015756798462445269 -0.0048238377051758353 0.0069846455828892475 0.006760205015633354 0.004524425600563692 0.00794294441608988
leaf_weight=22.563088395399973 4.1261964223813248 20.150212350534275 14.696415678597985 10.70839438587427 258.9976562258089 287.13299745321274 27.900619818363339 18.851088813971728 122.64960141968913 26.54292408330366 10.944705020170659 62.384383782511577 12.548745476640759 22.408441286999732 13.362443791236728 14.245231910143049 10.299189892131837 7.0346884643658987 8.7707878313958627 37.141568361781538 45.504255463951267 13.432527590775861 401.06398007040843 18.298078267835081 8.1534437683876586 15.553472113562746 17.111209173686802 45.652323458809406 4.7035949763376266 5.2061157359275958
leaf_count=248 111 177 888 423 10716 50115 688 124 1208 195 82 1342 282 239 124 1031 98 94 136 599 2220 2515 77655 369 179 293 330 1337 128 164
internal_value=-3.33514e-05 0.00207465 -0.00466839 -0.000426928 -0.00140754 -0.00418024 0.00765772 0.00647874 0.00984153 0.00804057 0.0148966 0.00185681 -0.00175597 0.00729903 0.00678567 0.0107153 0.00567877 0.0131049 0.00129406 0.00683222 0.000410945 -0.00654732 -0.00691164 0.00699935 0.0086418 0.00462804 0.00116881 0.0047155 -0.00296754 -0.000952711
internal_weight=1588.14 1091 497.139 753.256 693.908 343.494 337.743 293.286 168.044 149.193 44.4574 125.242 74.9331 50.3091 24.3071 59.3483 36.7852 17.3339 350.414 45.9124 304.502 429.193 414.497 67.946 59.1162 40.8181 32.6647 56.3607 8.82979 19.4513
internal_count=154110 71642 82468 67181 65546 51875 4461 4078 1527 1403 383 2551 1624 927 206 1635 1387 192 13671 735 12936 81058 80170 1410 1171 802 623 1760 239 1195
is_linear=0
shrinkage=0.025


Tree=13
num_leaves=31
num_cat=0
split_feature=68 64 66 60 44 60 43 15 47 38 12 67 4 20 2 53 47 53 69 37 4 39 69 38 78 52 4 67 52 11
split_gain=23.8272 22.6323 16.7953 8.07812 5.41564 5.34676 7.19893 4.38424 6.35691 8.466 6.44214 3.66647 3.70346 3.65886 4.58495 3.37793 3.21348 2.92454 2.82526 2.77133 2.62317 2.50204 2.49267 2.47879 2.7668 2.35005 2.10027 1.94636 1.77227 1.6692
threshold=0.45112844417778192 0.84348709791445753 0.13390025032307043 0.80846584546472566 -0.62767066800748217 0.016931235890636762 0.86222394077929698 1.0479738662874369 0.72762529383282815 0.23732131028358874 0.025324225384607452 -1.3977417673606696 0.1464445816042779 0.036696316272728763 0.11029412434708942 19.450000000000003 0.26528011299188298 20.970000000000002 -1.4698594176687514 -0.013290080951951364 -0.053066004276478999 0.021674186468108706 -0.99276335729766318 -0.51378505878981728 0.17907188946099201 2.7200000000000002 0.022788406895357664 -1.0993737240744612 1.3550000000000002 0.034799660155240691
decision_type=10 10 10 8 10 8 8 10 10 10 10 8 8 2 10 2 10 2 10 8 10 10 10 10 10 2 10 10 2 8
left_child=1 3 15 4 17 6 19 8 10 -10 -7 -5 -13 18 -15 16 23 26 -9 28 -19 -14 29 -2 -25 -4 -1 -18 -3 -6
right_child=2 5 25 11 22 7 -8 13 9 -11 -12 12 21 14 -16 -17 27 20 -20 -21 -22 -23 -24 24 -26 -27 -28 -29 -30 -31
leaf_value=0.011223626201832947 0.00066466888966969044 0.021304422119134955 -0.0072293225337085685 0.015034443979191101 -0.0015008361458340082 0.0014329488943477301 0 0 0.0086028852507910297 -0.008914710501251066 0.012339191353097585 -0.0032467390126719835 0.00131147725879514 -0.0029922026914561118 0.01806105748628057 -0.0073292040941551617 0.0072965388886758638 0.0053199662282770871 0.017202541785265747 0.031497606535270138 -0.016065337233854456 0.0063268592259241628 -0.0053455259461689664 0.019815994942751634 0.0061728559279744287 0.0021357460254643966 0.00081823101606575777 -0.0047467012360472996 0.0056585467038788896 0.011457906149006283
leaf_weight=27.639546255813912 16.683734593680128 10.958239587955179 365.47178888798226 13.352252966258675 108.17932173842564 65.795934526715428 14.441784724127499 6.7793648180086157 27.327835281379521 41.889231742592528 73.37186411395669 63.413662399747409 158.65217849193141 19.748116109985862 7.9780261849518856 11.999094797763972 12.237350770039479 5.1165314998943359 46.252082512946799 12.121456733439116 6.562005303334443 107.53089869674295 225.19858545227908 18.473936715861782 25.059261509450153 15.767297154758124 24.152330464450642 21.039358726004142 11.807497191010041 5.3163717121351501
leaf_count=955 487 77 74533 341 15478 1243 156 68 361 706 644 7767 6187 399 95 748 285 176 610 75 487 2905 31986 381 916 2736 1324 1811 96 154
internal_value=0.000212702 0.00228085 -0.00437042 -0.000147142 -0.00255695 0.00762957 0.0152894 0.00623914 0.0042224 -0.00186327 0.00729269 0.00265603 0.00207917 0.0112135 0.00330441 0.00437784 0.00603338 0.00403326 0.0150457 0.0212602 -0.00649107 0.00338491 -0.00382388 0.00942476 0.0125064 -0.0068169 0.00664118 -5.05823e-07 0.0141923 -0.000714904
internal_weight=1570.32 1083.59 486.732 745.114 402.165 338.471 49.329 289.142 208.385 69.2171 139.168 342.949 329.597 80.7576 27.7261 105.493 93.4936 63.4704 53.0314 34.8872 11.6785 266.183 338.694 60.2169 43.5332 381.239 51.7919 33.2767 22.7657 113.496
internal_count=154187 72290 81897 67760 50560 4530 404 4126 2954 1067 1887 17200 16859 1172 494 4628 3880 2942 678 248 663 9092 47618 1784 1297 77269 2279 2096 173 15632
is_linear=0
shrinkage=0.025


Tree=14
num_leaves=31
num_cat=0
split_feature=68 12 66 26 4 77 20 60 34 19 68 27 75 32 9 50 48 59 65 61 57 16 65 11 44 69 52 44 62 65
split_gain=23.2318 21.9803 16.865 7.09195 6.06525 7.08955 5.33859 5.01498 4.37679 3.85561 4.83087 4.62083 3.82152 4.49588 3.40903 3.1675 2.71543 3.07501 2.49835 2.19812 2.07701 2.0064 1.95731 1.92807 1.83361 1.83069 1.76801 1.54617 1.41067 1.37353
threshold=0.43925183222119596 0.021166156251801117 0.13390025032307043 0.0062937571805014502 0.1426372233144422 -1.2589708883245441 1.4883873245244834 0.025130917607431389 0.088451373379139456 0.27143604106555635 0.016931235890636762 -0.0045429226437858411 -0.47964968542882763 0.047048009466988401 0.24670140028549517 -1.6871244817054347 -0.12223585106679316 0.092392616915224116 0.37350254529160959 -0.040751123186453291 0.24643181705588904 0.5857637372382537 -0.42798145601889215 0.042593097406731416 -0.60332305739037273 -0.14282168168653631 2.6500000000000008 -0.27917291806618016 0.21435935198821798 0.66848391936028395
decision_type=10 10 10 2 8 10 2 8 8 10 10 10 10 10 8 8 10 10 10 8 10 10 8 8 8 10 2 8 10 10
left_child=1 3 16 8 5 18 7 12 14 10 -9 -11 13 -3 22 21 17 -2 -5 -17 -19 -6 -1 -8 -22 -4 -27 -14 -18 -7
right_child=2 6 25 4 15 29 23 9 -10 11 -12 -13 27 -15 -16 19 28 20 -20 -21 24 -23 -24 -25 -26 26 -28 -29 -30 -31
leaf_value=0.00090875169971731812 -0.0030989659939464342 -0.0065373937769023505 0.0003072337515708692 0.0091974216097133864 -0.018103912335166984 -0.0054915128598113927 -0.016326179692377346 0.013654007995526254 -0.015250773339531476 0 0.0029388658108799918 0.013933979428410119 0.027156422974755214 0.016375226308811164 0.018801264219549897 -0.0062175022960245675 0.0028723196912782334 -0.0023083726047899273 -0.0073523102887862769 0.0024841568604543418 0.0052441748941743612 -0.00080979267541930386 0.012882863572867432 0.0027652784595375217 0.016443151338354372 -0.0074606864813011268 0 0.012854300060412372 -0.005923933004138556 0.00057610079316278531
leaf_weight=27.574806466698647 11.957555564818902 9.0404310482554155 20.192617248045281 31.865645102458075 6.8291095615131807 254.04690170858521 6.7968522107694271 30.606121958000585 3.5081337881274512 19.277785896323621 182.33762800437398 68.857121710199863 14.67615071707405 9.638636003714053 17.021272996207699 17.794775540474802 30.773699874291196 5.9043493743520221 5.4406196500640354 286.79588756314479 19.804617571877316 11.103798930533229 12.42940533091314 4.1321514563169339 26.162818188779056 353.33174867811613 19.492769793840125 17.188944594934586 16.422013554023579 22.992697472218424
leaf_count=1117 721 79 2228 713 489 46645 240 347 64 200 4986 698 96 94 229 1448 1602 269 95 11015 462 258 233 166 713 73224 3405 136 1141 1162
internal_value=0.000181194 0.00228648 -0.0042261 -0.000301228 -0.00109385 -0.00356512 0.00726937 0.00782279 0.00777559 0.00650726 0.00458185 0.0109513 0.0151815 0.00518331 0.00960607 0.00129587 0.00430257 0.00761823 0.00643518 0.00192886 0.0102443 -0.00851004 0.005078 -0.0089301 0.0120334 -0.00666019 -0.00705738 0.0204148 -0.000104409 -0.00496067
internal_weight=1564 1059.95 504.042 697.403 636.869 314.346 362.552 351.623 60.5336 301.079 212.944 88.1349 50.5442 18.6791 57.0255 322.524 111.025 63.8293 37.3063 304.591 51.8718 17.9329 40.0042 10.929 45.9674 393.017 372.825 31.8651 47.1957 277.04
internal_count=154275 70510 83765 63468 61825 48615 7042 6636 1643 6231 5333 898 405 173 1579 13210 4908 2165 808 12463 1444 747 1350 406 1175 78857 76629 232 2743 47807
is_linear=0
shrinkage=0.025


Tree=15
num_leaves=31
num_cat=0
split_feature=68 12 62 22 77 77 8 39 24 1 19 14 55 12 32 2 14 8 22 24 51 39 65 73 47 77 58 69 39 55
split_gain=18.3509 15.4343 7.8421 5.91337 5.38283 4.7932 7.42687 4.97686 3.78829 4.44794 4.08471 3.91898 3.63439 5.02043 3.19712 3.17079 2.83114 2.78435 2.78075 2.75164 2.74099 2.669 2.56633 2.34916 2.6889 2.34652 2.34025 2.31461 2.10502 3.46984
threshold=0.44723117645517213 0.021166156251801117 0.18624398591561916 0.038325576449230798 -1.3103193647291778 -1.2589708883245441 0.1426372233144422 -0.013624658271896071 -0.47864347204454583 -0.014868177318761553 -0.18407380426930506 0.0052339318532854508 1.3900000000000003 0.037879804488164193 0.34250824491819148 0.003336553391814379 0.0082908263236771956 0.068836644661732796 1.0220331109094549 -0.20599116054580033 1.5050000000000001 0.0083654858716447639 0.37350254529160959 0.83791150895497368 0.13907406907453149 0.094741214902358373 0.83163258930988671 0.31187768878350297 0.011359555663341682 0.3650000000000001
decision_type=10 10 10 8 8 10 8 10 10 10 10 10 2 10 10 10 8 10 8 10 2 10 8 10 10 10 10 10 10 2
left_child=1 5 18 8 21 7 -7 16 14 11 -11 -10 13 -6 15 -3 -1 22 -2 -14 -8 -5 -9 28 26 -22 -25 -20 29 -4
right_child=2 3 23 4 12 6 20 17 9 10 -12 -13 19 -15 -16 -17 -18 -19 27 -21 25 -23 -24 24 -26 -27 -28 -29 -30 -31
leaf_value=0.0025766920311023804 -0.003292816080942246 0.014115274967848937 0.0019332184393296061 0.00063899498694723318 0.0054833551312928087 -0.0041363393923106303 -0.0061391709805505169 0.0158317133604691 -0.0070382925014372657 0.0095330341232463481 -0.006022890040031011 0.012134185744609276 0.00075492437715898918 -0.0055689332584647503 0.028664262289700471 -0.0046135104098737646 -0.014319728703312024 -0.0021654489147143511 0.0018363926784642605 -0.013471813602551733 0.00062221629295616419 0.021728380326615299 0.0041135134157774689 -0.0029672817146051411 -0.0051683997074003854 0.0056850703704335627 0.013472884225701642 0.013035894400891394 -0.0081531889838808817 -0.0062025202449456406
leaf_weight=12.286985877901317 27.129474268876947 33.91096466826275 41.849669389426708 6.379778195172551 117.30006297444925 297.3810146714095 26.094654006883502 28.843900945270434 6.0985563183203331 16.23158799437806 25.506490968400612 66.633736003888771 15.778498204192148 31.131028230069205 9.1607987536117417 5.4625485218130043 9.7415361362509412 11.194888350786639 32.431054697954096 14.905945444479583 203.3833990492858 12.092526575084774 24.415995911229402 7.8032415828201946 28.456853978335857 81.008836247725412 11.329327705316244 19.04880321258679 191.04798320971895 125.57764821359888
leaf_count=216 3148 697 7577 73 2366 49774 1653 441 64 185 560 1373 216 1013 95 129 161 283 1749 202 9293 159 370 831 4348 2213 630 737 38071 25280
internal_value=-0.000192652 0.0016522 -0.00421776 0.00584078 0.00285097 -0.000518569 -0.00131421 0.00492967 0.00937191 0.00665307 0 0.010337 0.00143121 0.00308912 0.0153184 0.0112725 -0.00492619 0.00844078 0.00291241 -0.00616786 0.00137026 0.0153093 0.0108065 -0.00562101 -0.000229301 0.00210845 0.00661948 0.0063254 -0.00631278 -0.00412517
internal_weight=1539.62 1054.94 484.674 360.593 197.588 694.351 607.868 86.4833 163.005 114.47 41.7381 72.7323 179.116 148.431 48.5343 39.3735 22.0285 64.4548 78.6093 30.6844 310.487 18.4723 53.2599 406.065 47.5894 284.392 19.1326 51.4799 358.475 167.427
internal_count=153907 71536 82371 7132 4029 64404 62933 1471 3103 2182 745 1437 3797 3379 921 826 377 1094 5634 418 13159 232 811 76737 5809 11506 1461 2486 70928 32857
is_linear=0
shrinkage=0.025


Tree=16
num_leaves=31
num_cat=0
split_feature=69 64 67 76 4 58 75 63 4 25 53 46 26 3 49 4 33 44 54 53 47 23 71 69 26 33 52 40 2 47
split_gain=18.7048 17.7931 13.5634 9.3176 7.39741 6.30459 5.42039 3.7076 5.04145 4.76512 4.54667 3.68005 3.521 3.41185 4.80084 4.00341 3.93549 3.37337 3.18211 3.12089 3.70015 3.08247 3.00629 2.77461 2.76772 2.62545 2.80647 2.29977 1.97956 1.96074
threshold=-0.26258763627795245 0.84348709791445753 -1.0153653852497648 0.045216579338667427 0.14460477417977394 0.84348709791445753 0.40283368308780704 0.63525925019845075 0.14835887697668174 0.87146511494475332 14.145000000000001 0.91442005928152681 0.0065814141676959021 0.1279501848208783 1.3919434679899199 0.24923942405076008 0.015942570584654873 -0.78320037612618421 115.9997 19.355000000000004 0.31085540154159308 -0.62461439439793209 -0.59145809517051617 0.26331796274812974 0.0062937571805014502 -0.0037120478263331642 1.3250000000000004 0.0050216824264054652 0.048934809228026739 0.42667202604964044
decision_type=10 8 10 8 10 8 8 8 10 8 2 8 2 10 10 10 10 8 2 2 8 10 10 10 2 10 2 10 10 10
left_child=1 3 19 25 24 -4 13 8 17 10 -9 29 -6 14 15 -3 -15 -8 -11 20 23 -10 -14 28 -5 26 -1 -27 -2 -7
right_child=2 6 5 4 12 11 7 9 21 18 -12 -13 22 16 -16 -17 -18 -19 -20 -21 -22 -23 -24 -25 -26 27 -28 -29 -30 -31
leaf_value=0.017845596233660676 0.0099658816783713966 0.01031098441850711 -0.0064121369456273392 0.0030726707216040938 0.012955634297775135 0.0098466001226269733 0.012189499266731213 -0.0041984048950506406 0.002690976778293008 -0.0024479347435637814 0.011608642831611763 -0.0027193541957842107 0.0097215703659791659 -0.012136501311410851 -0.0027806868753640309 0.021606840124592599 0.008709040809894715 -0.0031134487230961138 -0.020422847967101119 -0.0061603685103179019 0 0.019043189167313814 -0.00022262133457310779 0.018627077268857511 -0.0054240125126384592 -0.0064068558176741675 0 0.0059615453886280815 -0.0047207191765114035 -0.00086716777901181617
leaf_weight=20.818784529808912 16.862622375367213 110.6715159274172 380.13316028600093 24.763233441160992 14.721415656153111 26.111969536403194 11.344979221932588 17.233073735842481 12.240697982721029 31.21855511283502 27.270541926613078 120.65746371157002 19.705800246680155 7.9955377925653037 12.374108996940775 27.138299563899636 13.410375213250516 29.819013972533867 7.0784751921892157 9.4203657417092455 24.027102252934128 24.468215215019882 195.59977257531136 22.076508664526045 231.64760538726114 9.8079454819671792 8.1747127033304405 52.49692839756608 6.7538015292957416 15.258465517312287
leaf_count=546 388 1467 73564 1157 159 1096 123 305 114 504 327 16434 543 100 133 175 157 635 101 507 761 230 7085 207 43924 415 260 1557 130 915
internal_value=0.000100603 0.00238724 -0.00323465 -0.000253834 -0.00164568 -0.00465506 0.00698638 0.00357378 0.00744647 -3.34962e-05 0.00537408 -0.000469992 0.00158155 0.0100915 0.0114151 0.0127567 0.000360114 0.00115289 -0.00647969 0.00632685 0.00819553 0.0140461 0.000701716 0.0122841 -0.00456383 0.00700597 0.0131966 0.00381215 0.00543843 0.00580586
internal_weight=1531.3 910 621.301 577.736 486.438 542.161 332.263 160.674 77.8729 82.8006 44.5036 162.028 230.027 171.59 150.184 137.81 21.4059 41.164 38.297 79.1404 69.72 36.7089 215.306 45.6929 256.411 91.2984 28.9935 62.3049 23.6164 41.3704
internal_count=154019 60017 94002 55646 52868 92009 4371 2339 1102 1237 632 18445 7787 2032 1775 1642 257 758 605 1993 1486 344 7628 725 45081 2778 806 1972 518 2011
is_linear=0
shrinkage=0.025


Tree=17
num_leaves=31
num_cat=0
split_feature=16 65 66 60 33 69 31 25 35 65 54 23 25 64 33 69 41 74 65 63 0 22 44 31 40 15 60 27 29 69
split_gain=17.4913 11.0644 7.15972 8.29496 5.71981 5.12556 4.48261 4.24094 5.13708 3.51284 3.52134 3.30716 3.26952 8.32559 4.15356 3.2379 3.19726 3.19296 4.06909 4.17218 3.12627 3.02956 2.80284 2.77921 2.75394 2.65773 2.61081 2.54761 3.35865 2.42659
threshold=0.78298113094037725 0.18014367797957601 0.085805484224325254 0.97486908239256875 0.0077200832129226135 -0.098515025720887509 -0.18149108993232685 0.32350888494154906 0.10938057576154382 0.73112532616630532 111.75780000000002 -0.57733076347097578 1.0571484421254074 0.98960494467496563 0.033928241868625038 0.36230146915816852 -0.075200782978697076 0.51728119773831349 1.4788916931456588 2.8403290373287375 -0.025899285888796138 1.4230653881887481 -0.52215662518849837 -0.0045169616543193061 0.0118705075089792 1.205855527772232 0.75767106336809464 0.013324140069627165 -0.013361209532318284 0.060240745447015256
decision_type=10 8 10 10 8 10 8 10 8 10 2 10 10 10 10 10 10 8 8 10 10 8 8 8 10 10 8 8 8 10
left_child=1 6 15 5 17 9 -1 16 22 26 -11 27 13 -13 -14 -2 -8 18 20 -20 -3 -19 -9 -18 -10 -17 -4 28 -6 -5
right_child=2 4 3 29 11 -7 7 8 24 10 -12 12 14 -15 -16 25 23 21 19 -21 -22 -23 -24 -25 -26 -27 -28 -29 -30 -31
leaf_value=0.016920334363528231 0.00031249583735671086 -0.013100005335620432 -0.0059269817766131189 0.012328436991740872 0.0059029388952854317 -0.0062487177518118263 0 0.0015125875835622189 0.0037657620369554176 -0.0031990086922512508 0.0080988639153929676 0.013059234999861148 -0.0096648417216234836 -0.016082036255327174 0.0052567443431286859 0.012823587964194604 0.01775074312240189 0.0071452343105425841 0.022127767195200643 0.004357646262817586 0.0083625424141268775 -0.0074023291864584659 -0.0052004926120631234 0 -0.0046583925191613597 -0.0046595623472543849 0.00023535154424283121 -0.021558228886806974 -0.0087694403773202045 -0.00084388052036597739
leaf_weight=8.4804007988423091 80.922818952705711 3.582359370077028 101.17406402551569 23.613464010879397 17.977580931736156 357.73392123822123 22.821545810555108 47.690611304016784 129.79983482847456 28.09776949393563 39.051778665045276 42.729357369826175 16.845333581324667 5.8612013796810052 31.744831430027261 27.090672536287457 17.472946177469566 114.18483467912301 33.77451986190863 13.208240092964841 29.708694373723119 8.2396534038707596 169.49168421735521 6.9093770151957896 27.98644682392478 5.3594764762092373 70.001080107176676 3.3648515348322681 18.278577676508576 11.701859501772558
leaf_count=499 3927 87 16182 506 367 74137 1535 3559 6429 641 782 839 394 49 614 633 484 2264 289 121 916 188 29371 119 1461 230 4933 47 422 2252
internal_value=0.000123447 0.00276769 -0.002601 -0.00364478 0.00613436 -0.00435426 8.65808e-05 -0.000280853 -0.00119329 -0.00146224 0.00328853 0.00208606 0.00458832 0.00909058 0 0.00312366 0.00666211 0.00880143 0.0127651 0.0175207 0.00546015 0.00604311 -0.00369183 0.0127314 0.00220052 0.00964999 -0.00337933 -0.00382211 -0.00133789 0.00787405
internal_weight=1514.9 770.153 744.747 631.374 339.5 596.059 430.653 422.172 374.969 238.325 67.1495 136.802 97.1807 48.5906 48.5902 113.373 47.2039 202.698 80.2738 46.9828 33.2911 122.424 217.182 24.3823 157.786 32.4501 171.175 39.621 36.2562 35.3153
internal_count=154277 50054 104223 99433 6597 96675 43457 42958 40820 22538 1423 2732 1896 888 1008 4790 2138 3865 1413 410 1003 2452 32930 603 7890 863 21115 836 789 2758
is_linear=0
shrinkage=0.025


Tree=18
num_leaves=31
num_cat=0
split_feature=68 65 13 26 4 77 33 72 46 77 48 20 31 13 60 52 77 47 26 54 78 78 15 14 25 53 19 54 51 52
split_gain=21.9803 19.6652 10.0198 8.65799 4.68964 7.30452 3.8511 3.98428 3.80025 8.72855 3.58085 3.55448 3.46219 3.36628 3.00334 2.90613 2.84727 2.55533 2.45832 2.0874 2.00618 1.80983 1.79889 1.71589 1.64635 1.63655 1.59411 1.58156 2.52305 2.80625
threshold=0.45112844417778192 0.79937153976633835 0.0037170797408896199 0.0062937571805014502 0.1464445816042779 -0.99023838438995471 -0.04161684502264789 0.029197112038970078 0.50675387626698598 0.21199873519963244 0.30710515610771139 -1.3353329844651514 -0.076092651091714023 0.014098863522832987 0.76155482583902701 2.7200000000000002 1.0679892990415156 0.30434305091268549 0.035999405137661256 112.01475000000001 0.64799064522043215 0.22084611451942743 0.96452795352647092 0.009565548584402379 0.96102220477708034 12.135000000000003 -0.20458320450939191 118.49095000000001 1.7300000000000002 0.72500000000000009
decision_type=10 8 10 2 8 8 8 10 10 10 8 2 10 8 10 2 10 10 2 2 10 10 10 8 10 2 8 2 2 2
left_child=1 3 17 10 5 12 11 16 14 -10 20 -3 -5 -13 -9 27 -8 21 19 -6 24 -2 -20 -15 -1 -19 -7 28 29 -4
right_child=2 6 15 4 18 26 7 8 9 -11 -12 13 -14 23 -16 -17 -18 25 22 -21 -22 -23 -24 -25 -26 -27 -28 -29 -30 -31
leaf_value=0.0090976217244877668 0.011316279428990675 -0.0018501713489805791 -0.0048250528168554963 0.010672446062373511 0.0024270352463810455 0.0057700037266422335 -0.018206971211390581 0.012804277413715882 -6.0116580756947603e-05 0.012332787650374911 -0.0047189493383859409 0.0032331951466051225 -0.00031567692864744684 0.005910216591483013 0.0043200579815770189 0.0038394874692545423 0.0041861840438603398 -0.0093494724563329933 0.012659907940562083 -0.001928345147979656 0.018025789414016721 0.0014589956853201542 -0.00048352808471607671 0.020991872733264815 -0.0049588824884329308 0.0020009537706815856 -0.0055474077283111899 -0.013813563685933505 -0.0075109782455882873 0.0048009621697439903
leaf_weight=29.334171205991879 26.783970596734434 8.1228390617761743 85.519491555052809 26.45216176728718 145.99345464806538 6.4504830765072256 6.2239913458470237 74.362080785213038 115.44160394906066 49.350885984953493 9.2065824200399202 14.136639305856077 47.218512207502499 8.5642997398972494 47.441118168178946 16.118171928916126 5.2846987680532038 10.816424963762985 17.479210386984054 126.85091689857654 18.075395175721496 24.001703385962173 8.2289440924068895 33.294420196209103 4.7396942174527785 20.606856123078614 248.24164578539785 18.692007145262323 234.94306869374122 22.449121796991676
leaf_count=741 678 88 17112 895 7434 605 113 903 1826 659 294 201 2720 90 440 2731 60 1540 605 4992 359 1232 384 297 196 1597 48382 4550 48187 4297
internal_value=0.000236319 0.00223623 -0.00430921 -0.000236941 -0.00113044 -0.00319296 0.0069415 0.00565828 0.0062599 0.00366837 0.00861918 0.0125792 0.00363736 0.0147984 0.00963512 -0.00603512 -0.00790973 0.00350359 0.00111671 0.000375185 0.0111677 0.00694314 0.00834015 0.0183311 0.00682755 -0.00187635 -0.00520575 -0.00650719 -0.00604034 -0.00272411
internal_weight=1510.42 1050.49 459.931 688.271 626.915 328.363 362.223 298.104 286.596 164.792 61.3558 64.1182 73.6707 55.9954 121.803 377.722 11.5087 82.209 298.553 272.844 52.1493 50.7857 25.7082 41.8587 34.0739 31.4233 254.692 361.604 342.912 107.969
internal_count=154208 72284 81924 67607 66017 52602 4677 4001 3828 2485 1590 676 3615 588 1343 76877 173 5047 13415 12426 1296 1910 989 387 937 3137 48987 74146 69596 21409
is_linear=0
shrinkage=0.025


Tree=19
num_leaves=31
num_cat=0
split_feature=68 65 66 54 21 31 27 53 26 32 48 56 78 46 58 54 67 58 53 33 54 52 52 39 54 31 53 35 68 41
split_gain=18.163 16.113 9.94197 4.65684 4.3485 3.79624 4.52467 5.32666 3.78216 4.06804 3.42432 3.42089 3.07137 2.78276 3.20001 2.67423 2.39894 3.00367 2.29382 1.93545 2.6858 1.93006 2.52404 2.29249 2.60268 1.88018 1.5779 1.56664 1.53735 1.47877
threshold=0.42734115727608141 0.77651816251249084 0.12579286854139013 117.43920000000001 56.862676189162642 -0.28321158375688088 -1.0000000180025095e-35 21.265000000000004 0.0062937571805014502 0.57592102259841726 0.19124696898405638 0.90986224705554208 0.48839533320572803 0.74237018603644367 0.84348709791445753 114.62540000000003 -0.69985672602235238 0.33543640368335864 19.270000000000003 0.0072395543754676392 115.89180000000002 0.44500000000000006 0.13500000000000004 0.011359555663341682 109.56700000000002 -0.012856194987458656 16.775000000000002 -0.0039346612329848587 0.5313491238692537 -0.02182976198692221
decision_type=10 8 10 2 8 8 10 2 2 10 8 10 8 10 8 2 8 10 2 10 2 2 2 8 2 10 2 8 10 10
left_child=1 8 18 5 -5 15 7 -7 10 13 16 -8 -12 14 -10 -3 17 -1 19 20 28 22 -4 24 26 -21 -23 -18 -2 -26
right_child=2 3 21 4 -6 6 11 -9 9 -11 12 -13 -14 -15 -16 -17 27 -19 -20 25 -22 23 -24 -25 29 -27 -28 -29 -30 -31
leaf_value=0.015458176549489692 0.00031069521093389897 0.018860692810370835 0 0.02526016111612053 0.0009623329585023247 -0.0016467673674596867 0.0089114233911599967 0.010803589840034756 -0.0021785824810845746 0.014906886118661722 0.0057637422938132078 0.00041379656906439827 -0.01663257028084111 -0.0040924766970309636 0.0022016963152485121 0.003251497836253555 0.0010648074665864967 -0.0018702135134989321 -0.0077579632985495667 -0.011123375692420813 -0.0075608135683153362 -0.0027751609850487913 -0.010719986254841513 -0.0068009432790634974 -0.0026832828063070796 0.0027557093415894311 -0.01293519865547562 0.018420077862421367 0.013223664057426374 0.003277247016756862
leaf_weight=7.4255775508936521 8.7139586638659221 20.439470833400264 15.246101656695826 13.737222135532649 7.7540442771278313 104.78393028955907 136.22610955149867 25.615584657527506 233.39297830522992 8.5686985924839956 6.1924586906097803 40.293872682610527 6.3484859914751732 161.53537800139748 185.82947527593933 12.806864975020288 5.3803932603914291 20.063487354898825 9.490057834889738 5.7891033338382831 4.5597108611837021 25.831581753911451 78.335794673650526 152.78691497934051 59.283770659938455 43.354568239301443 17.890779231442139 15.824974762275817 28.639649876626208 44.333149219863117
leaf_count=135 663 154 3110 128 111 1533 1720 264 35346 166 194 592 219 18176 8991 98 286 484 787 355 241 5357 17326 31587 11159 1532 3526 249 1123 8877
internal_value=1.19285e-05 0.00193472 -0.0039059 0.00615702 0.0173385 0.00537015 0.0044285 0.000818192 -0.000408023 -0.00103665 0.00542536 0.00702978 -0.00549034 -0.00131502 -0.000218347 0.0133883 0.00845138 0.00300004 0.00303425 0.0043266 0.00821374 -0.00570114 -0.00893248 -0.00463713 -0.002306 0.000745615 -0.00733399 0.0146442 0.0105093 -5.31563e-05
internal_weight=1506.47 1012.22 494.255 361.657 21.4913 340.166 306.919 130.4 650.562 589.327 61.2354 176.52 12.5409 580.758 419.222 33.2463 48.6944 27.4891 100.547 91.057 41.9133 393.708 93.5819 300.126 147.339 49.1437 43.7224 21.2054 37.3536 103.617
internal_count=154489 68846 85643 4600 239 4361 4109 1797 64246 62679 1567 2312 413 62513 44337 252 1154 619 4701 3914 2027 80942 20436 60506 28919 1887 8883 535 1786 20036
is_linear=0
shrinkage=0.025


Tree=20
num_leaves=31
num_cat=0
split_feature=68 65 26 66 68 12 52 67 55 4 15 47 40 79 75 72 31 48 32 10 75 64 52 38 25 44 11 54 54 76
split_gain=16.1742 8.56516 6.72657 5.7682 10.3459 6.80971 5.31896 4.12151 6.35845 3.96869 3.45496 3.27919 4.57064 3.23601 3.16037 3.15152 5.20901 4.61596 3.82411 3.03237 2.76668 2.74132 2.23685 2.20689 2.16675 2.21676 2.38428 1.82793 2.28549 1.77466
threshold=0.14841379599363005 0.21278089326415586 0.0065814141676959021 0.081780298645676597 0.4550188315669616 0.02424037662239507 2.5950000000000002 0.21758397354709599 1.2250000000000003 0.13185294531974825 0.83414658773531125 0.24662533295979763 0.0061712831106838948 1.2449382842065935 -0.12061529490958463 0.056876337184424482 -0.13283375891148894 -0.94748654439576485 0.27731070049575463 0.018531508049124002 -1.2174115635211509 0.15822142912162687 2.6500000000000008 -0.87697676064456165 0.67701797965172583 -0.30896540963748831 0.0097415677671231979 118.49095000000001 116.39950000000002 0.029197112038970078
decision_type=10 8 2 8 10 10 2 10 2 10 10 10 10 10 10 10 8 10 10 10 10 10 2 10 10 10 8 2 2 8
left_child=1 2 24 11 5 9 15 10 -9 -5 -7 12 21 -11 -8 17 20 -3 -18 29 -17 -2 27 -23 25 26 -1 28 -6 -4
right_child=3 6 19 4 22 7 14 8 -10 13 -12 -13 -14 -15 -16 16 18 -19 -20 -21 -22 23 -24 -25 -26 -27 -28 -29 -30 -31
leaf_value=0.01240525484321587 0 0.010702244050949562 0.0041379693535751917 -0.0041999210433108893 -0.0063086976190117883 0.0056347713319795881 -0.019252428638238755 0.012313094804118359 -0.0031233102852034969 -0.00045543863117055491 -0.0075750130731764356 -0.001786090132410742 -0.00048677284907947964 0.0091757693528347235 0.0050866798775283141 0.0047693157935581919 0.0028765113864552233 -0.015679879088172363 0.011848502441540665 0.0067140301956036125 0.019405400462128242 -0.0015854590458228594 0.0023050729016934608 0.016049099689006668 -0.00017205031566754124 0.023167491489537943 -0.0045687765920874625 -0.014024893530642455 0.00038479176254696583 -0.0030274805696340772
leaf_weight=15.880687368568035 12.059410804184152 7.0034554617013782 22.946973479352891 205.31809706264175 300.35791997390334 22.912332881009206 5.9970381930470467 59.797131163533777 21.417064182227477 148.45869630412199 23.87837791047059 54.649873123737052 37.952655092347413 24.133103966945782 4.7721073937136662 13.042864704038946 77.376857392722741 7.0119603776838613 51.507570264395326 26.615052213193849 40.28797321091406 3.9779872142244121 18.936599508160725 33.747933909995481 8.6251588640734536 9.2845914561767149 5.9003042015247038 17.941694980487227 33.161814183928072 165.43939868896268
leaf_count=175 912 100 599 31041 63976 524 127 882 283 6049 1382 3131 2362 660 70 170 1583 103 519 1928 450 117 3309 853 374 216 116 4545 6951 20471
internal_value=2.35612e-05 0.00390423 0.000792657 -0.00173039 -0.00249342 -0.000151342 0.00767005 0.00478946 0.00816514 -0.00185453 -0.000971054 0.00289493 0.00587972 0.000902174 -0.00841182 0.00863637 0.00951967 -0.00219956 0.00659597 -0.000938139 0.0161472 0.0107774 -0.00566138 0.0140054 0.010104 0.0130899 0.0074823 -0.00611826 -0.00562176 -0.00209444
internal_weight=1480.39 461.692 254.692 1018.7 876.313 505.915 207 128.005 81.2142 377.91 46.7907 142.388 87.738 172.592 10.7691 196.231 182.215 14.0154 128.884 215.001 53.3308 49.7853 370.398 37.7259 39.6907 31.0656 21.781 351.461 333.52 188.386
internal_count=153978 27001 23879 126977 119602 40821 3122 3071 1165 37750 1906 7375 4244 6709 197 2925 2722 203 2102 22998 620 1882 78781 970 881 507 291 75472 70927 21070
is_linear=0
shrinkage=0.025


Tree=21
num_leaves=31
num_cat=0
split_feature=69 58 61 19 76 9 26 12 56 64 47 51 35 78 9 4 14 50 67 50 5 11 52 76 32 79 19 65 26 38
split_gain=16.3818 7.15293 9.11557 6.83186 5.6493 5.62461 4.95751 7.09148 3.67732 3.34292 5.20787 3.26611 3.2589 3.2734 3.25367 2.99089 2.93662 2.83786 5.08996 2.83151 2.91087 3.23138 2.78047 2.74008 2.6555 2.267 2.33669 2.22188 2.35972 2.13777
threshold=-1.0261763204838019 0.81210179594818233 -2.3446244291868226 -0.055039455456144852 0.084993781588208847 0.53260261597366254 0.0062937571805014502 0.026261173496707157 0.23245983486447833 0.98960494467496563 0.35198454466226969 0.66500000000000015 0.10569949966262539 0.15828059071729961 -0.0073864193347152876 0.227336839966405 0.011564324646971132 -0.60560812459839897 -0.9521767588848381 -0.93385622600293716 -0.12604589715496869 0.023326626494487492 0.59500000000000008 0.172669734036584 0.15596026609149274 -2.6499691892466273 -0.26686442557139234 1.3049274862867839 0.050703668687339436 -0.29178664209102861
decision_type=10 10 8 8 10 10 2 8 10 8 10 2 8 10 8 10 10 10 10 10 10 10 2 10 10 10 10 10 2 10
left_child=3 2 25 19 27 -6 12 24 15 11 -11 -9 13 -5 -10 29 -15 18 -16 -1 -21 23 -19 -22 -8 -2 -27 28 -4 -3
right_child=1 8 4 6 5 -7 7 9 14 10 -12 -13 -14 16 17 -17 -18 22 -20 20 21 -23 -24 -25 -26 26 -28 -29 -30 -31
leaf_value=0 -0.0087617525644431548 0.012287165493037197 6.5605643133521759e-05 -0.01342059312072329 -0.0051575880805156439 0.011480572132299246 -0.0041425099566104531 -0.0017883449787947333 -0.010818281695249531 0.007621514541150164 -0.010692773716069333 0.014163351235973308 0.018994909052990554 0.010899447602979286 0.013638853058854381 0.017469815592439607 -0.0087641076647688981 -0.005529447028495553 0.0013685408191800904 -0.0075828247654931543 0.014375615846455032 0.021695721295481668 0.0011096206523877339 0 0.0017574140980371961 0.020977120008824488 0.00075878317490661476 0.008548107922618467 -0.016826814207029372 -0.006401701085028075
leaf_weight=10.520905286539344 1.5566311611328298 5.1055847476236513 142.1912563838996 3.8801666467916212 523.23647196404636 11.646234773797913 100.3851953354897 8.564788112882523 13.791908899904227 28.272360959555954 13.13238084129989 41.772728084819391 15.921239178627728 28.281451241346076 25.27501689712517 14.108322405838406 4.2973970526363692 56.656334133585915 116.16224961110856 2.7683966213371596 19.949681553756818 24.327880308963358 119.46679575042799 13.81397770042531 86.781550484942272 13.038479846320119 5.9521323211956743 17.879022527718917 4.1336337244138113 8.3110108911059815
leaf_count=306 77 233 11314 69 93923 924 14097 254 1519 348 161 539 108 538 619 516 53 4414 8725 42 394 340 7561 1268 3144 519 395 930 216 620
internal_value=2.74791e-05 -0.00157414 -0.00301337 0.00432776 -0.00351227 -0.00475644 0.00276411 0.0013882 0.00129145 0.00704788 0.00149916 0.0113252 0.00975526 0.00504455 0.000521717 0.00988775 0.00786444 0.00107662 0.00371014 0.0113159 0.0133519 0.0146093 -0.00100674 0.00871939 -0.00137337 0.0128732 0.0154334 0.000500283 -0.000493753 0.000621972
internal_weight=1481.18 1078.51 719.634 402.67 699.087 534.883 331.289 278.909 358.877 91.7423 41.4047 50.3375 52.3803 36.459 331.352 27.5249 32.5788 317.56 141.437 71.3808 60.8599 58.0915 176.123 33.7637 187.167 20.5472 18.9906 164.204 146.325 13.4166
internal_count=154166 132505 108298 21661 107307 94847 19311 18543 24207 1302 509 793 768 660 22838 1369 591 21319 9344 2350 2044 2002 11975 1662 17241 991 914 12460 11530 853
is_linear=0
shrinkage=0.025


Tree=22
num_leaves=31
num_cat=0
split_feature=69 65 66 1 76 61 46 54 41 4 55 65 47 49 46 69 40 61 26 38 28 69 46 64 31 19 46 67 18 62
split_gain=17.299 12.0163 7.6187 6.71051 5.43662 4.37161 3.659 4.93822 4.28384 3.89009 3.57238 3.54236 3.49518 3.44811 3.42694 3.28026 3.14354 2.78079 2.76739 2.67364 2.63986 2.48353 2.25496 2.41049 2.21511 2.40489 2.15116 2.06527 2.20337 1.72592
threshold=-0.46437062255745282 -0.091370566294508945 0.13390025032307043 -0.024357414488250958 0.0043336995614652891 1.9664499208695785 0.50675387626698598 112.57735000000001 -0.0035396756608616071 -0.27280421421896972 1.425 1.5810443128117015 0.27790513017243823 -0.29285028802080332 0.84655815223196906 -1.5004005482523086 0.0061712831106838948 -2.3446244291868226 0.0065814141676959021 2.0000162622358957 0.90475993245496766 -0.15129426289387762 0.99579731534586224 0.85119635462688648 -0.18927570488030879 0.16269675293095889 0.73794822042498687 -0.82653854066140087 0.021775197273978922 0.29837050311960711
decision_type=10 8 8 8 10 10 8 2 10 8 2 10 10 10 10 8 10 8 2 10 8 10 10 8 10 8 10 10 10 10
left_child=1 4 12 10 -1 17 7 8 -5 -8 11 20 16 -9 -11 -12 -2 -4 27 -17 -3 -7 23 -19 26 -26 -20 -6 -29 -18
right_child=2 3 5 6 18 21 9 13 -10 14 15 -13 -14 -15 -16 19 29 22 24 -21 -22 -23 -24 -25 25 -27 -28 28 -30 -31
leaf_value=0.010742932313274368 0.0089151813957574089 0.0053861784720643253 0.0075868992943999292 0.015788967761485695 -0.0016129266167148684 0.0094562811173978939 0.01942544007061333 -0.0048218778297730606 0.0032247783915000448 -0.0011666910948900111 -0.01256450340106847 0.019718811223274318 -0.0028010221461075638 0.0059588223175613703 0.012574841536150598 0.015413402017572695 -0.002873853315865418 -0.0046376468714530951 0.016839024292780915 -0.0058242738628801758 0.023090518922758766 -0.0028924822420429847 -0.0062635038619442947 0.00042632735011885361 -0.0044298206645254122 0.00020798603905492646 -0.0054840288784761401 0 0.017353543077637541 0.0085387902645401841
leaf_weight=23.485570630989969 56.978036244865507 38.98393750959076 10.264021298498845 45.900424198247492 13.322540273191409 22.025505096884444 5.5809535866137594 28.069463044637814 30.35125911491923 128.51897776313126 5.7728098616935313 35.699522404931486 50.450582422548905 47.877123595681041 11.228442978113888 9.166728355688976 32.286888694157824 169.58006657112855 6.1059348720591498 4.3385218707844606 5.7303702805656931 16.073224877356552 282.65325899631716 85.34620303066913 174.66792546585202 110.83229829487391 2.8893769751302898 7.8701093634590533 10.727132246829568 9.8014910363126528
leaf_count=247 1850 1235 895 757 515 320 47 553 644 4009 76 281 3894 1242 248 200 1825 27724 244 102 105 2976 61226 5202 28841 7181 370 468 266 469
internal_value=0.00013896 0.00282083 -0.00257541 0.00579136 -0.000538308 -0.0038643 0.00384428 0.00654649 0.0110122 0.000932698 0.0114132 0.0137119 0.00241643 0.00186409 0 0.00121685 0.00514999 -0.00444147 -0.00140926 0.0081623 0.00836262 0.00412645 -0.00470143 -0.00291895 -0.00219031 -0.00260991 0.00913151 0.00538856 0.0105768 0
internal_weight=1482.58 747.119 735.459 397.219 349.901 585.942 297.527 152.198 76.2517 145.328 99.6919 80.4138 149.517 75.9466 139.747 19.2781 99.0664 547.844 326.415 13.5053 44.7143 38.0987 537.58 254.926 294.496 285.5 8.99531 31.9198 18.5972 42.0884
internal_count=154012 47631 106381 9499 38132 98343 7500 3196 1401 4304 1999 1621 8038 1795 4257 378 4144 95047 37885 302 1340 3296 94152 32926 36636 36022 614 1249 734 2294
is_linear=0
shrinkage=0.025


Tree=23
num_leaves=31
num_cat=0
split_feature=16 12 67 60 26 25 60 68 45 75 46 59 69 47 18 47 52 0 25 58 29 46 52 57 41 40 44 68 17 44
split_gain=15.9524 11.7554 7.06953 6.10462 5.38281 4.68734 4.88366 4.15791 4.15483 3.71866 3.67979 3.37097 2.54536 2.8199 2.49532 2.49079 2.42193 2.39914 2.15975 2.15301 3.11726 2.66376 2.14918 2.14176 1.99675 1.96263 1.93956 1.90915 1.75665 1.69297
threshold=0.80681641837514628 0.021166156251801117 -0.98885187140129505 0.87473682344232728 0.0065814141676959021 3.2995284236620823 0.012806844896397137 0.50315127441244634 -0.013471685362220846 0.28790811458711985 0.067782785651641655 1.1016450906951276 0.11420111486237136 0.80227470333445627 0.055374448792337778 0.013944655690336183 0.44500000000000006 -1.0000000180025095e-35 0.86531721222777802 0.87066310274021108 -0.14154875473834236 0.83822986355835305 0.14500000000000005 -0.52933990308003243 -0.0079558217189904506 0.0076739402773441994 -0.73270733199653004 0.29586483081353498 0.046831593045968851 -0.57438047598445452
decision_type=10 10 10 10 2 8 8 10 10 10 10 8 10 10 10 10 2 10 10 8 10 10 2 10 10 10 10 10 10 10
left_child=1 4 12 16 11 6 18 14 10 -10 -8 15 -2 -14 25 24 22 -17 -3 20 -6 23 -4 -21 -1 -5 -18 -16 -28 -22
right_child=2 5 3 7 19 -7 8 -9 9 -11 -12 -13 13 -15 27 17 26 -19 -20 21 29 -23 -24 -25 -26 -27 28 -29 -30 -31
leaf_value=-0.0093873051881472585 -0.00054638980324882194 0.023294079845028272 -0.0017096865962718179 -0.0088688510683612633 0.014109732756396652 -0.012084802351116928 0.011884337975047534 -0.004041112289904095 0.010643845420460868 0.0025549547323742688 -0.0018895982846073205 0.020522513405885703 0.01024557164145406 -0.0083142185312310816 -0.0021178276876021146 -0.005321186349866374 0.0046619800170185789 0.012053367865077352 0.0075052064699787577 0.0075118706063999861 0.0013877856818984454 -0.012073044124415518 -0.010573035602983869 0.00049074439727058794 0.0039880235244564603 0.00556521682925848 -0.0037899232152096528 0.010781865572612815 -0.0097415353559073079 -0.0038540385622920746
leaf_weight=10.319647337077187 39.58714012382552 15.323716645594688 25.096289601176977 10.522125644609334 5.660933652194216 6.8867073059082022 13.827662031166254 50.896770259016193 111.27304340037517 57.315045963739976 59.979549727402627 8.7625970942899567 38.938277524895966 4.4991471694083875 7.2036163993179789 4.7174144645687219 13.42968585458584 25.403466350864619 13.196029476821421 31.582902454771101 44.753789128735662 7.9831374518107614 79.141674170270562 177.60811731591821 15.872374734142793 10.225612566224298 308.69631289620884 38.221354882582091 36.426592316944152 197.0244965570746
leaf_count=287 2128 92 5373 620 328 90 123 9964 1659 1003 1002 74 693 209 153 238 1198 487 91 1028 2920 1010 16060 7577 539 625 56757 1216 6434 34478
internal_value=6.02439e-06 0.00236889 -0.00286007 -0.00384367 0.00016639 0.00652276 0.00707454 0.00119501 0.00581759 0.00797552 0.000739783 0.00684382 0.00387737 0.00798334 0.00533395 0.00420115 -0.00513423 0.00899316 0.016839 -0.000767997 -0.00236642 0.00102183 -0.00855398 0.00162322 -0.00118843 -0.00149791 -0.00409398 0.00857348 -0.00447133 -0.00285083
internal_weight=1470.38 807.491 662.885 579.86 529.689 277.802 270.915 117.069 242.395 168.588 73.8072 65.0755 83.0246 43.4374 66.1727 56.3129 462.791 30.1209 28.5197 464.613 247.439 217.174 104.238 209.191 26.192 20.7477 358.553 45.425 345.123 241.778
internal_count=154456 53026 101430 98400 48966 4060 3970 12578 3787 2662 1125 1625 3030 902 2614 1551 85822 725 183 47341 37726 9615 21433 8605 826 1245 64389 1369 63191 37398
is_linear=0
shrinkage=0.025


Tree=24
num_leaves=31
num_cat=0
split_feature=16 31 66 8 60 51 28 72 16 28 54 11 61 44 22 18 24 47 46 27 75 19 0 39 54 63 9 16 54 48
split_gain=11.2541 10.1505 7.37418 7.08069 4.61815 4.01665 3.76914 3.90369 3.54808 3.67605 3.44336 3.25088 3.17767 3.14526 3.10562 2.6803 2.65318 2.59859 2.4893 2.28745 2.27921 3.63606 2.2798 2.18849 2.17141 2.01437 1.90433 1.83661 1.74282 2.51714
threshold=0.80681641837514628 -0.13283375891148894 0.11782959906686863 0.15246459594472231 0.87473682344232728 2.9250000000000003 0.071392277464888201 0.508385781090679 0.25940096714389516 0.9925231571349612 114.80905000000001 0.015139792568613661 4.0367604350873245 -0.36384393736878085 -0.27788355846492546 0.11960635462085557 -0.20599116054580033 0.27790513017243823 0.82994979904623667 -0.00103846515044846 0.97376485679289115 -0.16094504782187094 0.0012961036070099354 0.01886120288509208 118.87420000000002 3.447116393408626 -0.3910626287351241 1.0557653045669173 113.12855000000002 -0.46186530479680782
decision_type=10 8 10 10 10 2 10 10 10 8 2 10 10 8 10 10 10 10 10 10 8 10 10 8 2 8 8 10 2 10
left_child=1 5 17 8 24 11 19 15 9 18 -7 20 -9 -13 -15 -8 -11 27 -3 -5 22 -22 -1 -21 26 -6 -4 -2 -29 -30
right_child=2 3 4 6 25 10 7 12 -10 16 -12 13 -14 14 -16 -17 -18 -19 -20 23 21 -23 -24 -25 -26 -27 -28 28 29 -31
leaf_value=0.015619105206616144 0.0012901235350966907 0.00026594336593354414 0.0095029564553266391 -0.00064253810615355362 3.8200412650386226e-05 -0.021729518710455694 0.010670125952739402 0.00023923178145598568 -0.0033503017881374702 0.0016761085654363333 0.0061395190914777589 0.020923913269120253 0.013404005118316657 0.011481312365364626 0 -0.0052471120155254784 0.01578023449653735 -0.0019120042545816935 -0.014873171359418923 0.022879221831412951 -0.019006638787406827 0.0048995551522363493 -0.0037135419324528882 0.0045001015488901333 -0.012199763737189005 0.014696371943768691 -0.0045287655991488466 0.012397140122702923 0.010655632834760495 -0.0080009413624437219
leaf_weight=8.5822268947958928 39.162624173099175 125.0963591101463 4.7168702888302505 5.1856291289441314 100.12326269189361 3.9425525264814478 48.883799049304798 182.17434210889041 229.67393317841925 19.831647622631863 4.5362358067650348 18.676843597088009 11.140225925482808 63.952015888644382 17.564194315113127 6.2087930806446812 15.655085073551161 41.558717439416796 5.9375163152581072 12.286819442408156 5.6792286459822208 7.7828149194829184 4.7549755780491969 8.4774123500101304 23.69408712326549 5.0983353122137478 394.48851081798784 29.903024862520397 8.1214040156919491 7.3545675766654304
leaf_count=414 2303 10007 445 112 11620 155 975 5268 31312 298 145 199 102 1528 386 90 176 3320 946 168 122 462 242 123 5165 376 77221 585 140 216
internal_value=8.83168e-05 0.0020692 -0.00234007 0.000789695 -0.00364244 0.00828504 0.00387512 0.0028537 -0.00133328 0.00140805 -0.00713183 0.00943 0.00111445 0.0114891 0.00896457 0.00866945 0.00841526 0.00303838 -0.000492081 0.0128183 0.00130133 -0.00540438 0.00847313 0.0163729 -0.00480891 0.000976618 -0.00431626 0.00555206 0.00894114 0.00140207
internal_weight=1460.24 806.023 654.221 670.552 528.121 135.471 274.357 248.407 396.195 166.521 8.47879 126.992 193.315 100.193 81.5162 55.0926 35.4867 126.1 131.034 25.9499 26.7992 13.462 13.3372 20.7642 422.899 105.222 399.205 84.5416 45.379 15.476
internal_count=154621 53230 101391 49577 94827 3653 6838 6435 42739 11427 300 3353 5370 2113 1914 1065 474 6564 10953 403 1240 584 656 291 82831 11996 77666 3244 941 356
is_linear=0
shrinkage=0.025


end of trees

feature_importances:
return_60d=38
dgs2_pit=29
beta_60d_ff_smb=23
usd_index_pit=23
cs_rank_beta_60d_spy=23
cs_z_vol_60d=21
intraday_range=20
cs_rank_momentum_120d=20
cs_z_beta_60d_spy=20
vol_60d=19
beta_60d_ff_mktrf=17
dgs10_pit=17
cs_z_downside_vol_20d=17
beta_60d_ff_hml=16
cs_rank_vol_60d=16
beta_60d_spy=15
cs_rank_downside_vol_20d=14
cs_rank_downside_vol_decay_60d=14
downside_vol_decay_60d=13
cs_z_downside_vol_decay_60d=13
spy_vol_20d=12
beta_60d_ff_rmw=12
beta_60d_ff_cma=12
vixcls_pit=12
cs_z_momentum_120d=12
cs_rank_momentum_60d=11
beta_20d_spy=10
price_to_sma_200d=10
dollar_volume_ratio_20d=10
close_location_in_range=10
distance_to_60d_high=10
spy_return_20d=9
momentum_120d=8
vol_20d=8
downside_vol_20d=8
close_open_gap=8
excess_return_5d_vs_spy=8
kurtosis_20d=8
cs_z_gap_down_absorption_20d=8
macd_hist=7
volume_zscore_60d=7
distance_to_60d_low=7
yield_10y_2y_spread_pit=7
cs_rank_momentum_20d=7
cs_z_relative_strength_down_days_20d=7
cs_rank_beta_stability_price_floor=7
return_10d=6
rsi_14=6
bollinger_z_20d=6
spy_drawdown_60d=6
beta_stability_price_floor=6
cs_z_momentum_60d=6
upside_vol_20d=5
price_to_sma_20d=5
volume_zscore_20d=5
distance_to_20d_low=5
skew_20d=5
relative_strength_down_days_20d=5
cs_rank_vol_20d=5
cs_rank_relative_strength_down_days_20d=5
cs_z_beta_stability_price_floor=5
return_1d=4
price_to_sma_50d=4
distance_to_20d_high=4
excess_return_60d_vs_spy=4
return_5d=3
momentum_60d=3
gap_down_absorption_20d=3
cs_z_vol_20d=3
cs_rank_gap_down_absorption_20d=3
return_20d=2
vol_5d=2
excess_return_20d_vs_spy=2
relative_momentum_20d_vs_spy=2
cs_z_momentum_20d=2
cs_z_excess_return_20d_vs_spy=2
momentum_5d=1
regime_calm=1
regime_drawdown=1

parameters:
[boosting: gbdt]
[objective: lambdarank]
[metric: ndcg]
[tree_learner: serial]
[device_type: cpu]
[data_sample_strategy: bagging]
[data: ]
[valid: ]
[num_iterations: 25]
[learning_rate: 0.025]
[num_leaves: 31]
[num_threads: 0]
[seed: 17]
[deterministic: 0]
[force_col_wise: 0]
[force_row_wise: 0]
[histogram_pool_size: -1]
[max_depth: 6]
[min_data_in_leaf: 80]
[min_sum_hessian_in_leaf: 0.001]
[bagging_fraction: 0.78]
[pos_bagging_fraction: 1]
[neg_bagging_fraction: 1]
[bagging_freq: 1]
[bagging_seed: 17]
[bagging_by_query: 0]
[feature_fraction: 0.72]
[feature_fraction_bynode: 1]
[feature_fraction_seed: 17]
[extra_trees: 0]
[extra_seed: 13015]
[early_stopping_round: 0]
[early_stopping_min_delta: 0]
[first_metric_only: 0]
[max_delta_step: 0]
[lambda_l1: 0.3]
[lambda_l2: 1.2]
[linear_lambda: 0]
[min_gain_to_split: 0]
[drop_rate: 0.1]
[max_drop: 50]
[skip_drop: 0.5]
[xgboost_dart_mode: 0]
[uniform_drop: 0]
[drop_seed: 30017]
[top_rate: 0.2]
[other_rate: 0.1]
[min_data_per_group: 100]
[max_cat_threshold: 32]
[cat_l2: 10]
[cat_smooth: 10]
[max_cat_to_onehot: 4]
[top_k: 20]
[monotone_constraints: ]
[monotone_constraints_method: basic]
[monotone_penalty: 0]
[feature_contri: ]
[forcedsplits_filename: ]
[refit_decay_rate: 0.9]
[cegb_tradeoff: 1]
[cegb_penalty_split: 0]
[cegb_penalty_feature_lazy: ]
[cegb_penalty_feature_coupled: ]
[path_smooth: 0]
[interaction_constraints: ]
[verbosity: -1]
[saved_feature_importance_type: 0]
[use_quantized_grad: 0]
[num_grad_quant_bins: 4]
[quant_train_renew_leaf: 0]
[stochastic_rounding: 1]
[linear_tree: 0]
[max_bin: 255]
[max_bin_by_feature: ]
[min_data_in_bin: 3]
[bin_construct_sample_cnt: 200000]
[data_random_seed: 94]
[is_enable_sparse: 1]
[enable_bundle: 1]
[use_missing: 1]
[zero_as_missing: 0]
[feature_pre_filter: 1]
[pre_partition: 0]
[two_round: 0]
[header: 0]
[label_column: ]
[weight_column: ]
[group_column: ]
[ignore_column: ]
[categorical_feature: ]
[forcedbins_filename: ]
[precise_float_parser: 0]
[parser_config_file: ]
[objective_seed: 20363]
[num_class: 1]
[is_unbalance: 0]
[scale_pos_weight: 1]
[sigmoid: 1]
[boost_from_average: 1]
[reg_sqrt: 0]
[alpha: 0.9]
[fair_c: 1]
[poisson_max_delta_step: 0.7]
[tweedie_variance_power: 1.5]
[lambdarank_truncation_level: 30]
[lambdarank_norm: 1]
[label_gain: 0,1,2,3,4,5,6,7,8,9,10,11,12,13,14,15,16,17,18,19]
[lambdarank_position_bias_regularization: 0]
[eval_at: 5,10,25]
[multi_error_top_k: 1]
[auc_mu_weights: ]
[num_machines: 1]
[local_listen_port: 12400]
[time_out: 120]
[machine_list_filename: ]
[machines: ]
[gpu_platform_id: -1]
[gpu_device_id: -1]
[gpu_use_dp: 0]
[num_gpu: 1]

end of parameters

pandas_categorical:[]
