tree
version=v4
num_class=1
num_tree_per_iteration=1
label_index=0
max_feature_idx=42
objective=lambdarank
feature_names=return_1d return_5d return_10d return_20d return_60d momentum_5d momentum_10d momentum_20d momentum_60d momentum_120d price_to_sma_20d price_to_sma_50d price_to_sma_200d macd_hist rsi_14 bollinger_z_20d volume_zscore_20d volume_zscore_60d close_open_gap close_location_in_range excess_return_5d_vs_spy excess_return_20d_vs_spy excess_return_60d_vs_spy relative_momentum_20d_vs_spy spy_return_20d relative_strength_down_days_20d gap_down_absorption_20d usd_index_pit cs_rank_momentum_20d cs_z_momentum_20d cs_rank_momentum_60d cs_z_momentum_60d cs_rank_momentum_120d cs_z_momentum_120d cs_rank_excess_return_20d_vs_spy cs_z_excess_return_20d_vs_spy cs_rank_relative_strength_down_days_20d cs_z_relative_strength_down_days_20d cs_rank_gap_down_absorption_20d cs_z_gap_down_absorption_20d regime_calm regime_rebound stress_flag
feature_infos=[-0.43452090331350879:0.52290083351866889] [-0.61014499786032883:0.88260863646066867] [-0.76666670795573144:1.0566034133703051] [-0.82992956002177165:1.6011328544898928] [-0.85304846129940903:3.1843478105994496] [-0.61014499786032883:0.88260863646066867] [-0.76666670795573144:1.0566034133703051] [-0.82992956002177165:1.6011328544898928] [-0.85304846129940903:3.1843478105994496] [-0.83371665409748386:3.8670393633078328] [-0.69421673038056464:0.66131114246219425] [-0.79930206832555228:0.90110352904013702] [-0.82425537243447611:1.8446390551514207] [-132.53715276993563:80.364006761273146] [0:99.861064002984776] [-4.3588989435444114:4.3588989435883247] [-3.1806480089076707:4.3588989435433447] [-3.1101259120259019:7.6809377036926092] [-0.47064726396441403:0.4210822666140121] [0:1] [-0.61785372931017601:0.89255912114692015] [-0.76226676485515399:1.4709261398977567] [-0.82324954741436951:2.9093527779374631] [-0.77334040331749898:1.3346611088982128] [-0.3098674839759894:0.19880920041384464] [-0.099256665172816158:0.19912924481561101] [-9.4243009236246778:13.933826240627525] [93.247799999999998:125.0587] [0.0020161290322580645:1] [-10.036419127683077:15.738424952473304] [0.0020161290322580645:1] [-8.1746382519581609:16.457532645463687] [0.0020202020202020202:1] [-5.9157233637200122:14.200215155348952] [0.0020161290322580645:1] [-10.036419127683077:15.738424952473304] [0.0020161290322580645:1] [-11.668006201344122:17.853621002907023] [0.0020449897750511249:1] [-9.434540891693187:11.345435387552476] [0:1] [0:1] [0:1]
tree_sizes=3573 3624 3537 3524 3561 3544 3571 3549 3561 3530 3536 3514 3538 3555 3513 3572 3523 3531 3558 3528 3548 3534 3535 3493 3560

Tree=0
num_leaves=31
num_cat=0
split_feature=20 39 32 35 25 11 32 26 25 20 32 32 34 11 17 39 36 2 15 21 33 27 33 24 33 32 15 0 25 39
split_gain=2.9828 2.42784 2.29981 1.86208 1.85575 1.88147 1.58445 1.50216 1.36606 2.81537 2.23617 2.10605 1.28695 1.95541 1.45278 1.26688 1.15997 1.37077 1.09866 1.32979 1.4024 1.04612 1.0108 1.36884 1.8289 1.12761 0.969071 0.968548 0.914951 0.905979
threshold=0.0077200832129226135 2.2731937847672348 0.75366882760136256 0.6230846509604584 0.0036784835780477093 0.087598168597304418 0.70637424090174339 0.24871250645660517 -0.0019688637769577628 -0.016018485289367775 0.18796074826410583 0.33956392339544522 0.67492267975359777 0.051968387427303815 -0.34384641759722895 0.45650019861204832 0.12899815863056677 -0.0116900152698563 1.1122403858838041 0.028436526431846246 0.032800595712119247 120.39400000000002 -0.78667009092234597 -0.014407001004430762 -0.3091225920638625 0.16020828394053549 3.0101429268146531 0.0024930521597809068 -0.0012293188912988146 -0.42830971651319427
decision_type=10 8 10 10 8 8 10 8 8 10 10 10 10 8 10 10 10 8 8 10 8 2 8 10 8 10 10 10 10 8
left_child=1 8 18 -4 5 22 7 -6 9 16 -11 -12 13 28 29 26 -1 -18 -3 20 -20 -8 25 -24 -25 -2 -7 -9 -10 -14
right_child=4 2 3 -5 6 15 21 27 12 10 11 -13 14 -15 -16 -17 17 -19 19 -21 -22 -23 23 24 -26 -27 -28 -29 -30 -31
leaf_value=-0.0014967275742236773 -0.00014062206455594593 0.00051897654838288542 0.010019863585955304 -0.0001997559692785909 -0.0079034822783542093 -0.010634060999672162 0.0052609612372741974 0.0045157418068450424 0.0057698345220445158 0.0014889519856001576 -0.014674474125967863 -0.0041655821738164744 0.0095668649521562007 0.0092439155857349849 -0.0055699598235883887 0 0.0064334249206861385 -0.0024858260315748742 0.0031084077876927293 -0.0010488114265134114 0.014358808746347804 -0.0070245225160058882 -0.0067926737158591436 -0.0063713313210673785 0 0.010429171137286447 0.0053110451467813444 -0.0022343723219003602 0.0001514665358996804 -0.00015215508857012761
leaf_weight=50.021388472407125 28.286279483349063 153.85215488134418 41.220368469366804 13.12891062593553 16.351946651935577 33.648161998600699 47.363996999221854 21.267839500214905 21.218697196571156 21.733799192705192 17.779633664642461 45.524197921273299 6.1542355192359537 21.351646585506387 31.228376320214011 10.66966125264298 34.716963815619238 13.175756559125146 22.339714588830248 14.165455816779284 11.608152998378499 3.2236297993222243 38.348853419767693 35.550303203926887 125.18678011884913 6.4677126756869248 1.2083689009305079 30.363001228834037 111.33198824769352 24.911073577706706
leaf_count=7703 4935 23972 5488 1957 2484 4665 7554 3364 2795 3331 1936 5942 849 2842 4575 1536 5192 2089 3309 1984 1273 390 5173 4943 16641 893 130 5192 17227 4027
internal_value=-6.38863e-06 0.00102245 0.0029168 0.00746516 -0.00171782 -0.00283276 0.000848568 -0.00155799 -0.000180372 -0.00178023 -0.00509061 -0.00745149 0.00114134 0.00238464 -0.00179925 -0.0074755 0.00104596 0.0038261 0.00161904 0.00488642 0.00752765 0.00418863 -0.00186341 -0.00256532 -0.00146757 0.00190025 -0.00971493 0.000443594 0.00115063 0.001825
internal_weight=1053.4 655.463 256.315 54.3493 397.937 279.366 118.57 67.9828 399.148 182.952 85.0376 63.3038 216.196 153.902 62.2937 45.5262 97.9141 47.8927 201.965 48.1133 33.9479 50.5876 233.84 199.086 160.737 34.754 34.8565 51.6308 132.551 31.0653
internal_count=154391 96491 37983 7445 57900 38916 18984 11040 58508 26193 11209 7878 32315 22864 9451 6331 14984 7281 30538 6566 4582 7944 32585 26757 21584 5828 4795 8556 20022 4876
is_linear=0
shrinkage=0.025


Tree=1
num_leaves=31
num_cat=0
split_feature=3 26 15 30 24 9 10 13 18 25 10 1 18 25 22 36 23 18 37 19 18 22 37 37 8 23 9 10 21 20
split_gain=6.90052 3.88252 3.95339 4.89812 4.42547 4.99952 4.5471 4.3421 3.65573 3.63978 3.52188 3.27022 2.69417 2.84656 2.62671 2.46662 2.6871 2.8136 2.7236 2.32232 1.99558 2.35776 2.32858 1.9147 1.86455 2.05428 1.81421 1.73997 1.44124 1.4124
threshold=0.075196700915792128 -2.4177623576386389 0.87367995299305046 0.20811765725928819 0.035342421772132877 0.13138652396021736 -0.023960265969778679 0.25948624592832709 0.0033246997550897325 0.005698836707778065 0.031242655955160296 0.012068015734123085 -0.026976024778543717 0.0014135478315374782 -0.059516560608094009 0.045027076366764097 0.008010995445511539 0.0013591905518648484 0.43730117642395622 0.98901108754022815 -0.0023004195314252555 0.068006295992422708 0.2660337757276206 0.64554446574536073 -0.15692509951110237 -0.063902278468942517 0.70992672529609457 0.01849462641736677 0.00050297590906911449 0.006263654056511748
decision_type=10 10 10 8 10 8 8 2 8 10 10 10 10 10 8 8 10 10 10 8 10 8 10 10 8 10 10 8 10 10
left_child=1 2 4 7 6 -6 26 11 -8 10 -5 -4 -2 -14 -7 29 24 23 -19 -11 21 -15 -22 -18 25 -17 -1 -26 -24 -3
right_child=12 15 3 9 5 14 8 -9 -10 19 -12 -13 13 20 -16 16 17 18 -20 -21 22 -23 28 -25 27 -27 -28 -29 -30 -31
leaf_value=0.0035464801376534853 0.015688094882293956 -0.0022868580923550998 0.00018236956453745543 0.0063350223466405731 -0.0030993629621221125 -0.0027504305718453331 -0.00060576036833520077 0.0058536297687199635 -0.0068769901337851188 -0.0037470978293185049 -0.00054501880081154336 -0.020675938738405272 -0.0078810074934602733 -0.014605089227209845 0.013517993469918159 0.00056088693364434372 -0.0019670866432292141 -0.0085899492300139154 -0.00015720120103675152 0.015122274001224645 0.009543612970217278 -0.0013246097848819377 0.010875264269988803 0.0044312980599906073 -0.00051738520166483206 0.0093845175790944185 0.023141446916887059 0.003615822713545653 -0.0023664783069998288 -0.011654637977056154
leaf_weight=77.377609001006931 3.0409659605938932 29.510248028906062 6.2642341298051241 282.51895312895067 22.310334082925692 6.0914651886560023 249.00586802279577 10.244235719786955 76.06075813784264 44.62336800666526 53.044821088435128 11.671129714697598 85.006060152314603 14.69910505437292 37.183290225453675 40.357220109086484 98.267133563058451 65.554314052220434 40.267429040279239 3.1877979196142396 11.401546298060564 21.167777595575899 4.0405031018890432 40.150667068082839 400.9450279311277 29.435554501134902 2.1215118793770662 74.2715269040782 111.71610754844733 17.351397948339581
leaf_count=5232 225 4113 395 10667 3038 291 17102 832 4885 2772 3935 659 8888 1406 1658 2700 9325 5515 3988 104 952 2442 194 4052 36975 1967 20 6469 12201 1337
internal_value=3.32277e-05 0.000603609 0.00176211 0.00354855 0.000177353 0.00615322 -0.000788257 -0.00622102 -0.00211602 0.00430332 0.00522711 -0.0134443 -0.00382385 -0.00416756 0.0110469 -0.000609883 -0.000264687 -0.00244402 -0.00548893 -0.00199651 -0.00214214 -0.00726623 -0.000583971 -3.5263e-05 0.000701446 0.00448368 0.00449867 0.000120331 -0.00173331 -0.00611589
internal_weight=1968.89 1717.82 881.705 411.555 470.151 65.5851 404.566 28.1796 325.067 383.375 335.564 17.9354 251.072 248.031 43.2748 836.111 789.249 244.24 105.822 47.8112 163.025 35.8669 127.158 138.418 545.009 69.7928 79.4991 475.217 115.757 46.8616
internal_count=154339 128031 51590 19364 32226 4987 27239 1886 21987 17478 14602 1054 26308 26083 1949 76441 70991 22880 9503 2876 17195 3848 13347 13377 48111 4667 5252 43444 12395 5450
is_linear=0
shrinkage=0.025


Tree=2
num_leaves=31
num_cat=0
split_feature=3 32 24 4 1 12 32 37 37 23 28 25 29 4 14 22 1 19 11 27 0 18 4 13 23 32 12 32 9 21
split_gain=9.64913 7.06997 8.74217 8.5838 6.47961 3.71054 4.00603 3.60345 3.46057 3.45233 4.25744 3.26206 3.84157 3.48982 3.24357 3.20494 3.11876 5.89354 3.94904 2.6323 2.58252 2.38258 2.29515 2.26036 2.13269 2.06178 3.19045 2.15151 1.89902 1.88381
threshold=0.06975741833565198 0.62344387623327668 0.015317282313024318 -0.15692509951110237 -0.01569950929517033 0.25901904557810601 0.75767106336809464 1.3352151071950422 0.0075266998193437027 -0.028143077107009137 0.45549750850966775 0.00067610063350356548 -0.016240100251677245 -0.080405274862777418 35.114530495379547 0.51408052310528318 0.013535315151537943 0.71969554662890511 0.017497592618187622 118.87420000000002 -0.023229406494232326 -0.031194565984308285 -0.02826899648769798 -0.19505278867942655 -0.063902278468942517 0.98578678738105852 0.23421476582085635 0.92474147021804953 -0.16848179853757458 0.098472426569390606
decision_type=10 8 10 10 10 10 8 10 10 10 10 10 10 8 10 10 10 8 10 2 10 10 10 2 10 10 10 10 10 10
left_child=1 3 7 9 5 6 -4 25 19 20 23 13 -13 -2 -9 29 17 -6 -18 -5 -1 -17 -16 -11 -22 27 -27 -3 -12 -14
right_child=11 2 4 8 16 -7 -8 14 -10 10 28 12 15 -15 22 21 18 -19 -20 -21 24 -23 -24 -25 -26 26 -28 -29 -30 -31
leaf_value=-0.0058476023545024026 0.0031302659693061697 -0.00033987836179652335 0 -0.0036870796448186735 0.0018266925849072379 -0.0031635103035315519 0.016022690827709515 0.022960304511283999 -0.00042159090101278159 0 0.0061378197622525901 0.0076012033381800403 -0.0025787568148651747 -0.012333214132639473 -0.013142019322585761 0.027864374047054521 -0.010082474525731668 0.010143073812010593 0.0020636027956019254 -0.018023219507210017 -0.0018424949241564422 -0.00083288864308476464 0.00645221144622872 0.018353069629582271 0.0066859995836850358 -0.010420740680512616 0.016549868747175286 -0.0056046429561747088 -0.010080321232216912 -0.0081139565910177576
leaf_weight=20.594183796551079 9.7203810985665751 358.66358659788966 10.968321428634225 313.96170408185571 148.2821148277726 8.3852302574086917 56.472927635768428 6.0039527323097017 324.7850334031973 4.1615010984241989 10.560815747361632 18.19825198315084 115.05852806847543 49.421022928785533 3.1624963160138639 2.1688227108679712 19.376048563281074 85.162046842975542 87.782593400683254 7.4308454962447277 25.455997278215364 2.7441702738869926 20.928634315496307 25.003512629540637 52.179971763398498 2.530374886468052 8.4564211661927384 55.714041786035523 6.1201859174761912 63.340322158532217
leaf_count=1283 1121 23366 1197 38458 5588 429 1897 117 31219 78 592 674 12488 7652 152 8 1544 2954 5583 827 2939 319 1212 536 1067 151 392 3048 381 7092
internal_value=-2.49898e-05 0.000673343 0.00222694 -0.00103205 0.00483999 0.0114392 0.0133876 -0.000152196 -0.00227072 0.00444462 0.0100509 -0.00448949 -0.00288809 -0.00965566 0.00801569 -0.00401272 0.0033139 0.00492889 -0.000150729 -0.0041076 0.00166289 0.0135916 0.00308197 0.0156252 0.00380898 -0.000768591 0.00930837 -0.00107993 0 -0.00462687
internal_weight=1922.79 1662.14 871.889 790.254 416.429 75.8265 67.4412 455.46 646.178 144.076 45.846 260.651 201.51 59.1414 30.0951 183.312 340.603 233.444 107.159 321.393 98.2302 4.91299 24.0911 29.165 77.636 425.364 10.9868 414.378 16.681 178.399
internal_count=154364 125010 47630 77380 19192 3523 3094 28438 70504 6876 1587 29354 20581 8773 1481 19907 15669 8542 7127 39285 5289 327 1364 614 4006 26957 543 26414 973 19580
is_linear=0
shrinkage=0.025


Tree=3
num_leaves=31
num_cat=0
split_feature=33 4 2 39 36 27 24 13 17 23 36 23 3 36 9 11 33 20 18 23 37 4 27 33 35 39 37 3 20 4
split_gain=10.878 16.3412 7.26956 6.98263 6.40365 6.3283 5.51473 5.02557 4.59313 4.72631 5.27003 4.06445 5.14922 3.75468 3.3148 4.41176 3.07478 6.00486 2.93785 2.90623 3.74614 2.88687 2.82962 2.82375 2.81112 3.46566 2.74119 2.71834 2.49801 2.4857
threshold=0.18398599884355465 -0.17060909137260813 0.036777310605035536 2.2731937847672348 0.92486806383112186 118.73545000000001 0.015317282313024318 -0.12016528690439361 -0.20599116054580033 -0.063902278468942517 0.36814494032105011 -0.024346957248938369 -0.0063843241770205608 0.10481264819239608 0.44883151252855108 0.032315318193105187 2.3617364200331212 -0.070213858462650033 -0.01214181286694831 0.0049681336921426631 1.3352151071950422 0.030383806601679723 115.61315 0.61878717013738671 0.088431322411490973 -0.12061529490958463 -0.089082369720059604 0.061082357694025931 -0.048640077786262552 -0.062087194160452823
decision_type=8 10 10 8 10 2 10 2 10 10 10 10 10 10 10 10 8 10 10 10 10 8 2 10 8 10 10 10 10 10
left_child=1 8 3 4 16 -3 14 -8 11 -10 13 24 18 -11 28 -16 -2 -18 -13 21 -21 -4 -23 -9 25 -1 -12 -6 -5 -7
right_child=2 5 19 6 27 29 7 23 9 10 26 12 -14 -15 15 -17 17 -19 -20 20 -22 22 -24 -25 -26 -27 -28 -29 -30 -31
leaf_value=-0.00070823665013430609 -0.0029315449343914621 -0.0035128078437594076 -0.0084999083476519285 -0.014337777976861685 0.012846450897498468 -0.00085937197362345578 0.01075146339943994 0.0071763867329692034 -0.0027224325954403016 0 -0.011064377802732358 0.0033401161601507262 0.0016538022802419579 0.020087275728424669 0.027051189671372967 0 -0.015261497308568099 0.0095765215463955375 -0.016850361482990028 -0.0065209300843581189 0.0028482963294155167 0.00075442099312921353 0.015296974273889078 0.00065441669885526283 0.026981637232233121 0.010115046141013341 0.0065009825818745292 -0.0017835263533380792 0.00093119113958289043 -0.023336803851861043
leaf_weight=44.92411510576494 205.65917832148261 658.38158861477859 9.7129306970164162 5.7545273199211797 28.840572993736714 4.9173831858206567 123.44472626969218 85.682870596647263 18.364126017317176 6.8582573416642836 5.693704561796042 4.5844088573940125 39.488461681525223 34.071048594778404 5.8356203748844555 8.6704077359754574 6.2311331813689312 30.267218896653503 19.174949862295762 109.88150375906844 33.069683343172073 25.98989833984524 12.150389019167049 85.234007508726791 2.3212914203759274 28.769387138541788 24.785542284604162 9.2708827210590226 166.5018518823199 13.380856137489898
leaf_count=2808 19892 83731 753 115 688 622 2598 2995 2635 240 161 126 2702 550 67 195 100 1053 488 12352 2749 1337 464 2676 14 1021 628 710 7780 2102
internal_value=-2.81444e-05 -0.00199218 0.0018323 0.00292972 -0.000182049 -0.00394983 0.0047539 0.00688581 0.00374954 0.00812888 0.0110217 0.000827773 -0.00375054 0.0167962 0.00133133 0.0123386 -0.00171961 0.00478632 -0.0126808 -0.00249875 -0.0042958 0.00269043 0.00590319 0.00399478 0.00473336 0.00351132 0.0026881 0.00915101 0.000282204 -0.0181056
internal_weight=1857.91 905.715 952.197 761.393 280.269 676.68 481.124 294.362 229.035 89.7727 71.4086 139.263 63.2478 40.9293 186.762 14.506 242.158 36.4984 23.7594 190.804 142.951 47.8532 38.1403 170.917 76.0148 73.6935 30.4792 38.1115 172.256 18.2982
internal_count=154352 97828 56524 38869 22443 86455 16426 8269 11373 4214 1579 7159 3316 790 8157 262 21045 1153 614 17655 15101 2554 1801 5671 3843 3829 789 1398 7895 2724
is_linear=0
shrinkage=0.025


Tree=4
num_leaves=31
num_cat=0
split_feature=32 22 3 24 13 37 12 3 0 13 3 13 13 33 23 3 29 38 16 3 38 27 19 27 2 36 22 37 27 38
split_gain=11.9661 15.5188 8.03805 6.81451 6.22701 5.75786 4.85423 4.44114 6.56544 4.45392 4.21011 6.55637 4.12076 3.89837 4.59114 3.66144 4.44452 3.63921 3.61252 3.34841 4.45693 3.26383 3.12773 3.10146 3.07173 2.93866 2.80122 2.59785 2.50311 2.40687
threshold=0.65484868518341333 -0.18161853364771993 0.070851382197344895 0.014186401554621144 -0.15355969958036098 1.5728404711842343 -0.16094504782187094 -0.050622822963848783 0.0041889118649256494 -0.46188640117437035 -0.021237506795278079 -0.15355969958036098 0.19592533621936112 2.5562100564209849 0.04979107470423428 0.013213882666928691 -0.91225024385279563 0.092902855157855374 -0.11922111982897514 -0.073375322009944385 0.20020449897750514 118.73545000000001 0.85682189162210276 116.73310000000002 0.0093565999410365492 0.97486908239256875 0.51408052310528318 -0.63609689265383718 116.01235000000001 0.71101394266531892
decision_type=8 10 10 10 2 10 8 10 10 2 10 2 2 10 10 10 10 10 10 10 10 2 10 2 10 10 10 8 2 8
left_child=1 4 3 5 -1 13 15 8 9 -5 23 -12 19 29 -15 16 -3 25 27 -6 -21 -8 -10 -9 -20 -7 -4 -14 -18 -2
right_child=2 6 26 7 12 17 21 10 22 -11 11 -13 18 14 -16 -17 28 -19 24 20 -22 -23 -24 -25 -26 -27 -28 -29 -30 -31
leaf_value=-0.0069051874380629923 -0.0049171183899979478 -0.0079785147537819977 -0.0059312796699449704 0.0024080929988933241 0.00084427350423900655 0.0094595121082703282 -0.0043392631595303771 -0.0068986863269970252 -0.012081954823991116 0.02700445066268083 0.0086590781476599578 0.0020044371465834034 -0.012769601170856064 0.0094345118291313448 -0.010124520044014138 -0.011142792626624274 0.014439530483177285 0.013589399841880607 -0.0025904401394142656 0.0023861980612597308 0.019944907174128487 -0.014783653901077349 0.014774385443798374 0.010672118663389379 0.018444371023945718 -0.010762937505316577 0.0085998103241067565 0.0023069124391889152 0.0014705638544032403 -0.00036314244330393946
leaf_weight=19.51766723417677 102.43271802645177 10.839394540758802 101.20149346557446 7.54302510828711 14.514995881821958 7.2760495895054182 578.37000805197749 34.167753890622407 7.1027725802268815 16.287023757351566 149.57092361850664 252.75643271068111 10.59042391204275 39.221382135525346 7.826445151353254 8.7449258492561039 22.813291149679571 29.225784361129627 5.6823399579152456 14.016383556649087 34.000051576411352 19.075388750177808 2.7127470066770911 6.2444031056947997 10.15882261446677 8.2022075713612121 7.5742748014163217 15.838934297906237 17.967176820617169 256.57208944065496
leaf_count=1702 10102 1310 15156 226 1122 211 81575 1201 221 471 3621 12200 531 396 122 816 721 361 188 651 902 2794 118 204 410 166 400 624 953 14367
internal_value=-0.000153611 -0.00248949 0.00160361 0.00236448 0.00554898 0.000142132 -0.0040274 0.00444593 0.0131516 0.0200072 0.00373369 0.00451537 0.00799103 -0.000787508 0.00585451 0.00260793 0.00527966 0.0085494 0.00167761 0.0120292 0.0151549 -0.00471423 -0.00317782 -0.00377398 0.0108078 -0.000810401 -0.00476846 -0.00375512 0.00910965 -0.00169538
internal_weight=1818.05 782.13 1035.92 927.142 124.32 450.757 657.81 476.385 33.6456 23.83 442.74 402.327 104.802 406.053 47.0478 60.3648 51.6199 44.704 42.2705 62.5314 48.0164 597.445 9.81552 40.4122 15.8412 15.4783 108.776 26.4294 40.7805 359.005
internal_count=153842 94299 59543 43987 6130 25725 88169 18262 1036 697 17226 15821 4428 24987 518 3800 2984 738 1753 2675 1553 84369 339 1405 598 377 15556 1155 1674 24469
is_linear=0
shrinkage=0.025


Tree=5
num_leaves=31
num_cat=0
split_feature=4 32 3 27 24 1 4 4 36 9 2 26 27 24 24 36 16 32 11 31 9 26 23 23 27 35 11 26 2 11
split_gain=16.2565 32.2996 9.97538 7.99783 6.69198 8.64024 6.27594 5.74821 5.7187 5.42291 4.85009 4.06489 3.94318 3.67116 4.16003 3.53449 3.24432 3.09804 2.89293 4.31007 3.37111 3.81157 3.31175 2.89089 2.56211 2.50382 2.47005 2.24182 2.09179 2.06784
threshold=-0.16347243391475494 0.63130296610169501 0.06975741833565198 118.73545000000001 0.015317282313024318 -0.040581161380876134 0.61440839756171106 0.15036600021274396 0.97116371812820856 -0.32459048273431573 0.0057443342331067191 0.70117516572549821 123.69855000000001 0.0091400810683671691 -0.0012138561779715393 0.041052239434808256 0.65143574619150402 0.85149640971295992 -0.10141027762034281 -1.5896633824126984 -0.12702728210512923 0.13060251053127744 -0.060051101320112092 0.077869787707348995 109.36660000000002 -0.032241294274059494 -0.12586687313340469 -0.50495558721093292 -0.017828625318964727 0.1081495850056733
decision_type=8 8 10 2 10 10 10 10 10 10 10 10 2 10 10 10 8 8 10 10 10 10 10 10 2 8 10 8 8 10
left_child=9 3 4 13 7 17 -4 8 -3 12 -7 18 15 14 -2 -1 -8 -6 19 22 21 -20 -11 27 -16 -13 -21 -17 -22 -9
right_child=1 2 6 -5 5 10 16 29 -10 11 -12 25 -14 -15 24 23 -18 -19 20 26 28 -23 -24 -25 -26 -27 -28 -29 -30 -31
leaf_value=-0.0011991321526363687 -0.0054913353042864458 -0.0024198526469020355 -0.0079560561833762616 -0.024461947424336786 0.0047544892048921386 0.0057013234760046605 0.01679355300372657 0.0056830603217436415 0.010601925225866579 0 0.00030664286461156158 0.015168842785432244 -0.011877464374712635 -0.0074397469395478923 -0.0076863957492910575 0.0054499020598046972 -0.010103691056743771 0.018554445454912541 0.01201383703257498 -0.0014940653180361611 -0.010549304661591898 -0.00069017623748272741 -0.01835253536434818 -0.0026784783744300093 0.0038038269985602997 -0.0034991426862970559 0.012945885811569448 0.022746651485178394 0.0037712427166389849 -0.0066058109296665869
leaf_weight=6.1958830077201119 151.06359455501661 314.37404167081695 94.195210625533946 13.566202229936605 18.345651497598737 222.30907819699496 9.612481516087426 113.58796214917675 21.249408573843539 11.336444571614267 201.11858510645106 25.16764710447751 2.4523097553756079 288.51862819562666 13.529792092274873 8.0161085533909482 2.510242656338959 33.063409456983209 42.306335259694606 17.883897186024118 11.005280349636449 20.521218045381829 12.625526560004799 3.0797068541869512 62.662322253221646 4.1886888716835555 10.388879608595742 30.193592214258388 11.404707529814916 7.7057460229843846
leaf_count=484 22259 22422 15923 2720 490 7147 295 4571 348 1076 10575 414 205 47842 2003 296 86 476 1202 1221 391 423 154 151 8936 234 348 640 503 212
internal_value=-0.000189305 -0.00108221 0.00147508 -0.00610334 0.00231028 0.00438518 -0.00571883 0.000131804 -0.0015383 0.00620316 0.00316474 0.00392175 0.0134072 -0.0055503 -0.00309219 0.0151277 0.0102526 0.0139932 0.00200368 -0.00250043 0.00484702 0.00781205 -0.0101393 0.0177188 0.001579 0.012227 0.00386851 0.0195847 -0.00312248 0.00478406
internal_weight=1784.18 1567.41 1038.07 529.341 931.754 474.837 106.318 456.917 335.623 216.766 423.428 166.829 49.9376 515.774 227.256 47.4853 12.1227 51.4091 137.472 52.2347 85.2375 62.8276 23.962 41.2894 76.1921 29.3563 28.2728 38.2097 22.41 121.294
internal_count=154047 146305 62545 83760 46241 18688 16304 27553 22770 7742 17722 5966 1776 81040 33198 1571 381 966 5318 2799 2519 1625 1230 1087 10939 648 1569 936 894 4783
is_linear=0
shrinkage=0.025


Tree=6
num_leaves=31
num_cat=0
split_feature=4 33 27 3 25 30 12 23 23 13 19 33 4 39 19 3 38 25 39 24 3 25 14 39 24 24 30 27 33 14
split_gain=19.7187 27.8799 8.11298 6.60184 6.61338 5.71847 5.55331 6.949 6.02659 4.74687 5.23726 4.47273 4.41682 5.82139 4.20349 3.55527 3.66967 3.15954 4.39762 2.73236 2.48357 2.43638 2.22653 2.40135 1.79957 4.3348 1.7254 2.87835 2.02878 1.71068
threshold=-0.17060909137260813 0.29099001148166476 118.73545000000001 0.070851382197344895 0.010529554123296656 0.029258130170071891 0.090041753234840885 -0.066586376883924978 0.0075451028655186833 -0.12016528690439361 0.25454482401585637 1.9664499208695785 0.61440839756171106 0.27164015168481798 0.87292799631334361 -0.08667823333550799 0.99380485121408302 0.0078806224147347417 0.62367744285012694 -0.053124800089148654 -0.055909940251716132 -0.0014851341461659103 60.883439348287311 0.14989273714398019 0.0091400810683671691 -0.0012138561779715393 0.012806844896397137 111.25885000000001 -1.3756692578649778 74.858245850054445
decision_type=8 8 2 10 10 10 8 10 10 2 8 10 10 10 10 10 8 10 8 10 8 10 10 10 10 10 10 2 8 8
left_child=6 2 5 4 9 17 7 26 15 10 -3 -11 -5 -14 19 21 -17 20 -19 -6 -2 -9 23 -10 25 -7 27 -1 -29 -15
right_child=1 3 -4 12 14 24 -8 8 22 11 -12 -13 13 29 -16 16 -18 18 -20 -21 -22 -23 -24 -25 -26 -27 -28 28 -30 -31
leaf_value=-0.010369257165640536 -0.0056960972141431154 -0.00096301888626265739 -0.022936620394238091 -0.0070842346951601708 0.00078775424679391559 -0.0060005481135801016 0.020457983345699832 -0.0044090480469066154 0.0095910125280750814 -0.00093588200472159667 0.0057503757367697098 0.0080101291842998908 0.021647707514901741 -0.012509229634036596 -0.0036669564874443755 0.013864734165158871 -0.00085608178343021249 -0.025494008720770907 0.0072250286927091735 0.018909587028827095 0.0058752243761650107 0.010922718873265142 -0.01202620468045671 -0.006736607228885705 -0.0065875515521737057 0.00084067480363034003 -0.0066473571968247123 0.01619540181969107 -0.0048546336877547738 0.0047229145386902052
leaf_weight=4.9937823566142496 12.776146409567444 94.682461113436148 14.247881520190274 74.091021708329208 7.4843379762023678 163.3714643442072 16.967799107311293 15.198448407463731 11.544072839897131 319.97583319945261 283.33132330654189 37.985663831466809 7.5000517435837564 6.5456804067362073 7.5849511104170224 96.306555707938969 10.655587773304431 4.6520420534070572 3.334372018231079 28.804615827277303 57.916706766467541 9.2848093570210022 8.4628231618553382 8.5382844444829953 316.60664110374637 86.149705709191039 27.943538068095222 8.2591454837238398 2.7712493084836742 5.0260386506561199
leaf_count=277 894 3781 3105 13801 258 24575 269 381 470 20073 9237 1144 172 128 123 1285 172 101 156 471 4864 241 417 405 52320 11658 2611 476 171 75
internal_value=1.02247e-05 -0.000994019 -0.00487417 0.00192928 0.00268757 -0.00442158 0.00697591 0.00570465 0.00812326 0.00210211 0.00405134 1.61475e-05 -0.00429227 0.00596143 0.0120247 0.0103771 0.0123357 0.00180001 -0.0118578 0.015517 0.00361948 0.0013519 -0.00200306 0.00230828 -0.00530144 -0.00361591 -0.00291218 0.00317523 0.0103362 -0.0046969
internal_weight=1752.99 1532.07 659.055 873.012 779.849 644.807 220.926 203.958 159.991 735.975 378.014 357.961 93.1628 19.0718 43.8739 131.445 106.962 78.6793 7.98641 36.289 70.6929 24.4833 28.5452 20.0824 566.128 249.521 43.9677 16.0242 11.0304 11.5717
internal_count=154111 146936 97673 49263 35087 94568 7175 6906 3371 34235 13018 21217 14176 375 852 2079 1457 6015 257 729 5758 622 1292 875 88553 36233 3535 924 647 203
is_linear=0
shrinkage=0.025


Tree=7
num_leaves=31
num_cat=0
split_feature=4 32 29 4 13 37 30 27 5 37 17 38 2 24 10 36 4 32 30 0 24 24 27 9 38 24 38 25 38 27
split_gain=21.6711 29.9195 7.46595 8.14769 5.99105 5.81995 5.87418 5.75217 5.47102 5.30973 6.86074 6.32723 6.00959 5.14604 5.08495 4.08506 4.01414 3.99823 3.09693 2.72492 2.19485 5.00761 2.98527 2.04797 1.94476 1.89419 1.74042 1.66978 1.64991 1.64684
threshold=-0.16347243391475494 0.65484868518341333 -1.0747141454807807 0.056942462704816073 -0.17077452177002025 -1.9191581752730114 0.172156229942415 119.08110000000001 -0.042845322406505452 1.3676374272738865 1.2956605625829167 0.93537938252223973 0.017586816247965435 0.0078628935715672216 -0.0010527580515144461 0.025130917607431389 0.025022840835824626 0.83190572267057972 0.0085745007398149112 0.035129965750696497 0.0091400810683671691 -0.0012138561779715393 108.19290000000001 0.10705889778333956 0.26772554460440739 0.025671352325025935 0.10479695630572916 0.00090596840251620347 0.30717838898927041 111.25885000000001
decision_type=8 8 10 8 2 10 10 2 10 10 10 8 8 10 8 10 10 10 10 10 10 10 2 8 10 10 8 8 8 2
left_child=4 7 3 16 18 -6 8 20 26 11 14 15 -13 29 -11 -4 25 -15 28 -10 21 -2 -23 -12 -18 -3 -7 -20 -1 -5
right_child=1 2 9 13 5 6 -8 -9 19 10 23 12 -14 17 -16 -17 24 -19 27 -21 -22 22 -24 -25 -26 -27 -28 -29 -30 -31
leaf_value=-0.001364937177445067 -0.0069453161256217482 -0.002900500907984199 0.013095999388684353 0.0078370319676731373 -0.0055620357210604855 0.00081791153758144588 -0.0035263480876515604 -0.025123392881827113 0.0070803353453299262 0.017760636928063431 0.007087854243913067 0.0033032972346202388 -0.0027923773143391996 0.0093664679348605517 0.0043178767658639036 -0.0039128171663599205 -0.023948428594767035 0.024955962161855465 -0.0090359582851601717 0.019196690561112544 -0.0075503153899305871 -0.010202449078071017 0.0029789579987625405 -0.014546588089737581 0 0.0086344987604353839 0.021812534595027088 0.0048363204124606141 0.020869014498606172 -0.0087306596604271296
leaf_weight=2.4821754174772641 133.80839967192151 16.082161569967866 7.7759871089365324 5.7037380232941342 16.583990062819794 3.6003209517803034 18.833493251469918 9.2690596549073216 133.18538893316872 22.030203016009182 2.1537315971218032 313.88498253421858 146.57875390932895 27.758970068534836 89.994626143714413 279.10551205393858 4.9418546841479829 21.197425483493134 24.550428075017408 13.210664681042543 270.25797584606335 11.403576773591338 68.153255418175831 12.074393404182045 3.0435932879336178 16.124632273800671 29.84903060621582 5.2835690218489644 3.4583044936880469 6.8062299464363605
leaf_count=144 23138 886 387 331 736 111 1406 2241 2391 344 85 12104 12281 576 4028 26394 142 401 1802 251 50393 1817 9435 594 150 365 556 235 126 195
internal_value=-0.000270237 -0.00143637 0.00109502 0.00746936 0.00649436 0.00807184 0.00927397 -0.00645077 0.0106703 0.000335454 0.00505696 -0.000458983 0.00134441 0.0131155 0.00718791 -0.00337312 -0.00111397 0.0167016 -0.00274879 0.00837171 -0.00601612 -0.00400653 0.000873153 -0.010489 -0.0158481 0.00275281 0.0198758 -0.00624551 0.0118603 -0.000605024
internal_weight=1719.19 1468.15 975.257 101.659 251.037 215.263 198.679 492.892 179.845 873.598 126.253 747.345 460.464 61.4664 112.025 286.881 40.1922 48.9564 35.7745 146.396 483.623 213.365 79.5568 14.2281 7.98545 32.2068 33.4494 29.834 5.94048 12.51
internal_count=154045 146287 59263 3046 7758 5451 4715 87024 3309 56217 5051 51166 24385 1503 4372 26781 1543 977 2307 2642 84783 34390 11252 679 292 1251 667 2037 270 526
is_linear=0
shrinkage=0.025


Tree=8
num_leaves=31
num_cat=0
split_feature=22 9 9 13 38 31 38 3 12 3 3 20 6 9 26 26 6 31 3 38 38 25 13 15 37 37 0 27 30 25
split_gain=24.5174 18.8084 8.43932 8.40567 6.20115 6.15365 5.71198 4.59727 4.39134 4.15543 4.95636 4.04351 7.25648 3.8303 3.76012 4.41522 3.67683 3.55078 3.40027 3.39757 4.55628 3.30741 3.85142 3.7088 3.12427 3.00194 2.90987 2.81104 2.80532 2.71329
threshold=-0.16650381213753176 0.14177265637237749 -0.32459048273431573 -0.16212538989386791 0.81338870543837205 1.4814812745115666 0.39438411640325416 -0.23118861251298675 -0.16094504782187094 0.022231793933443881 -0.036725120054906683 -0.046972178951675318 -0.095151971409657851 -0.19498572290762314 -0.21610159116602726 0.9890983030786723 0.013368457089059428 -0.70225160040407675 0.068649127921965439 0.27952281567213744 0.62811208677685959 0.010529554123296656 -0.56034438811407827 -0.51578579466494734 1.3352151071950422 0.15194301435688698 0.027748406148227271 118.73545000000001 0.012806844896397137 0.010529554123296656
decision_type=8 8 10 2 10 8 10 10 8 10 10 10 8 10 10 10 8 10 10 8 8 10 2 10 10 10 10 2 10 10
left_child=2 8 7 6 9 18 11 -1 17 10 25 12 -3 28 -9 -16 -15 -2 29 -7 -21 22 -8 -23 27 -4 -13 -10 -6 -5
right_child=1 3 4 5 13 19 21 14 24 -11 -12 26 -14 16 15 -17 -18 -19 -20 20 -22 23 -24 -25 -26 -27 -28 -29 -30 -31
leaf_value=-0.0031438686483609177 0.0069364786535688521 -0.010384757173713746 0.00095177714611906932 -0.0020081131132213092 0.014848201645985907 -0.0075669947981189568 -0.0096038567426811484 0.0080204816908467907 -0.0055843084969233216 -0.0095055021264136355 0.0095848625195757743 0.0049250699832683485 0.017639952188227944 0.024499405657380711 0.024665960660121545 0.00228371213782906 -0.00017855647211857223 -0.0072227211379647729 -0.0079038257772533465 0.015863416612995781 0.0027304373640385775 0.026474849184427982 0.0010526072897553442 -0.002323110652539543 0.00088449108663745291 -0.014307344336873751 -0.011801837084417456 -0.01509268003684891 -0.0077020534264582337 0.0063911699743098007
leaf_weight=7.6133444464066988 32.815183908445761 5.7331012575887144 59.475960539421067 344.33428042125888 4.5966528831049782 11.476433909148907 31.665917790029198 27.984321508323774 463.1251155026257 17.314577579381876 44.629317552316934 218.94865202740766 33.797808653442189 16.886152607155964 34.311284324736334 7.7262733369134358 3.9919252668041763 14.898707348853348 58.567113528493792 21.666660658549517 69.619461569818668 4.2307784918230027 56.27945598657243 4.5235305202659202 42.072316880919971 8.0121457786299271 5.3350825854577115 20.701662422972731 7.0948484647087753 24.325533923925832
leaf_count=439 1521 212 3289 26938 41 693 1827 678 76219 908 1469 7129 698 308 563 94 120 1863 11171 995 4019 45 3379 139 4369 319 211 3926 157 437
internal_value=-6.41662e-05 -0.00128344 0.00732343 0.000983954 0.00395879 -0.00100799 0.00392666 0.0140821 -0.00481121 0.00139113 0.00322295 0.0058298 0.0132052 0.0135286 0.0160818 0.0209032 0.019688 0.0022932 -0.00234141 0.00442649 0.00609401 -0.00119667 -0.00277789 0.0123547 -0.00547376 -0.000968892 0.00443323 -0.00604294 0.00113893 -0.00141468
internal_weight=1703.75 1464.12 239.637 890.504 162.002 529.989 360.514 77.6352 573.613 129.432 112.117 263.815 39.5309 32.5696 70.0219 42.0376 20.8781 47.7139 427.227 102.763 91.2861 96.6997 87.9454 8.75431 525.899 67.4881 224.284 483.827 11.6915 368.66
internal_count=154176 145791 8385 57893 6611 44253 13640 1774 87898 5985 5077 8250 910 626 1335 657 428 3384 38546 5707 5014 5390 5206 184 84514 3608 7340 80145 198 27375
is_linear=0
shrinkage=0.025


Tree=9
num_leaves=31
num_cat=0
split_feature=4 32 32 13 37 31 27 37 26 23 37 21 39 11 27 16 9 37 13 20 13 15 1 32 30 32 39 19 4 27
split_gain=21.3253 35.2417 9.45541 10.2506 7.80573 6.48296 5.38824 5.18112 4.81577 7.12537 6.03906 4.09473 4.07355 3.75292 3.6242 6.42458 3.33669 2.77794 2.83679 2.48184 3.81607 2.64834 2.29767 1.76476 1.71572 1.60179 1.58164 1.07562 0.810856 0.726869
threshold=-0.16347243391475494 0.65484868518341333 0.97870072131742514 -0.12016528690439361 1.3058136414421566 -0.92249300333485906 119.08110000000001 0.85290581656345543 -2.722979184504732 -0.074176055710120356 1.2230518751907418 -0.082494802249553842 0.16586934235340259 -0.0071140015544839388 113.39195000000002 -1.072480623081028 -0.19498572290762314 0.21740539997611522 0.84212784336863944 0.00022160721663139207 -0.4976560874333768 0.15344230261070532 -0.016111777278393521 0.029258130170071891 0.025130917607431389 0.0085745007398149112 1.0935663562320221 0.14999924449173976 -0.21987144031764408 114.10190000000001
decision_type=8 8 10 2 8 10 2 10 10 10 10 8 10 10 2 8 8 10 2 10 2 10 8 8 10 10 8 10 10 2
left_child=5 6 3 8 11 7 24 14 9 -3 -10 -5 -6 22 15 23 -17 18 -16 21 -21 -15 -4 -1 -2 -9 -19 -7 -27 -26
right_child=1 2 13 4 12 27 -8 25 10 -11 -12 -13 -14 19 17 16 -18 26 -20 20 -22 -23 -24 -25 29 28 -28 -29 -30 -31
leaf_value=0 0.0028626041175211308 0.019609872605988038 0.026324627549887559 0.0080022065855876439 0.00022694699507854024 0.004128645267786335 -0.025008858010365342 0.033184303635416156 -0.0018672753972592921 0.0044696398036496686 0.011088590189046434 -0.0043693081454341627 0.011089950116336341 0.0062696826161715586 0.012298411482728229 0.00065170553763716768 0.01019511740792637 -0.0073019714729481659 -0.0018968426999876834 -0.01214761536255201 0.011806848646166131 -0.0065139808700439674 0.0039931332533569095 -0.017910120746682214 -0.0054701465757574794 0.018474340318970141 0.0099176257403348483 -0.0081880835844756333 0.0020136111998166777 -0.0078529149249558974
leaf_weight=5.5338194400537732 11.178048224654047 20.68359700567089 10.362933512078596 16.186880780849606 58.074778250185773 3.9932898688130107 8.8672811248106864 5.3446174860000601 134.19981933082454 229.13735564239323 25.73156587453559 309.41892015130725 34.622294002212584 26.585270332172513 99.465765587985516 45.174867139896378 49.720609477721155 8.2521161427721363 8.3302536422852409 3.2589634961914262 50.223473790683784 14.422931896988301 5.6494774359744069 8.613776323851198 290.88753793691285 4.7944402631837866 3.8299434643704435 18.862710705609061 4.8997882148250929 163.43981384253129
leaf_count=69 878 356 158 566 2920 442 2196 53 9523 5300 486 35270 1408 402 2618 823 956 187 199 98 1893 581 107 128 53455 94 67 1937 103 30788
internal_value=0.00022022 -0.00100077 0.00180024 0.000867799 -0.00187087 0.00668949 -0.00654895 0.00789576 0.00367917 0.00584079 0.000237721 -0.00370421 0.00445402 0.00863595 0.00683562 0.0033762 0.00579491 0.00985577 0.0111238 0.00645748 0.00997548 0.0015385 0.0197091 -0.0115433 -0.00611784 0.0218738 -0.000875917 -0.00562579 0.0119812 -0.00636222
internal_weight=1679.75 1412.93 938.558 828.055 418.303 266.816 474.373 243.96 409.752 249.821 159.931 325.606 92.6971 110.503 228.921 109.043 94.8955 119.878 107.796 94.4906 53.4824 41.0082 16.0124 14.1476 465.505 15.0388 12.0821 22.856 9.69423 454.327
internal_count=154061 146385 59068 55829 40164 7676 87317 5297 15665 5656 10009 35836 4328 3239 5047 1976 1779 3071 2817 2974 1991 983 265 197 85121 250 254 2379 197 84243
is_linear=0
shrinkage=0.025


Tree=10
num_leaves=31
num_cat=0
split_feature=22 32 32 35 25 4 33 16 7 36 27 13 13 18 36 21 12 38 32 35 27 16 18 15 19 35 13 2 22 38
split_gain=24.8581 25.1235 11.9114 9.10585 7.22362 6.08987 5.09586 5.25846 4.6514 5.70422 4.41773 4.17356 5.70337 4.05461 4.04115 3.92225 3.80476 3.67642 3.26242 2.83359 2.66387 2.58628 2.50532 3.13987 2.59662 2.28445 2.2678 2.473 2.02399 2.01505
threshold=-0.17130434599568875 0.6982940491779428 0.97870072131742514 -1.0747141454807807 0.0025698974797186348 -0.16347243391475494 0.85220028436911921 2.5275232201597011 0.070851382197344895 0.91354117830911086 119.08110000000001 0.39449689953096184 -0.13438504494392067 0.0090502549093452959 0.036999011331660205 -0.073432493079451697 0.069237348133634483 0.22019537006227127 0.0085745007398149112 -2.0269480470556203 117.36180000000002 0.022641875034884597 -0.0029622975065751863 1.5129828830047021 0.23364493721316174 0.096550733152185444 0.34050342958362506 -0.074888052276891257 0.51408052310528318 0.4102828443034629
decision_type=8 8 10 10 10 10 10 8 10 10 2 2 2 10 10 10 8 10 10 10 2 10 10 10 10 8 2 10 10 10
left_child=4 5 3 6 11 20 7 -3 9 -5 -7 12 16 -8 -14 -4 19 -16 -6 -1 26 -13 24 -24 -17 29 27 -2 -10 -20
right_child=1 2 15 8 18 10 13 -9 28 -11 -12 21 14 -15 17 22 -18 -19 25 -21 -22 -23 23 -25 -26 -27 -28 -29 -30 -31
leaf_value=0.0028545324450674958 0.01225249268585882 -0.0017739193519804985 0.02083966327236304 -0.0013509906196633148 0.028070766819826922 -0.0059260498728867144 0.017598321587407702 0.014019187469446335 -0.0082209643785233488 0.0052347460633873103 -0.023201338844265576 -0.0083464526288473846 -0.0015972718391829975 -0.0038300135441695763 0.003663444546068251 -0.01146774666837394 0.012435818781373502 0.012842696334810697 0.00020648336450685215 -0.012373706615208729 -0.0083214132441030968 0.0058033651643248944 0.011896955477280868 0 0.0045375900219398815 -0.00077258537835251696 0.016514821740971099 -0.0015648915373645167 0.0062662733254567103 0.019266592391256852
leaf_weight=11.012218494201081 9.6779536334797687 46.086739117046818 13.93481765501201 454.49862744600978 11.736540073528884 487.36471017030999 32.315067624673247 16.832780541386455 64.784257540712133 99.009446865413338 8.7241669862996769 20.026087943930182 19.55487121664919 5.4944487726315847 43.083660196047276 6.9869440475013098 7.2754730482120058 96.789938315516338 5.4599409971851882 17.805956544470973 10.370915255858561 11.38766450434923 59.155689213890582 18.536806869553402 26.02576491329819 6.6324787389021393 7.6419268466997883 28.466615477576855 5.1669903877191237 15.137061601621097
leaf_count=724 531 1564 145 32409 114 88294 630 227 12438 2516 2212 747 752 111 1212 175 134 1580 334 1272 1410 284 1466 777 636 290 206 863 113 244
internal_value=6.0146e-05 -0.0012668 0.00142645 0.000181917 0.00705435 -0.00541411 0.00711859 0.00251752 -0.00093832 -0.000150662 -0.00630019 0.00524253 0.00660892 0.0142701 0.00863816 0.00852719 -0.00214285 0.0101237 0.0169477 -0.00642324 0.00225069 -0.0029623 0.00670351 0.00913274 0.000647524 0.0109071 0.00495631 0.00201697 -0.00695781 0.0148477
internal_weight=1666.98 1401.07 848.828 724.188 265.902 552.246 100.729 62.9195 623.459 553.508 496.089 226.936 195.522 37.8095 159.428 124.64 36.0936 139.874 38.966 28.8182 56.1574 31.4138 110.705 77.6925 33.0127 27.2295 45.7865 38.1446 69.9512 20.597
internal_count=154410 146723 53207 50008 7687 93516 2532 1791 47476 34925 90506 6705 5674 741 3544 3199 2130 2792 982 1996 3010 1031 3054 2243 811 868 1600 1394 12551 578
is_linear=0
shrinkage=0.025


Tree=11
num_leaves=31
num_cat=0
split_feature=4 9 37 10 36 9 39 4 39 10 28 4 24 3 37 27 27 16 26 28 26 28 4 26 14 27 26 24 24 18
split_gain=22.2374 28.5486 6.40087 6.61145 6.07639 5.81931 5.69649 4.96893 4.76537 4.89031 4.53349 8.81338 3.69915 3.91648 3.17301 5.29841 3.10051 2.85059 2.74182 2.7246 2.46546 2.32587 2.22727 2.10404 2.37239 2.02469 1.76919 1.58582 1.73558 1.46715
threshold=-0.15692509951110237 0.14887508188843671 1.3352151071950422 0.018142484336752477 0.045027076366764097 -0.32459048273431573 0.89004709564927953 0.61440839756171106 1.3629590495135624 0.17307604179954719 0.064921893522299212 0.056942462704816073 0.082894945459941152 -0.23118861251298675 1.3058136414421566 119.08110000000001 119.08110000000001 -0.09749115522372491 -1.2391296686035285 0.63840679522497712 -2.722979184504732 0.97870072131742514 -0.21987144031764408 1.3729132243461384 44.237249592114267 116.18090000000002 -0.8088270918894751 -0.016590817945425437 0.0091400810683671691 0.0024638052617551045
decision_type=8 8 10 10 10 10 10 10 8 10 8 10 10 10 10 2 2 10 8 10 10 10 10 8 10 2 10 10 10 8
left_child=4 14 3 10 -1 12 18 -5 9 26 11 -3 13 -6 15 27 -16 -14 29 -20 -12 -9 -15 -10 -25 -8 -4 -2 -29 -7
right_child=1 2 8 7 5 6 25 21 23 -11 20 -13 17 22 16 -17 -18 -19 19 -21 -22 -23 -24 24 -26 -27 -28 28 -30 -31
leaf_value=-0.0032378551730548226 -0.0095160737738444971 -0.0015643145964429545 0 -0.0045309797126609503 -0.0033233652062518663 -0.016919472525554532 0.017951570839327771 -0.00084047361999437474 -0.011829109032346409 -0.01069787077939648 0.0026007455150991398 0.015920245688194116 -0.016604452780340579 0.019344585983595595 -0.0023263052893417193 -0.020490933166033801 0.015174792583246577 0.0094120704563891103 0.0046731644169910602 -0.0087127928069173199 -0.0011673209734939657 0.021112206266397076 0.007713178079321998 0.013868289002613549 3.6097978904090325e-05 0 0.013729699521358274 -0.00269490988278078 -0.0064439611635132097 0.0026239671998170271
leaf_weight=35.155850236304104 71.121529474621639 31.649918580660596 6.5452801377978167 169.43979391548783 5.7802416782360515 5.2832748966757208 23.652100729057569 3.9612092087045294 5.6922464892268181 4.9275198308750978 277.68448567111045 38.018810221226886 3.5640748371370137 50.379219113383442 40.191389471990988 15.748236828832885 6.2503451897064215 4.4843568266369385 135.62423782609403 8.7593352244002727 173.54660937818699 6.0157878794707358 18.862025206908584 8.6163078991230559 42.20656966464594 5.2335564842214799 63.869905337924138 126.9708799123764 251.46193531120662 2.4268605802208185
leaf_count=1590 13603 1128 226 22656 326 162 331 120 158 111 12056 562 113 534 4778 3351 224 72 3978 731 14617 89 193 110 2380 242 1900 21761 46025 73
internal_value=0.000134013 -0.00123485 0.00161545 0.000647377 0.00628777 0.0075932 0.00495595 -0.00346126 0.00664843 0.0107254 0.00208161 0.00797934 0.0130974 0.0148163 -0.00587741 -0.00649847 0.000194544 -0.00195744 0.00290261 0.00374444 0.00113569 0.0125708 0.0164679 0.000973283 0.00279112 0.0149713 0.0124834 -0.00593842 -0.00521834 -0.0104013
internal_weight=1643.12 1343.92 832.174 700.317 299.205 264.049 180.979 179.417 131.858 75.3427 520.9 69.6687 83.0699 75.0215 511.744 465.303 46.4417 8.04843 152.094 144.384 451.231 9.977 69.2412 56.5151 50.8229 28.8857 70.4152 449.554 378.433 7.71014
internal_count=154200 145855 56113 51228 8345 6755 5517 22865 4885 2237 28363 1690 1238 1053 89742 84740 5002 185 4944 4709 26673 209 727 2648 2490 573 2126 81389 67786 235
is_linear=0
shrinkage=0.025


Tree=12
num_leaves=31
num_cat=0
split_feature=22 33 33 8 2 26 38 11 27 3 8 39 17 13 37 12 25 37 38 3 27 18 33 2 8 11 13 24 5 3
split_gain=18.6661 22.2153 10.3359 7.91029 6.51056 4.8982 4.86826 4.76985 4.09304 3.93304 4.06006 3.90075 3.76315 5.04672 4.21684 3.8044 3.6585 3.58924 4.88834 3.73678 3.51188 3.4498 3.41319 4.41994 3.04483 3.01525 2.63556 2.61942 2.4617 2.23393
threshold=-0.18742325975106164 0.46770274978421295 2.3617364200331212 -0.17854026904992534 -0.024970569382276372 -0.50495558721093292 0.081049799799799815 0.025932992334071984 118.73545000000001 0.065714269371724324 0.059090321844045175 0.30504446212554009 -0.028906327251439001 0.20565032562151328 -1.7019607377820385 -0.26686442557139234 -0.00064237489360205598 1.3676374272738865 0.041407226927588928 0.0078778227265265972 116.7668 0.0032000011867947052 -1.7149528013729427 -0.037666278846484318 -0.34331206254764313 -0.13528783406658498 -0.28399033952567759 -0.036119878947647226 -0.061358079137361736 -0.026041547954602947
decision_type=8 8 10 10 8 8 8 10 2 10 8 8 10 2 10 10 10 10 10 8 2 10 8 10 8 10 2 10 8 8
left_child=5 3 4 20 17 22 -4 21 -5 10 -6 -9 13 14 -7 -16 27 18 -3 -19 26 -8 23 -1 -15 -24 -2 -14 -28 -18
right_child=1 2 6 8 9 12 7 11 -10 -11 -12 -13 16 24 15 -17 29 19 -20 -21 -22 -23 25 -25 -26 -27 28 -29 -30 -31
leaf_value=-0.0065580889337031462 -0.006720716493999696 0.0084852006031737783 -0.011223195004903506 -0.004984607324354566 -0.0051644051356985465 -1.4068475459990608e-06 0.022526319543269925 0.012366713616140583 -0.018001601408562488 -0.00628011831743246 0.0015349076319009561 0.0014765827922119344 -0.0073601861575661887 0.016712325294228982 0.023963815259542401 0.011192775754141059 -0.013293123050352499 0.00034237643827860512 -0.0014230599023145954 0.025573944172034454 -0.010514162107068997 0.003936380983532971 0.0058915680640389129 0.014935535900387181 -0.0017343386379136115 -0.013982157030112484 0.017597682885570891 0.0088742766973437717 0.0034373499519141631 0.0021226874359908244
leaf_weight=9.2365830878261495 12.225883362349121 62.423164979554713 6.108412504894658 580.57238224765752 69.856032902840525 10.552453228505327 24.334766218671575 36.22665749117732 15.013246977585366 70.404542552307248 274.3605784655083 50.517208130098879 5.647319348063319 5.7770646661520004 26.910424112109467 48.311497719259933 9.4741755125578475 6.6587096755392832 58.213816815754399 9.2383940860163403 11.325501435785553 10.43791454285383 5.3666819870704812 12.265350613277404 25.163188348989937 14.911741713760419 7.9204210340976715 49.749671883066185 79.158078206004575 10.963539318414407
leaf_count=366 662 1351 146 98028 5330 344 244 821 3362 11131 14373 1515 299 139 241 977 222 89 4085 119 1453 142 318 219 635 710 194 1238 5131 226
internal_value=-4.38243e-06 -0.00111458 0.00210589 -0.00421885 0.000599723 0.00649777 0.00848594 0.00963786 -0.00536084 -0.00094677 0.000140404 0.00621657 0.00817726 0.0110136 0.0141167 0.0161643 0.00361097 0.00531784 0.00367545 0.0162099 0.00185362 0.017472 -0.00108004 0.00551355 0.00197199 -0.00833808 0.00344747 0.00696581 0.005032 -0.0050178
internal_weight=1619.33 1385 678.78 706.216 551.155 234.33 127.625 121.517 595.586 414.621 344.217 86.7439 192.549 116.715 85.7744 75.2219 75.8347 136.534 120.637 15.8971 110.63 34.7727 41.7804 21.5019 30.9403 20.2784 99.3044 55.397 87.0785 20.4377
internal_count=154110 148176 39346 108830 36478 5934 2868 2722 101390 30834 19703 2336 4321 2336 1562 1218 1985 5644 5436 208 7440 386 1613 585 774 1028 5987 1537 5325 448
is_linear=0
shrinkage=0.025


Tree=13
num_leaves=31
num_cat=0
split_feature=22 33 33 8 6 37 21 37 3 12 38 13 26 18 3 25 22 8 21 31 18 17 25 20 36 8 6 3 31 8
split_gain=21.6056 23.8983 9.10875 9.00951 6.2076 5.02063 3.97876 3.93208 3.89881 4.45682 3.74277 3.73571 3.11848 3.94771 3.0852 3.05569 2.84037 2.76013 2.68176 2.54765 2.14717 2.08516 2.63461 2.7682 2.69166 2.35216 2.09279 2.00462 2.52226 1.82067
threshold=-0.20155603166573369 1.7141006135769687 0.35558326579305177 -0.15692509951110237 -0.023719164286914948 1.4790382501053256 -0.080489866386327699 0.85290581656345543 -0.060096119635854532 0.20850599948390228 0.39438411640325416 0.79784672108739529 -0.51731480903119842 0.001010887924556299 0.070851382197344895 0.010529554123296656 -0.24907056864409285 -0.2070200002694392 0.0076281327348566305 -1.0014192796686672 0.00071213749766201062 1.1471939122883914 0.0073777238197158508 0.081329962905082001 0.97486908239256875 0.16119167202148724 0.1383972618230809 -0.013816145284192225 -2.1015296390078411 -0.2070200002694392
decision_type=8 10 8 10 10 10 8 10 10 10 10 2 10 10 10 10 10 8 10 10 8 10 10 10 10 8 10 10 8 10
left_child=7 2 3 6 5 10 -2 11 9 20 -4 12 27 18 15 -6 -15 -9 -14 -8 -3 22 23 -10 -24 -23 -27 28 -1 -29
right_child=1 8 4 -5 14 -7 19 17 21 -11 -12 -13 13 16 -16 -17 -18 -19 -20 -21 -22 25 24 -25 -26 26 -28 29 -30 -31
leaf_value=0.00834719914494483 -0.0090344585872857604 0.0097654402533939866 0.0048398600313760264 -0.0058900606121762775 -0.0014261854262014536 0.016780640701182278 0.0063708542148755605 0.024296456652814307 0.0050817753884121533 0.021928050944426031 -0.0047747392455549497 -0.0071819813093879446 0.014229430357430762 0.0082270975586436375 -0.0072074293331646057 0.0070374891158447236 -0.0030277403188161702 0.0038131113784207944 -0.00044322186566212547 -0.00059304697502518197 -0.015144083187064783 -0.017091930297784587 0.019408995523204797 -0.014046202913518425 0.0057950425718121291 0.0095853252258952474 -0.012879691761171125 -0.013758537035147393 -0.0060434179212917665 0.0034707561513890027
leaf_weight=27.667204884579405 19.261986899771728 3.4085497967898872 106.78793412307277 501.3284957667347 312.81226519774646 16.872523978818208 62.158693112665787 13.45341563480906 109.62004926172085 19.126935264095664 31.282190863508731 10.652680354192851 70.94085962115787 33.065260133240372 52.022191715543158 27.768727154005319 21.643435202538967 7.7654541207011816 7.5442603398114434 64.101644272566773 2.769315704703331 3.9664680010173452 17.047145608812571 3.6137386730406424 25.698609394254163 7.8442022078670544 2.2960469084791839 7.4255635119043291 8.7527456567622703 5.2047310334164631
leaf_count=705 1542 80 3509 94886 22194 186 1255 119 3949 173 2842 363 1215 522 10075 601 536 161 129 6150 87 208 536 177 556 364 123 136 600 208
internal_value=0.00017307 -0.000963017 -0.00229518 -0.00430115 6.51544e-05 0.00429621 0.00112498 0.00754632 0.00710646 0.016247 0.00258528 0.00628361 0.00715342 0.00913649 -0.00159361 -0.000691883 0.00367098 0.0177401 0.0127395 0.00280418 -0.00103107 0.00559849 0.0064454 0.00426489 0.0117767 -0.00304711 0.0030126 0.00152966 0.00460691 -0.00643124
internal_weight=1603.9 1389.79 1194.4 646.851 547.546 154.943 145.522 214.116 195.391 25.3048 138.07 192.897 182.244 133.194 392.603 340.581 54.7087 21.2189 78.4851 126.26 6.17787 170.086 155.98 113.234 42.7458 14.1067 10.1402 49.0502 36.42 12.6303
internal_count=154187 149493 143240 103833 39407 6537 8947 4694 6253 340 6351 4414 4051 2402 32870 22795 1058 280 1344 7405 167 5913 5218 4126 1092 695 487 1649 1305 344
is_linear=0
shrinkage=0.025


Tree=14
num_leaves=31
num_cat=0
split_feature=22 32 32 35 36 27 7 25 20 26 9 26 15 19 27 14 14 33 9 32 9 1 14 9 0 27 9 28 33 26
split_gain=19.1174 23.6075 12.3923 7.5252 7.26065 3.98998 3.92372 4.33 3.50098 3.61697 3.1566 2.98163 2.84656 3.02713 2.897 2.71286 2.7028 2.69912 4.29637 3.57614 2.68476 3.04071 2.55922 2.44315 2.39056 2.98735 2.38247 1.95177 1.7695 1.75171
threshold=-0.16650381213753176 0.6982940491779428 0.98274000148953611 -1.140125737025635 0.80848919011667819 118.73545000000001 0.070851382197344895 0.010962129281673403 -0.046972178951675318 -0.54119629961166782 -0.32459048273431573 -0.7240766057015543 1.5517406407060557 0.0919454803216294 114.64975000000003 37.345723355367603 80.000005643703958 -2.6569093474222401 -0.32459048273431573 0.10062247362235742 -0.25424008393302394 -0.0073373969367560013 61.667280938466199 -0.20254393785019928 0.018254873775806483 112.24695000000001 -0.12702728210512923 0.060860746097539477 -2.1360658857514445 -0.023119259073657378
decision_type=8 8 10 10 10 2 10 10 8 10 10 8 10 8 2 10 8 10 8 10 8 8 10 10 10 2 8 10 10 10
left_child=4 5 3 8 17 23 7 -5 9 -3 -6 -10 13 29 -15 -12 -14 24 19 22 21 -20 -19 -2 25 -1 -22 -27 -17 -4
right_child=1 2 12 6 10 -7 -8 -9 11 -11 15 -13 16 14 -16 28 -18 18 20 -21 26 -23 -24 -25 -26 27 -28 -29 -30 -31
leaf_value=-0.014409636908686893 0.0017668122699591134 0.020366076124991087 -0.011319720390582192 -0.00095257134026212158 0.02503564821707804 -0.016892999380250285 -0.0065074215642930318 0.0078633682750006827 -0.0087085596293234504 0.0022298738562249697 0.023816283238070467 0.0052994356930207258 -0.0057004816369474621 0.013936253352040493 0.0042438911963739142 -0.013582013514538603 0.01193336218245577 0.016546441896186852 -0.010669642269417447 -0.0071047900653424551 0.0079389558479126456 0.004989642019894866 -0.0019893393306284865 -0.0055277779935174604 0.010295238271947791 0.011675443713852011 0.0014376382879462378 -0.0059284278984292824 0.0062805455859255904 0.0069588969622325567
leaf_weight=11.985907967900863 28.501989053562284 17.701881316723306 5.4975378506351262 475.90053250291385 15.286806468153371 18.26461082464084 71.945850027026609 36.295010376954451 9.9986708201467973 12.905838362406937 4.0782280766870853 54.554767659399658 15.453331858152525 71.362924808403477 31.588961387984455 2.2265182419214389 6.8621308314613989 36.787882379954681 15.36058499815408 4.209033199120312 74.495298430556431 12.83898307872005 4.2259385862853369 444.65729140443727 5.869248194852843 5.9728134297765774 73.353528213920072 7.1262120888568461 12.377836823463438 4.8870848459191603
leaf_count=166 2803 237 95 34738 111 4201 12793 648 306 296 79 1403 554 1136 614 30 222 776 522 243 2172 366 94 85852 92 98 3068 79 387 94
internal_value=3.84001e-05 -0.00124006 0.00136244 -9.21406e-06 0.00588104 -0.00556396 -0.00108591 -0.000296331 0.00645339 0.0133273 0.0166253 0.00289634 0.00822589 0.00981742 0.0111175 0.00827081 0 0.00433254 0.00530773 0.0121565 0.00343572 -0.00337236 0.0144566 -0.0050692 -0.00234309 -0.00592049 0.00480126 0.00188016 0.00197649 -0.00224046
internal_weight=1592.57 1306.38 814.955 679.303 286.195 491.424 584.141 512.196 95.1612 30.6077 33.9694 64.5534 135.652 113.337 102.952 18.6826 22.3155 252.225 221.271 45.2229 176.048 28.1996 41.0138 473.159 30.9542 25.0849 147.849 13.099 14.6044 10.3846
internal_count=154275 145992 53136 50421 8283 92856 48179 35386 2242 533 607 1709 2715 1939 1750 496 776 7676 7241 1113 6128 888 870 88655 435 343 5240 177 417 189
is_linear=0
shrinkage=0.025


Tree=15
num_leaves=31
num_cat=0
split_feature=22 33 33 13 9 28 28 36 24 25 13 24 13 8 24 1 36 36 1 31 11 18 0 24 25 12 19 23 16 26
split_gain=17.7 23.4789 11.5271 7.86535 6.13842 5.33445 5.03483 5.00573 4.5781 4.50296 3.81277 3.68108 3.48605 3.4309 3.36626 3.03496 2.97486 2.96862 2.80555 2.58316 2.56941 2.55328 2.39745 2.52409 2.30216 2.21021 2.18202 2.09389 1.85848 1.75083
threshold=-0.16650381213753176 2.3617364200331212 0.33666844426625137 -0.11704119837573267 -0.32459048273431573 0.16474657425533043 0.25257736341568149 0.84735150757020239 0.014664766727408131 -0.015535841901779581 -0.11072792841719618 0.0091400810683671691 0.44760549359342056 0.19466941692738707 0.0083654858716447639 -0.019227276708517368 0.97116371812820856 0.90179360784418805 -0.042845322406505452 -1.0942494764942126 0.025932992334071984 -0.0030343215900172885 -0.019273804147379166 -0.0045981832183018536 -0.005732215531977009 -0.29348436577902892 0.95535948447570329 0.019946234906670027 -0.06587435500205234 -0.31273610069357771
decision_type=10 10 10 2 8 10 10 10 10 8 2 10 2 8 8 10 10 10 10 10 10 10 10 8 8 8 10 10 10 8
left_child=4 2 11 8 7 13 -7 10 16 26 -1 14 22 -3 19 -10 -4 27 29 -2 -8 -22 24 -24 -11 -20 -6 -5 -14 -12
right_child=1 5 3 17 9 6 20 -9 15 12 18 -13 28 -15 -16 -17 -18 -19 25 -21 21 -23 23 -25 -26 -27 -28 -29 -30 -31
leaf_value=-0.0045056967736100415 0.0023816298288185881 0.026119718847382359 -0.0021942174399581689 -0.002638161754263125 -0.012858000746996385 -0.012454398033492776 0.015148213618816981 0.024029822207535818 0.0090974900316859435 0.0010742672200579537 0.0032503692720830622 -0.0074348259307405289 -0.011328395153835231 0.0060018040640117155 0.011826794138501405 0.0022305644809582233 0.013150417524548715 0.00065405667755083149 0.0010114974185554835 -0.0048541335284627242 -0.0017936479496418912 0.0071477823307210982 -0.0017242015215991218 0.0049298473957334879 0.014505293962024934 0.013043127343160625 0.010061810644717206 -0.008217043614723387 0.0029095113491848447 0.024761169333911853
leaf_weight=11.858415594790129 34.71917274245061 13.907046446111051 116.27938207099214 102.15968164755031 14.145246458472682 7.8515612343326202 18.950476598925889 14.338465094566343 70.699635173892602 13.293945991899816 4.5482221520505846 277.51435571047477 12.662993415025996 11.353486576583238 7.7717647580429903 102.72204994806089 7.1892718512099227 74.483435909613036 24.266282849712297 184.33482529839966 24.519886501133442 77.743393802316859 42.835512997349724 164.11002314486541 26.344522602972575 16.641993465600535 1.8244147168006737 80.198929241625592 7.9190163188613942 10.551380632212384
leaf_count=436 3508 111 7734 10943 714 82 220 87 1579 463 156 55157 649 93 1259 3637 125 5075 468 34837 571 1752 1653 7195 705 214 44 13988 311 141
internal_value=2.86832e-05 -0.00142069 -0.00275635 -0.000249722 0.00484785 0.00763915 0.00539783 0.0108529 0.00250246 0.00303953 0.00759124 -0.00548651 0.00384223 0.0180433 -0.00304333 0.00511627 -0.0011226 -0.00345694 0.0103244 -0.00366652 0.00672622 0.00493545 0.00468811 0.0035145 0.0103484 0.00631644 -0.00928254 -0.00517022 -0.00564749 0.0194583
internal_weight=1577.74 1212.4 1058.07 553.732 365.34 154.326 129.065 82.2048 296.89 283.136 67.8663 504.34 267.166 25.2605 226.826 173.422 123.469 256.842 56.0079 219.054 121.214 102.263 246.584 206.946 39.6385 40.9083 15.9697 182.359 20.582 15.0996
internal_count=153907 140671 137842 43081 13236 2829 2625 1502 13075 11734 1415 94761 10976 204 39604 5216 7859 30006 979 38345 2543 2323 10016 8848 1168 682 758 24931 960 297
is_linear=0
shrinkage=0.025


Tree=16
num_leaves=31
num_cat=0
split_feature=22 32 32 29 27 4 36 38 24 11 38 24 27 15 26 26 36 5 24 18 27 27 32 23 2 29 24 17 27 20
split_gain=20.8021 21.2099 9.77689 7.68361 5.17944 6.50987 4.5186 5.33553 4.37054 4.02599 4.81247 4.16673 5.29255 3.49213 3.43006 3.41575 3.96384 4.23838 3.74047 3.85335 3.47231 3.23391 3.04849 2.88273 3.57003 2.80713 2.57631 2.67897 2.06058 2.01004
threshold=-0.18742325975106164 0.6982940491779428 0.98578678738105852 -1.140125737025635 118.73545000000001 -0.16347243391475494 0.91354117830911086 0.93537938252223973 0.018651011508638463 0.025932992334071984 0.33488916725668544 0.0086241277224008445 112.77090000000001 -0.21882170621770078 -0.13613365688047036 -0.31273610069357771 0.12899815863056677 -0.022711554733103597 -0.0016646039423866552 0.0030801407906151618 113.62130000000001 114.06975000000001 0.041052239434808256 0.026299965055935019 0.024592439481549436 -1.3286603127119638 0.0207398762487403 -0.2423269031284862 108.71180000000003 -0.012249504409638566
decision_type=8 8 10 10 2 10 10 8 10 10 8 10 2 8 10 10 10 10 10 10 2 2 8 10 10 10 10 8 2 10
left_child=15 4 3 8 5 23 7 -5 25 10 -4 12 -11 -8 -13 22 18 -18 29 20 -20 -10 -1 24 -2 -3 -19 -28 -24 -17
right_child=1 2 9 6 -6 -7 13 -9 21 11 -12 14 -14 -15 -16 16 17 26 19 -21 -22 -23 28 -25 -26 -27 27 -29 -30 -31
leaf_value=0.0063489878581955211 0.0016594507221858873 -0.0041865730936754509 -4.162244987296042e-05 -0.0056340844711384409 -0.01793606377178128 -0.0056442646372342371 0.011218488620527111 0 0.0057248737038291912 0.0058326594933582748 0.020429447389473828 0.016080783277240159 -0.012022251598583791 0.00093658848675209298 0.0029584056315986535 0.00074479930562282835 0.018359614077045231 0.01220201158264401 0.0031081863250826992 -0.0029265244623248783 0.021014552989038177 0.018035249941826099 0.0068603045248846603 -0.015685968877538543 0.018622069013270997 0.0099635867697561668 0.0083556608732906542 -0.0057551549263044647 -0.0062471185087029334 -0.015722807266251776
leaf_weight=54.182398403296247 42.909131935797632 29.193794524064288 8.8746713073924166 170.50041373178829 18.396503744297661 432.92919894657098 25.373849633848295 273.0901518156752 41.930393922608346 25.003359249327332 25.037505828076974 24.394485246855766 15.845734991831703 103.30962551815901 28.895050509832799 9.0099097357597184 39.282240506960079 33.069308239035308 15.356500592315571 14.086469742702318 13.776985142379997 22.204770998097956 8.5853306988719833 3.2594664304051539 8.7379181392025185 11.106798862107096 17.200083701172844 13.875749052967878 27.589529858552851 6.7192409036215386
leaf_count=1264 1584 922 97 22542 4506 88453 430 20140 723 361 223 504 311 5600 605 261 582 413 277 340 304 301 185 234 183 396 354 271 1504 149
internal_value=0.000118401 -0.0011443 0.00137039 0.000155417 -0.00515047 -0.00461015 -0.000974834 -0.0021809 0.00636054 0.00767205 0.0150403 0.00478316 -0.00106049 0.00310664 0.00932496 0.00667232 0.00885167 0.0118122 0.00340073 0.00723682 0.0123196 0.0103547 0.00260931 0.0033563 0.00502888 0 0.00742421 0.00184291 -0.00281529 -0.00646272
internal_weight=1563.73 1310.99 804.761 676.71 506.232 487.836 572.274 443.591 104.436 128.051 33.9122 94.1386 40.8491 128.683 53.2895 252.734 162.376 103.427 58.9491 43.22 29.1335 64.1352 90.3573 54.9065 51.6471 40.3006 64.1451 31.0758 36.1749 15.7292
internal_count=154019 148115 53155 51054 94960 90454 48712 42682 2342 2101 320 1781 672 6030 1109 5904 2951 1620 1331 921 581 1024 2953 2001 1767 1318 1038 625 1689 410
is_linear=0
shrinkage=0.025


Tree=17
num_leaves=31
num_cat=0
split_feature=4 33 33 13 25 30 24 13 27 31 38 11 27 27 37 39 25 39 18 18 33 24 23 25 27 16 3 39 24 39
split_gain=20.5416 21.7177 7.50026 6.12233 6.11041 5.06284 4.33605 4.81165 5.91441 4.0221 3.93768 4.42194 3.41626 3.38591 3.31327 3.22726 3.019 2.99337 2.91611 2.75386 2.73213 2.66039 2.52737 2.42578 2.40594 2.27515 2.1705 2.12535 2.10054 1.81894
threshold=-0.16347243391475494 1.6493751581776175 0.35558326579305177 -0.065928523973866407 0.0025698974797186348 0.092707174638487225 0.081030230537369921 -0.092490261369277765 113.73020000000001 -0.82430809153030826 0.092902855157855374 0.00057625325987398235 118.81405000000001 115.00935000000003 1.3058136414421566 0.62367744285012694 0.0087168962007865766 -2.8780876620046194 0.010048800595878376 0.0041727808276066222 -1.283863352098942 0.0093529945004973154 0.047995737750623275 0.0082679718204118641 114.51160000000002 -0.49831936529677917 0.05513174948849265 -1.9685239585279193 0.0091400810683671691 0.99113951698880542
decision_type=8 10 8 2 10 10 10 2 2 8 8 10 2 2 8 10 10 10 10 10 10 10 10 8 2 10 10 10 10 10
left_child=4 2 5 14 6 -2 7 25 15 -10 27 18 28 21 17 -9 -15 -4 24 -16 -6 -13 -22 -5 -12 -1 -25 -3 -7 -27
right_child=1 10 3 23 20 12 -8 8 9 -11 11 13 -14 16 19 -17 -18 -19 -20 -21 22 -23 -24 26 -26 29 -28 -29 -30 -31
leaf_value=-0.012201041506601019 -0.00031788039710942145 0.0038168259101121803 0.0029460707249043868 -0.0054286613069749381 0.018550220152292043 -0.0034507418942706864 -0.01112887235493153 0 0.012808576556317997 -0.010858132334051009 0.022132987910611499 0.002148692454620293 -0.019900967064861334 -0.0055865597192680458 0.0036890960368783695 0.011270366197678365 0.0080468049421273669 -0.0026810595455286127 0 0.019382659842248007 0.010501578142795957 0.0094178372846705459 -0.010855347365075627 0.0058189512431380732 0.0066600829504472742 0.0027671098603114777 -0.0048638294098901106 -0.017276429550665693 -0.0071805548913447988 -0.012607571868385473
leaf_weight=8.5260004989104328 128.96611769660376 3.6908975278493017 156.00759643409401 147.38003210059833 31.678115964168683 179.02723220363259 9.2574010996613634 72.864576802588999 86.709413815289736 3.5057223673211402 20.633927267743275 57.465404017129913 10.224623965565113 31.341859010281041 24.497030881699175 19.401598540367559 13.355341059388591 92.519384167157114 7.2293959588278076 10.196681396337224 10.284544273512436 81.040748951490968 3.573510041111148 25.719018455361947 13.130866371095179 42.822341188089922 19.671702767373063 5.9115496554877591 239.81227338546887 4.1227348593529305
leaf_count=384 13394 115 5006 21209 324 35237 707 1218 1567 616 253 1558 2778 1352 540 221 372 8519 125 173 342 2534 233 744 226 1978 2283 246 49909 114
internal_value=0.00017305 -0.00120152 -0.00276284 -0.000437754 0.00613214 -0.00472749 0.00449391 0.00518586 0.00714101 0.0116764 0.00565063 0.00635363 -0.0060309 0.00457373 0.00188128 0.00253324 -0.00124568 0.000818404 0.0137739 0.00900427 0.0145216 0.00649996 0.0040701 -0.00387412 0.0167653 -0.00112861 0.00102218 -0.00895116 -0.00561857 0.000980534
internal_weight=1560.57 1267.82 1034.02 475.991 292.746 558.03 247.21 237.952 182.481 90.2151 233.8 224.198 429.064 183.203 283.221 92.2662 44.6972 248.527 40.9942 34.6937 45.5362 138.506 13.8581 192.771 33.7648 55.4711 45.3907 9.60245 418.84 46.9451
internal_count=154277 146573 139792 38474 7704 101318 6805 6098 3622 2183 6781 6420 87924 5816 14238 1439 1724 13525 604 713 899 4092 575 24236 479 2476 3027 361 85146 2092
is_linear=0
shrinkage=0.025


Tree=18
num_leaves=31
num_cat=0
split_feature=4 32 29 32 30 9 13 37 3 24 14 24 24 38 28 14 10 38 20 3 37 30 32 26 19 19 32 38 24 24
split_gain=18.1159 23.4265 10.117 9.36878 5.17995 4.22579 3.94894 3.78472 3.49247 3.43336 4.13436 2.89009 3.83503 2.77092 2.74119 4.107 2.73742 2.66704 3.78169 2.47976 2.4352 2.37888 2.16484 2.05825 3.88017 3.31579 1.94302 1.80896 1.54108 2.12171
threshold=-0.16347243391475494 0.6982940491779428 -1.0747141454807807 0.98578678738105852 0.16020828394053549 -0.32459048273431573 -0.13056192859998661 1.2494793852976078 -0.23118861251298675 0.017643471792524904 32.214679853472468 -0.0016646039423866552 0.012542325091539854 0.93537938252223973 0.85149640971295992 73.883520293723038 0.038262039696509993 0.33488916725668544 0.020184627185939611 -0.0063843241770205608 -1.8395225310527104 0.029258130170071891 0.87473682344232728 -0.30367842721132177 0.72727550772949878 0.79271205792325927 0.80084301602529939 0.91195678407655079 0.0093529945004973154 -0.016590817945425437
decision_type=8 8 10 10 10 8 2 10 10 10 8 10 10 10 10 8 10 10 8 8 10 10 8 8 10 10 10 8 10 10
left_child=4 21 9 6 5 8 19 -8 -1 17 26 27 20 -14 16 -16 -5 18 -3 -4 -13 -2 -12 24 -10 -25 -11 -7 29 -23
right_child=1 2 3 14 -6 11 7 -9 23 10 22 12 13 -15 15 -17 -18 -19 -20 -21 -22 28 -24 25 -26 -27 -28 -29 -30 -31
leaf_value=-0.0028268820208440263 0.0020357299542149475 0.0014267932776722068 -0.0026156955504573524 0.011680019940701412 -0.009063324049531106 -0.0018570270062991609 -0.004959802500674914 0.0012795849145228592 -0.0035243954963238809 -0.0066000073114008961 0.0058629648847931433 -0.00066216030933767046 0.0045537754732523803 -0.013218388074518351 -0.0034681702959313294 0.010012097589005162 -0.002730849829726299 0.0096765841688718282 -0.021711935473977446 0.0028339294001254616 0.015402498951484234 -0.0079586177101826448 0.017805979124323881 0.018434291061787868 0.019401263207652241 0.0035816552813083356 0.0072003819999412067 0.0076474553100503275 -0.0073633517614708965 -0.0021783651701357868
leaf_weight=8.7651090715080482 21.994107260368764 27.363784449175 74.09874568739906 58.368337547173724 12.711785725317894 55.497705915477127 213.28968829324003 81.798047058400698 11.872224851744251 8.8908447518479097 17.214414439164102 5.9043970992788664 78.43754380219616 4.5547515726648262 32.593554290710017 22.653492358280346 8.1528692231513542 18.081995476270095 3.9549126492347595 163.50926844263449 34.163874530000612 62.222682971390896 39.899074511602521 44.774513489333913 5.7393297629896542 14.337216116720809 15.235812656115739 14.810943235177545 254.60640855494421 124.64201769791543
leaf_count=372 1264 750 4835 638 2285 1677 31758 4488 319 187 387 166 1466 52 793 451 169 658 105 7150 423 13245 525 458 97 146 162 237 54570 24375
internal_value=0.000114761 -0.00119166 0.00143197 0.000147228 0.00571673 0.00645321 -0.00127423 -0.00320676 0.0111151 0.00775126 0.0109051 0.00429783 0.00659156 0.00331483 0.00637839 0.00202175 0.00978598 0.0022809 -0.0019579 0.00109844 0.0129031 -0.00564441 0.0145296 0.0128231 0.00430906 0.0150992 0.00174695 0.000135002 -0.00604846 -0.00418147
internal_weight=1540.14 1248.57 785.105 654.464 291.569 278.858 532.696 295.088 85.4884 130.641 81.2401 193.369 123.061 82.9923 121.768 55.247 66.5212 49.4007 31.3187 237.608 40.0683 463.465 57.1135 76.7233 17.6116 59.1117 24.1267 70.3086 441.471 186.865
internal_count=154208 146510 53056 50282 7698 5413 48231 36246 1392 2774 1261 4021 2107 1518 2051 1244 807 1513 855 11985 589 93454 912 1020 416 604 349 1914 92190 37620
is_linear=0
shrinkage=0.025


Tree=19
num_leaves=31
num_cat=0
split_feature=4 32 35 32 31 9 11 38 32 36 27 26 0 27 31 2 5 25 20 3 26 33 2 20 28 23 23 2 30 26
split_gain=20.1848 20.6529 8.82831 7.52326 6.23557 3.9776 3.9732 3.65774 3.27615 4.33439 3.25859 3.24394 3.81398 3.17992 2.98398 2.90511 2.83999 2.53456 2.44741 2.37095 2.3206 2.24306 2.12549 3.03747 2.09069 2.08648 2.14295 1.9838 1.94565 1.51919
threshold=-0.15083339333839049 0.72228021340756221 -1.0747141454807807 0.98578678738105852 -0.92249300333485906 -0.32459048273431573 -0.2839318843878687 0.73857565156076277 0.87863095545568826 0.22032067943039135 118.73545000000001 0.32912118063635692 -0.0044565688572076869 115.61315 0.0257687908743995 0.0093565999410365492 -0.014868177318761553 0.010962129281673403 -0.018872341029965097 0.071891152405173867 0.093828312924694193 4.0367604350873245 -0.095151971409657851 -0.046972178951675318 0.13291786389169322 0.0034852420322051274 -0.066586376883924978 -0.040466801892348074 0.0043243293783250597 -0.074929321276481733
decision_type=8 8 10 10 10 10 10 10 10 8 2 10 10 2 8 10 8 10 10 10 10 10 10 10 10 10 10 10 10 10
left_child=4 10 8 13 5 6 29 20 9 14 -2 12 -5 15 -3 -4 -11 -15 24 -20 28 -13 -10 -24 -8 26 -9 -22 -7 -1
right_child=1 2 3 11 -6 7 18 25 22 16 -12 21 -14 17 -16 -17 -18 -19 19 -21 27 -23 23 -25 -26 -27 -28 -29 -30 -31
leaf_value=-0.012871790486005877 -0.0051768640369995013 -0.0088590539529348946 0.0012440195932868999 0.00019395048176232851 -0.0094172276651418724 0.01267981143929538 0.010039773412903345 0.0024072876291772846 0 0.015530278657836894 -0.017689320020728674 0.0034776474678820907 0.012227680081239957 -0.0077169185216959596 0.0045266808068909125 -0.0030574937194439347 0.0010416230850500143 0.0017337088025609401 0.010322285442967262 -0.0025843146626596241 -0.010071300804061869 -0.0088315420973184202 0.021413539952768304 0.007847267593138427 0.023230360379927428 -0.0015403856653605069 0.015907679123489112 0.0012776625528510132 0.0025536768987841334 0.0063472019075796323
leaf_weight=5.0607061735354364 462.48486562655307 21.070460163522512 229.84620027197525 25.82351313601248 14.870227442530448 13.389057934517039 22.256922246422619 12.213606958743183 10.191468903329222 19.059635709272698 13.000687319086863 29.110396861331537 51.676959327654913 76.262212339555845 17.733738222392276 168.05735423578881 16.869960668031126 20.937031178968027 42.738714591832832 9.541908943327142 14.227582204388453 12.079991466714999 17.840486510656774 34.520410689525306 18.764522457728162 6.7483438428025684 28.973606761777773 22.549799659755081 92.594494858174585 2.8159489983227095
leaf_count=266 92643 797 15234 399 2708 226 372 252 126 282 3271 571 803 8235 399 20647 400 904 487 154 369 223 137 465 199 165 311 460 2919 65
internal_value=-6.53916e-05 -0.00150558 0.0010676 -0.000206568 0.00565248 0.00648124 0.0105244 0.00424455 0.00677088 0.00302068 -0.00557838 0.00540016 0.00837738 -0.00157559 -0.00260193 -0.000557693 0.00918297 -0.00560869 0.0119846 0.00782129 0.00213235 -0.000103182 0.0109926 0.0129858 0.01674 0.0101767 0.0122627 -0.00309478 0.00403054 -0.00524383
internal_weight=1533.31 1226.57 751.08 613.794 306.745 291.875 101.179 190.696 137.286 74.7338 475.486 118.691 77.5005 495.103 38.8042 397.904 35.9296 97.1992 93.3021 52.2806 142.761 41.1904 62.5524 52.3609 41.0214 47.9356 41.1872 36.7774 105.984 7.87666
internal_count=154489 145536 49622 47016 8953 6245 1543 4702 2606 1878 95914 1996 1202 45020 1196 35881 682 9139 1212 641 3974 794 728 602 571 728 563 829 3145 331
is_linear=0
shrinkage=0.025


Tree=20
num_leaves=31
num_cat=0
split_feature=22 32 3 32 22 9 23 11 18 29 37 37 24 37 26 18 26 16 24 1 16 26 39 19 18 38 16 29 38 32
split_gain=19.1819 17.8099 6.04112 5.62057 5.26466 5.14385 5.21323 4.22679 5.20047 3.77958 3.87706 3.24603 3.22439 3.89068 4.24598 2.93069 2.85594 2.80576 2.6961 2.66771 2.3622 2.09231 3.13769 3.08508 1.94714 4.64162 1.86725 1.85355 1.76182 1.7365
threshold=-0.20155603166573369 0.95553201506591356 0.070851382197344895 0.6982940491779428 -0.12903967349252296 -0.32459048273431573 -0.14061965500169052 0.041344418314590022 0.0044644899108702858 -1.140125737025635 -1.0201349230063703 1.7613330838999044 -0.0021242790001379515 -1.8395225310527104 -0.36761824486922329 0.0020798355863402783 0.93918354423888817 -1.0855327668122918 0.060936528448545697 -0.044038785514955985 -0.41254503447027907 -0.25807179010839099 -0.79587258078735856 0.79271205792325927 -0.0019596835064859212 0.081049799799799815 1.5037760920661298 -1.1637468386505827 0.10479695630572916 0.98578678738105852
decision_type=8 10 10 8 10 10 10 10 10 10 8 10 10 10 10 10 10 10 10 10 10 8 10 10 10 10 8 8 8 10
left_child=5 2 3 4 16 6 17 8 24 10 -5 -11 -7 -14 15 -15 -2 -1 21 -9 -20 22 -8 -23 25 -3 28 -10 -19 -21
right_child=1 7 -4 9 -6 12 18 19 27 11 -12 -13 13 14 -16 -17 -18 26 20 29 -22 23 -24 -25 -26 -27 -28 -29 -30 -31
leaf_value=-0.017660862669172928 -0.00064885270997555361 -0.0081699503018898972 -0.0078393726050850956 -0.0014813386176861446 -0.0053931500153745829 -0.003488722596248247 0.016360394344084216 -0.0094204256993088969 -0.011540258716382458 -0.0017678340874605911 0.008492781675023011 0.0074887966382392078 -0.0059847287596187411 -0.005577416709970898 0.011210605462373327 0.0080548676350150842 0.010948624878961364 -0.0064653707289276177 -0.011401223220805804 -0.00034961955671857945 0.011160042970240529 0.022366783693059639 -0.0053950866964601928 0.005481288084349778 0.01758650013061154 0.01299031419273056 -0.010107870247626168 0.0034740799417293136 0.011207825160396562 0.0053093162127561414
leaf_weight=3.0358999331947443 86.296380047686398 7.3481834039557752 122.02901055850089 39.454689681529999 344.82071775232907 31.235544610768557 7.4177077107597142 9.7117328189779055 6.0713882220443338 357.15336336859036 56.961519086966291 23.942113385070115 14.743446845095603 20.849462625337765 60.785939362016506 16.519640726270154 14.292845346149987 3.0436111316084853 3.8584046147298068 49.32317450386472 5.4348223712295276 36.553125720936805 6.4208936190698278 10.943931653862817 31.723337634815834 23.946312905289233 3.1163140144199195 15.686250436119737 15.482324317796154 91.913579322979786
leaf_count=64 8272 151 25148 1118 73124 774 142 195 74 32940 1037 407 550 561 983 430 581 135 87 3116 99 304 106 112 547 484 105 419 317 1596
internal_value=0 -0.00121216 -0.00261752 -0.00190969 -0.00392577 0.00648019 0.0109922 0.00496779 0.009428 -8.34614e-06 0.00436638 -0.00114499 0.00337894 0.00536145 0.00719289 0.00031762 0.00103501 0.000718663 0.0144054 0.00235896 0.000845584 0.0162844 0.00614244 0.0188611 0.0130155 0.00767269 0.00441757 -0.000773142 0.00770742 0.00329413
internal_weight=1520.12 1280.67 1044.95 922.922 445.41 239.441 95.307 235.724 84.7755 477.512 96.4162 381.095 144.134 112.898 98.155 37.3691 100.589 24.6781 70.6289 150.948 9.29323 61.3357 13.8386 47.4971 63.0178 31.2945 21.6422 21.7576 18.5259 141.237
internal_count=153978 149209 142627 117479 81977 4769 1471 6582 1675 35502 2155 33347 3298 2524 1974 991 8853 621 850 4907 186 664 248 416 1182 635 557 493 452 4712
is_linear=0
shrinkage=0.025


Tree=21
num_leaves=31
num_cat=0
split_feature=4 32 9 29 32 22 3 24 24 27 30 27 39 13 18 26 26 13 2 11 3 1 36 27 37 26 37 37 32 13
split_gain=21.3477 16.7976 7.29803 7.10503 7.94259 4.60638 3.6922 3.87807 3.37418 3.32582 3.21516 3.05673 2.9975 2.96216 2.95686 3.54925 2.9512 2.91207 3.66975 2.57083 2.3982 2.32182 2.24509 2.15067 2.15032 2.14589 2.08674 2.00969 1.954 1.97159
threshold=-0.18690598913568232 0.80846584546472566 -0.32459048273431573 -1.0964677469623638 0.98578678738105852 -0.17130434599568875 -0.23118861251298675 0.060936528448545697 0.0091400810683671691 119.08110000000001 0.14436256873561995 112.27755000000001 0.42864796731224836 -0.21693777943867831 0.0048444734876329351 -1.2391296686035285 1.4049343289824139 -0.58382491748634135 0.017586816247965435 -0.14689428315147177 0.041854319231551258 -0.048150553428678904 0.16873713991769551 113.73020000000001 1.2494793852976078 0.224855033029837 -0.42969607724225028 -0.68695525784375611 0.6982940491779428 0.0084647004512731095
decision_type=8 8 10 10 10 10 10 10 10 2 10 2 10 2 10 10 8 2 10 10 8 10 10 2 10 10 10 10 10 2
left_child=2 5 6 8 13 12 -1 -8 11 28 19 -3 20 21 15 -10 22 23 -19 -4 27 -5 -14 -6 -15 -9 -16 -2 -7 -30
right_child=1 3 10 4 17 9 7 25 14 -11 -12 -13 16 24 26 -17 -18 18 -20 -21 -22 -23 -24 -25 -26 -27 -28 -29 29 -31
leaf_value=-0.00095679327355248497 0.0049768641013273086 0.0060700239795953483 -0.0030082843356108598 -0.0061882731293286296 -0.014370680206983413 -0.0052069812033928159 0.016084392256936666 -0.0086423464331231194 0.020336584114027764 -0.016827413992625329 -0.010466147896330873 -0.0083072756083815511 -0.00048424748507303088 -0.0043401601391420989 -0.0042744906796121007 0.0073942069237686982 -0.0051348252024299062 0.012338843796577459 0.0032016243000371524 0.0060686827331256511 -0.016958208869522987 0.0033251025933767157 0.017900865247102798 0.004124506855205743 0.00085330122482544374 0.011567598512154446 0.010927891725252064 -0.004319033057903667 0.00013946850593779477 -0.0060285310038168984
leaf_weight=10.328782453201709 26.622012067120522 24.400622128508985 22.216633149189875 17.448753320844844 6.3326781210489553 419.22082639858127 75.20474015083164 6.3481323563028109 23.78991834144108 13.074679234181529 8.5267216856591386 13.127128059975801 4.5163290377240655 182.12034125661012 13.162368824938314 39.475055333925411 5.9417157608550069 47.427497616037726 73.081717855297029 99.138330163201317 4.4574259023647747 101.13557459157892 14.385176240233703 6.4603221497964114 64.881089172326028 4.6098263401072472 7.867288321722298 29.191619892604649 101.02263346663676 44.945437857881188
leaf_count=531 1357 623 828 877 79 88817 897 203 258 3067 1640 335 147 24059 192 536 132 535 1336 1855 329 4881 317 86 3507 48 97 1511 7718 7368
internal_value=0.000151442 -0.00109323 0.00721325 0.0018529 0.0005085 -0.00385952 0.0124101 0.0140895 0.00723885 -0.0046608 0.0032169 0.000745641 0.00148658 -0.00138195 0.00999085 0.0126653 0.00862215 0.00571496 0.00694548 0.00433257 -0.00144354 0.0018147 0.0133682 -0.00494209 -0.00294822 0 0.0013583 0 -0.00433104 -0.00174245
internal_weight=1510.46 1284.09 226.373 620.71 498.888 663.378 96.4915 86.1627 121.822 578.264 129.882 37.5278 85.1143 365.586 84.2946 63.265 24.8432 133.302 120.509 121.355 60.2711 118.584 18.9015 12.793 247.001 10.958 21.0297 55.8136 565.189 145.968
internal_count=154166 148164 6002 37401 35360 110763 1679 1148 2041 106970 4323 958 3793 33324 1083 794 596 2036 1871 2683 3197 5758 464 165 27566 251 289 2868 103903 15086
is_linear=0
shrinkage=0.025


Tree=22
num_leaves=31
num_cat=0
split_feature=22 33 3 32 31 11 27 20 6 12 16 12 33 16 18 12 13 27 38 25 39 10 18 38 24 27 27 24 24 19
split_gain=18.1694 15.9337 5.23833 5.12782 4.77369 4.39847 3.92135 3.92074 3.3257 3.22054 3.07725 3.67949 2.72846 2.72255 2.69885 3.76715 3.58944 2.67853 2.4972 2.43481 2.20193 2.18299 2.16664 1.98305 1.97462 2.71922 2.82085 2.47925 2.80082 1.95513
threshold=-0.20155603166573369 1.7889566112783 0.066666711041672003 0.69450255695025576 -1.1768220906660869 0.041344418314590022 116.18090000000002 -0.04161684502264789 -0.08372891747982357 -0.16094504782187094 -1.1571692008608461 -0.22942323645092214 -1.8885509359715276 1.6279530445352657 0.003636571132311884 0.10614831507677215 -0.12341129690700163 109.07075000000002 0.44191631577736368 0.010962129281673403 0.20612631157757544 -0.025917829039105163 0.0035721060662779265 0.11668573607932876 0.0093529945004973154 112.77090000000001 111.55500000000002 0.053765172951862568 0.077817325431271303 0.21296924228937966
decision_type=8 8 10 8 10 10 2 8 10 8 10 10 10 10 10 10 2 2 10 10 10 8 8 10 10 2 2 10 10 8
left_child=6 2 3 4 9 14 10 23 -8 -2 22 13 18 20 15 16 -3 -16 -13 -9 -12 -19 -1 -5 25 26 -7 -26 -29 -14
right_child=1 5 -4 7 -6 24 8 19 -10 -11 11 12 29 -15 17 -17 -18 21 -20 -21 -22 -23 -24 -25 27 -27 -28 28 -30 -31
leaf_value=-0.011561065308387967 0.0073411191678726603 -0.012933088294635393 -0.0071583491911628161 0.0098835452764343256 -0.0052112443776412311 -0.0020085004295544674 0 -0.0014798800818040534 0.015248621628702963 -0.0021468517685444906 0.0071695498658525206 0.0010180769633453533 -0.0018002615433646944 -0.0039361374140976738 0.015894784199751637 0.014588867375315992 0.0083481332962312606 0.0059323410943399185 -0.014607299857385401 0.0064288186297123606 0.017287037436260571 -0.0084818519319540039 0.0065852764916980028 0.00082015045618532428 0.0053276549547182188 -0.0092109336981661457 0.013473186649258917 -0.015052648864598232 0.0080551482128717825 0.0071840301605153763
leaf_weight=11.010397412581368 32.540442126570269 5.9543921041768071 134.73701019707369 32.928086242987774 333.07207562617259 25.589024371001869 12.359891745727507 358.46251455158927 44.103765342966653 63.678289040457457 45.984634389635175 14.492756139254199 19.535746670560911 7.1821256855037054 5.3902334384620216 51.630760170752183 14.438530107610857 10.356924719875677 9.067577036097644 24.65479797241278 23.951169876847416 13.371212428668516 4.6855806640814981 30.991984691703692 84.742364470148459 19.845226609148085 8.7324186530895513 7.3589150514453632 3.8868831740692258 48.173393281642348
leaf_count=194 1204 137 27469 665 72286 634 475 32639 1099 6955 679 248 392 130 121 763 338 164 125 542 203 330 73 1214 2606 643 185 286 129 1084
internal_value=3.15774e-05 -0.00116482 -0.00256996 -0.00184712 -0.00379466 0.00444428 0.00631574 1.15278e-05 0.0121093 0.00103582 0.0044313 0.0054453 0.00190187 0.0094498 0.00846167 0.0110451 0.00141362 0.0016399 -0.00510919 -0.000932931 0.0109731 -0.00190673 -0.00561714 0.00570037 0.00164304 -0.00205594 0.00204146 0.00380718 -0.0064567 0.00449679
internal_weight=1502.91 1262.36 1011.07 876.328 429.291 251.297 240.547 447.037 56.4637 96.2187 184.083 168.387 91.2695 77.1179 101.142 72.0237 20.3929 29.1184 23.5603 383.117 69.9358 23.7281 15.696 63.9201 150.155 54.1667 34.3214 95.9882 11.2458 67.7091
internal_count=154012 149310 142974 115505 80445 6336 4702 35060 1574 8159 3128 2861 1849 1012 1853 1238 475 615 373 33181 882 494 267 1879 4483 1462 819 3021 415 1476
is_linear=0
shrinkage=0.025


Tree=23
num_leaves=31
num_cat=0
split_feature=22 33 27 3 32 36 2 4 37 27 29 10 5 25 26 27 27 33 34 38 27 34 29 4 27 22 37 3 20 33
split_gain=12.0522 14.922 5.38273 4.8449 4.61422 4.60151 4.31854 4.03508 3.63276 3.35671 3.12434 3.06642 3.05057 2.9763 2.65239 3.89541 2.64395 2.54683 2.52385 2.5581 2.39672 2.471 2.10765 2.08987 2.01538 1.96848 1.89831 1.72476 1.6233 1.59362
threshold=-0.20155603166573369 1.7889566112783 116.08025000000002 0.055901853856359048 0.6982940491779428 0.041052239434808256 -0.023719164286914948 -0.15083339333839049 1.5728404711842343 115.06735000000002 1.3006156404202798 -0.068755711167311759 0.090548868340070268 0.0084762572009946125 -0.30367842721132177 108.57690000000001 116.43695000000001 -1.283863352098942 0.85149640971295992 0.31116134688509889 110.24160000000002 0.57518332536266548 -1.3631079440439249 -0.18690598913568232 116.94555000000001 -0.033176420989201254 0.2660337757276206 0.035859272162012575 -0.036550719043246964 -1.5925282448527731
decision_type=10 10 2 10 8 10 10 10 10 2 8 8 8 10 10 2 2 8 10 8 2 10 10 10 2 10 10 10 8 8
left_child=2 3 10 4 7 -3 8 16 -6 18 14 -4 29 25 15 28 -2 -13 19 -7 23 -22 -17 -16 -5 -11 -20 -19 -1 -12
right_child=1 5 11 24 6 9 -8 -9 -10 13 12 17 -14 -15 20 22 -18 27 26 -21 21 -23 -24 -25 -26 -27 -28 -29 -30 -31
leaf_value=0.011419384828811444 0.0035041898892634693 0.014837230318074299 0 -0.0053401667975183573 0.0024565664161873128 -0.00093325874662295374 -0.0019386594434443298 -0.0049193991170793372 0.018714491228862675 0.010790586575572837 0.027973882789149029 0.018067262281797336 -0.0033383678537214859 0.0058566653309545117 -0.0023452494867392264 0 -0.0093214730186538461 0.0095064767227146414 -0.0081885210417935363 0.0092257415621925156 0.0080345939407028364 -0.006116139461870381 -0.010233628296985981 0.01133717020458545 -0.013489165253266945 -0.0088010100712750602 0.0028257858434677006 -0.0055340249280272672 0.00054587809893543674 0.0080142527281999113
leaf_weight=11.285423313034697 63.12466636672616 22.406658249208704 14.01239571883343 151.91604970197659 124.63860098109581 17.348899994511157 232.05701227288228 334.32743480300996 8.3276184070855361 2.2170910704880944 5.1934592849574983 29.353134178440087 4.9832182209938791 15.541418485576285 45.810984392883256 21.829791914205998 10.537286496255545 17.800228846026588 10.593486710917203 78.601922596571967 70.351153009803966 7.15196524048224 31.078169218963012 6.9654718611855051 23.414443523273803 30.494584794854745 53.014437829144299 4.797766115400008 33.227571422234178 9.079049651976673
leaf_count=229 2724 317 547 29075 6477 363 21656 72747 87 37 41 425 91 387 2260 655 1437 533 529 1447 989 123 683 95 4754 1211 1430 246 2515 346
internal_value=-0.000243644 -0.00140688 0.00410224 -0.00279772 -0.00192695 0.00427486 9.61968e-05 -0.00375033 0.00368897 0.00302148 0.00234315 0.0104168 0.0117613 -0.002609 0.00145644 -0.00159949 0.00144929 0.0131595 0.00477764 0.00732285 0.0037924 0.00656013 -0.00617493 -0.000188585 -0.0065552 -0.00691714 0.000758043 0.00588005 0.00369412 0.0173681
internal_weight=1491.48 1178.56 312.92 948.343 773.013 230.218 365.023 407.989 132.966 207.812 246.956 65.9635 19.2557 48.2531 227.701 97.421 73.662 51.9511 159.559 95.9508 130.28 77.5031 52.908 52.7765 175.33 32.7117 63.6079 22.598 44.513 14.2725
internal_count=154456 144678 9778 138957 105128 5721 28220 76908 6564 5404 8027 1751 478 1635 7549 4082 4161 1204 3769 1810 3467 1112 1338 2355 33829 1248 1959 779 2744 387
is_linear=0
shrinkage=0.025


Tree=24
num_leaves=31
num_cat=0
split_feature=33 22 11 33 13 9 37 7 14 25 13 39 13 14 12 16 39 26 37 7 31 25 12 20 13 26 20 30 4 22
split_gain=12.5444 16.7217 6.42951 4.91549 4.76701 4.13549 3.98792 3.88091 3.45115 3.36172 3.26232 3.25806 3.23725 2.38733 2.25891 2.14065 2.08441 2.03941 1.91887 1.91868 1.77638 1.74353 1.72219 2.66856 2.15681 2.00574 1.59771 1.53511 4.16979 1.87181
threshold=1.7889566112783 -0.17130434599568875 -0.00062277763402557296 0.47833071227795582 -0.12016528690439361 -0.32459048273431573 -1.8395225310527104 -0.11450581756716648 66.135574728836957 -0.0035984033199263272 0.46281380066388539 0.31396503669876336 -0.061071199093206206 45.251004830977045 0.22210906197025729 -0.1084737859278227 -0.47964968542882763 0.55555488837643086 1.5226330028559596 0.035859272162012575 -0.95376390594475546 0.0036180069080103826 0.41533864219332489 0.075263711088259536 -0.51703513192555695 2.1428516942518328 -0.044090937205893514 0.94781701007533814 0.20159871944563804 0.16449504684983376
decision_type=10 10 10 10 2 8 8 10 10 10 2 8 2 10 8 10 8 10 10 8 10 10 10 8 2 10 10 10 10 10
left_child=1 5 9 20 14 7 17 13 21 -2 12 -11 -8 16 26 -12 -1 -7 -6 -20 -3 -9 23 27 -24 -26 -5 29 -29 -4
right_child=2 3 22 4 18 6 10 8 -10 11 15 -13 -14 -15 -16 -17 -18 -19 19 -21 -22 -23 24 -25 25 -27 -28 28 -30 -31
leaf_value=-0.0049454532289599298 0.019662730995932215 -0.0010854291106693898 0.0012580625495154599 0.0091093948598342089 -0.0050917728279407087 -0.0027380859388732842 -0.00032991354720087612 0.010693018911814674 -0.0040828814278706478 -0.0053073829884086494 -0.012880235046225992 0.013821479759582906 0.0059673194839183564 -0.013459467750362589 -0.0023411056852374922 0.0029671924867814814 0.0092489377806692537 -0.019477092849407726 0.011578862631125267 -0.0021647879975289883 -0.0050438764123649209 0.023364603705711095 -0.004383682692646362 -0.014221921951602746 0.0088858583549946413 -0.0066611311937307682 0.0022433548752682051 0.019076836564614532 0.0016028839268568903 -0.010428718032839833
leaf_weight=8.6678466300945711 25.337035878095776 91.506318397121504 46.924984312616289 26.70586607651785 128.37642846215749 27.323217095457949 72.769779864232987 42.254407957196236 6.3732237176736808 8.8867926411330682 11.525107910041699 10.618762410944329 153.13672938756645 4.8328727460466316 51.992347920662723 7.4256725034210822 15.944725391455 4.8822643538005641 7.9561540479771793 18.05946883244906 436.06260764342733 10.891641407273708 9.0467226596083474 5.3168245602864763 62.996543909190223 4.2254533839877686 118.94498726038728 9.6218752702698094 47.905887127621099 9.1062508714385313
leaf_count=319 269 13097 1538 720 20866 1167 3028 639 84 153 573 120 5973 127 2421 282 284 131 179 1591 90803 72 160 225 1258 78 6608 266 1301 289
internal_value=2.73664e-05 -0.000977151 0.00525124 -0.00284952 -0.00053433 0.00349654 0.00193774 0.00817753 0.0117962 0.0137179 0.00305118 0.00494159 0.00391478 0.000442815 0.00200763 -0.00649148 0.003962 -0.00610869 -0.00382699 0.00208796 -0.00437549 0.0138865 0.00319552 0.00121206 0.00612355 0.0076993 0.0036175 0.0021412 0.0049833 -0.000689077
internal_weight=1485.62 1245.63 239.987 879.604 352.035 366.027 277.063 88.9647 59.5193 44.8426 244.857 19.5056 225.907 29.4454 197.643 18.9508 24.6126 32.2055 154.392 26.0156 527.569 53.146 195.145 118.876 76.2687 67.222 145.651 113.559 57.5278 56.0312
internal_count=154621 148964 5657 136285 32385 12679 11154 1525 795 542 9856 273 9001 730 9749 855 603 1298 22636 1770 103900 711 5115 3619 1496 1336 7328 3394 1567 1827
is_linear=0
shrinkage=0.025


end of trees

feature_importances:
usd_index_pit=53
spy_return_20d=42
cs_rank_momentum_120d=42
cs_z_relative_strength_down_days_20d=36
return_20d=34
macd_hist=34
gap_down_absorption_20d=33
cs_z_momentum_120d=31
return_60d=29
cs_rank_gap_down_absorption_20d=29
relative_strength_down_days_20d=27
momentum_120d=24
close_open_gap=22
excess_return_60d_vs_spy=22
cs_rank_relative_strength_down_days_20d=22
cs_z_gap_down_absorption_20d=22
relative_momentum_20d_vs_spy=19
price_to_sma_50d=18
excess_return_5d_vs_spy=17
return_10d=15
price_to_sma_200d=14
volume_zscore_20d=14
close_location_in_range=13
cs_rank_momentum_60d=13
cs_z_momentum_60d=12
rsi_14=11
cs_z_momentum_20d=11
return_5d=10
momentum_60d=9
price_to_sma_20d=9
cs_rank_momentum_20d=9
return_1d=8
bollinger_z_20d=8
cs_z_excess_return_20d_vs_spy=8
excess_return_20d_vs_spy=7
volume_zscore_60d=6
momentum_5d=5
momentum_10d=5
momentum_20d=4
cs_rank_excess_return_20d_vs_spy=3

parameters:
[boosting: gbdt]
[objective: lambdarank]
[metric: ndcg]
[tree_learner: serial]
[device_type: cpu]
[data_sample_strategy: bagging]
[data: ]
[valid: ]
[num_iterations: 25]
[learning_rate: 0.025]
[num_leaves: 31]
[num_threads: 0]
[seed: 17]
[deterministic: 0]
[force_col_wise: 0]
[force_row_wise: 0]
[histogram_pool_size: -1]
[max_depth: 6]
[min_data_in_leaf: 80]
[min_sum_hessian_in_leaf: 0.001]
[bagging_fraction: 0.78]
[pos_bagging_fraction: 1]
[neg_bagging_fraction: 1]
[bagging_freq: 1]
[bagging_seed: 17]
[bagging_by_query: 0]
[feature_fraction: 0.72]
[feature_fraction_bynode: 1]
[feature_fraction_seed: 17]
[extra_trees: 0]
[extra_seed: 13015]
[early_stopping_round: 0]
[early_stopping_min_delta: 0]
[first_metric_only: 0]
[max_delta_step: 0]
[lambda_l1: 0.3]
[lambda_l2: 1.2]
[linear_lambda: 0]
[min_gain_to_split: 0]
[drop_rate: 0.1]
[max_drop: 50]
[skip_drop: 0.5]
[xgboost_dart_mode: 0]
[uniform_drop: 0]
[drop_seed: 30017]
[top_rate: 0.2]
[other_rate: 0.1]
[min_data_per_group: 100]
[max_cat_threshold: 32]
[cat_l2: 10]
[cat_smooth: 10]
[max_cat_to_onehot: 4]
[top_k: 20]
[monotone_constraints: ]
[monotone_constraints_method: basic]
[monotone_penalty: 0]
[feature_contri: ]
[forcedsplits_filename: ]
[refit_decay_rate: 0.9]
[cegb_tradeoff: 1]
[cegb_penalty_split: 0]
[cegb_penalty_feature_lazy: ]
[cegb_penalty_feature_coupled: ]
[path_smooth: 0]
[interaction_constraints: ]
[verbosity: -1]
[saved_feature_importance_type: 0]
[use_quantized_grad: 0]
[num_grad_quant_bins: 4]
[quant_train_renew_leaf: 0]
[stochastic_rounding: 1]
[linear_tree: 0]
[max_bin: 255]
[max_bin_by_feature: ]
[min_data_in_bin: 3]
[bin_construct_sample_cnt: 200000]
[data_random_seed: 94]
[is_enable_sparse: 1]
[enable_bundle: 1]
[use_missing: 1]
[zero_as_missing: 0]
[feature_pre_filter: 1]
[pre_partition: 0]
[two_round: 0]
[header: 0]
[label_column: ]
[weight_column: ]
[group_column: ]
[ignore_column: ]
[categorical_feature: ]
[forcedbins_filename: ]
[precise_float_parser: 0]
[parser_config_file: ]
[objective_seed: 20363]
[num_class: 1]
[is_unbalance: 0]
[scale_pos_weight: 1]
[sigmoid: 1]
[boost_from_average: 1]
[reg_sqrt: 0]
[alpha: 0.9]
[fair_c: 1]
[poisson_max_delta_step: 0.7]
[tweedie_variance_power: 1.5]
[lambdarank_truncation_level: 30]
[lambdarank_norm: 1]
[label_gain: 0,1,2,3,4,5,6,7,8,9,10,11,12,13,14,15,16,17,18,19]
[lambdarank_position_bias_regularization: 0]
[eval_at: 5,10,25]
[multi_error_top_k: 1]
[auc_mu_weights: ]
[num_machines: 1]
[local_listen_port: 12400]
[time_out: 120]
[machine_list_filename: ]
[machines: ]
[gpu_platform_id: -1]
[gpu_device_id: -1]
[gpu_use_dp: 0]
[num_gpu: 1]

end of parameters

pandas_categorical:[]
