tree
version=v4
num_class=1
num_tree_per_iteration=1
label_index=0
max_feature_idx=42
objective=lambdarank
feature_names=return_1d return_5d return_10d return_20d return_60d momentum_5d momentum_10d momentum_20d momentum_60d momentum_120d price_to_sma_20d price_to_sma_50d price_to_sma_200d macd_hist rsi_14 bollinger_z_20d volume_zscore_20d volume_zscore_60d close_open_gap close_location_in_range excess_return_5d_vs_spy excess_return_20d_vs_spy excess_return_60d_vs_spy relative_momentum_20d_vs_spy spy_return_20d relative_strength_down_days_20d gap_down_absorption_20d usd_index_pit cs_rank_momentum_20d cs_z_momentum_20d cs_rank_momentum_60d cs_z_momentum_60d cs_rank_momentum_120d cs_z_momentum_120d cs_rank_excess_return_20d_vs_spy cs_z_excess_return_20d_vs_spy cs_rank_relative_strength_down_days_20d cs_z_relative_strength_down_days_20d cs_rank_gap_down_absorption_20d cs_z_gap_down_absorption_20d regime_calm regime_rebound stress_flag
feature_infos=[-0.43452090331350879:0.52290083351866889] [-0.61014499786032883:0.88260863646066867] [-0.76666670795573144:1.0566034133703051] [-0.82992956002177165:1.6011328544898928] [-0.85304846129940903:3.1843478105994496] [-0.61014499786032883:0.88260863646066867] [-0.76666670795573144:1.0566034133703051] [-0.82992956002177165:1.6011328544898928] [-0.85304846129940903:3.1843478105994496] [-0.83371665409748386:3.8670393633078328] [-0.69421673038056464:0.66131114246219425] [-0.79930206832555228:0.90110352904013702] [-0.82425537243447611:1.8446390551514207] [-132.53715276993563:80.364006761273146] [0:99.861064002984776] [-4.3588989435444114:4.3588989435883247] [-3.1806480089076707:4.3588989435433447] [-3.1101259120259019:7.6809377036926092] [-0.47064726396441403:0.4210822666140121] [0:1] [-0.61785372931017601:0.89255912114692015] [-0.76226676485515399:1.4709261398977567] [-0.82324954741436951:2.9093527779374631] [-0.77334040331749898:1.3346611088982128] [-0.3098674839759894:0.19880920041384464] [-0.099256665172816158:0.19912924481561101] [-9.4243009236246778:13.933826240627525] [93.247799999999998:125.0587] [0.0020161290322580645:1] [-10.036419127683077:15.738424952473304] [0.0020161290322580645:1] [-8.1746382519581609:16.457532645463687] [0.0020202020202020202:1] [-5.9157233637200122:14.200215155348952] [0.0020161290322580645:1] [-10.036419127683077:15.738424952473304] [0.0020161290322580645:1] [-11.668006201344122:17.853621002907023] [0.0020449897750511249:1] [-9.434540891693187:11.345435387552476] [0:1] [0:1] [0:1]
tree_sizes=3554 3533 3510 3552 3528 3496 3557 3543 3544 3520 3519 3541 3562 3526 3532 3576 3550 3465 3530 3516 3556 3523 3545 3505 3489

Tree=0
num_leaves=31
num_cat=0
split_feature=1 29 3 33 31 36 38 24 15 2 39 27 8 23 23 33 18 39 14 2 22 9 2 27 27 18 9 18 25 3
split_gain=3.24053 2.87126 4.1959 2.04168 2.58517 2.02951 1.51891 1.31464 1.26777 1.14577 1.07169 1.05705 1.14505 1.14438 1.59001 1.12507 1.04324 1.03347 1.00328 1.23095 1.00242 1.06302 0.935123 0.919736 0.904265 1.22004 0.856288 0.820048 0.794814 0.763707
threshold=0.036262340899082542 0.47206957040377745 0.02342148203903394 0.18398599884355465 -0.46460960934152151 0.63936092659757049 0.60440910440910456 0.011955540535556365 1.9758760194583167 0.045093935055702812 0.63493145096980508 115.71180000000001 0.13537104739847552 0.013331418375110761 -0.07771511310645661 -1.0000000180025095e-35 -0.0082017393196605389 -0.10358386400388869 73.586343206167257 0.083737310923011413 0.14019634688815677 0.36804567324122089 0.060126553922694732 114.10190000000001 110.46125000000002 0.0019244401982118958 0.1681870988136073 0.00026382169452096051 0.0012301348220630506 -0.033951195561165264
decision_type=10 10 10 10 10 10 8 10 8 10 10 2 8 8 10 10 10 10 8 10 8 8 8 2 2 10 10 10 10 8
left_child=1 2 11 9 26 10 8 -6 24 16 17 12 15 14 -13 -1 -4 27 -8 -20 21 28 -22 -12 25 -2 -5 -3 -7 -14
right_child=6 5 3 4 7 20 18 -9 -10 -11 23 13 29 -15 -16 -17 -18 -19 19 -21 22 -23 -24 -25 -26 -27 -28 -29 -30 -31
leaf_value=0.00040180785872669328 0 0 -0.0063052293457423973 0.0021387971704945139 0 0.011140786749463406 -0.0030174452301446482 0.010197877645070434 -0.012106084997384078 -0.0033505779837750341 -0.0040728695852011538 0.0026622313222135451 0.0030727126073051766 0.005276427068799266 -0.0046331286639373186 0.0033821452786778972 0.0043451597489328336 -0.011475551079993943 0.0065569694152392667 -0.002567054210658083 0.0065014437570737786 -0.0094903696550339631 -0.0030364472933876131 0.0085661385375084137 -0.0013150246009487208 -0.016720925370088489 -0.016114402587168314 -0.0067278429728641455 -0.00075358288688578252 -0.0036694176972972212
leaf_weight=223.08439076819923 5.9640331733971816 20.515059540863149 4.6172813973389557 1.3112270936835551 8.3829734240425733 2.4157676637405521 55.927251510787755 65.546920625958592 16.290421960409731 16.262929784599692 6.2719645970500988 22.857040562201291 11.258474457543342 10.826285063056273 71.256409740133677 128.08474389812909 76.137500887271017 17.856454830267467 18.5332573648775 14.993437736877238 22.810030019958504 7.4786798513960084 6.7472940514562678 5.2726388551527634 36.100655217596795 5.625840327818878 2.4799752424005419 26.124035965767689 93.2228717666585 46.855357404449023
leaf_count=33699 834 2723 699 243 1138 226 8501 8055 2372 2350 1043 4042 1622 1421 10922 18265 11608 2347 2390 2476 3676 1234 1160 738 5646 690 255 3243 14062 6684
internal_value=0.000172128 0.000753767 0.0015375 0.00487383 0.00790843 -0.00179158 -0.00316171 0.00902532 -0.0060885 0.00229952 -0.00501436 0.000380516 0.000966727 -0.00182023 -0.00277143 0.00151795 0.00356129 -0.00627627 -0.000932749 0.00231294 2.78729e-05 -0.0010855 0.00404679 0.00137416 -0.00363288 -0.00946547 -0.00930229 -0.00389096 -0.00024136 -0.00220107
internal_weight=1051.11 897.676 688.962 174.739 77.7211 208.715 153.435 73.9299 63.981 97.0177 76.0402 514.223 409.283 104.94 94.1135 351.169 80.7548 64.4956 89.4539 33.5267 132.675 103.117 29.5573 11.5446 47.6905 11.5899 3.7912 46.6391 95.6386 58.1138
internal_count=154364 131455 101003 24348 9691 30452 22909 9193 9542 14657 10094 76655 60270 16385 14964 51964 12307 8313 13367 4866 20358 15522 4836 1781 7170 1524 498 5966 14288 8306
is_linear=0
shrinkage=0.025


Tree=1
num_leaves=31
num_cat=0
split_feature=37 7 31 20 33 19 37 29 7 20 19 32 15 26 17 25 18 15 1 4 29 19 37 9 28 31 29 37 1 17
split_gain=7.00318 5.96175 5.2753 4.86312 3.88398 3.97015 3.6145 3.47586 3.28496 3.01222 4.13863 3.91202 3.24954 2.9226 2.8819 2.78481 2.78311 2.7485 3.42664 2.90197 5.17491 2.59606 2.42498 3.3442 3.65031 3.08772 2.42072 2.25505 2.64919 2.44677
threshold=-0.26855917567601001 0.075196700915792128 1.4814812745115666 0.021747543606332301 1.6493751581776175 0.058821409765572312 -0.78659475133975743 0.90250366355165468 0.066666711041672003 0.031053335673315256 0.85316476022501442 0.65484868518341333 2.7949575667332249 0.72512167195903232 -0.64170055541907189 -0.00031590057158704287 -0.0038091957515272528 2.1804312097327583 0.04569974099077468 0.1176657775348471 1.4084671945542959 0.61313706017419223 1.4004138418018923 0.10219615509560755 0.66700268817204311 -0.04946988374243267 1.2368484887038027 3.1599762573492916 -0.019690224508367212 -0.092257339942041286
decision_type=10 10 10 10 8 8 10 8 8 8 8 10 8 10 10 10 10 10 10 10 10 8 10 10 10 8 8 8 10 10
left_child=4 2 9 13 7 -6 -7 -1 -8 10 14 -12 26 21 -2 -14 -15 22 -19 20 -20 -4 23 25 -25 -3 -11 29 -29 -24
right_child=1 17 3 -5 5 6 8 -9 -10 12 11 -13 15 16 -16 -17 -18 18 19 -21 -22 -23 27 24 -26 -27 -28 28 -30 -31
leaf_value=-0.002620544992081076 -0.0015106061168824649 -9.5660773035480154e-05 0.0028340841525184126 -0.0011307867299629615 -0.019962382376874987 -0.00039371450488493055 0.019797906364800295 -0.012683447655007236 -0.0044253918074044782 -0.0032043621692575889 0.00074919676006448524 0.0081872602680467498 -0.0053115198179097961 0 0.0018381745769165275 0.014851566358487887 0.02442425355441611 0.01770089452726183 -0.0052872127682676929 -0.0074167010932543872 0.0226129302220128 0.01388620825598811 0.0061900045340484771 0.008241838024312954 -0.0034135142702425162 -0.011297085811046615 -0.017068462019851283 0.012273253949238928 -0.013586652213915898 -0.0027630364191119721
leaf_weight=476.26549399050418 235.42953553481493 22.679742908920161 37.480450647883117 31.130672572180629 2.3440511303488156 17.228030476719141 14.814779465552418 21.890776337240823 3.3835734890308258 78.771202390082181 81.796096981270239 102.2420606482774 5.5524072216358045 3.3314134350512203 489.81654483661987 9.692306713899594 13.204453968442975 7.8199064591899505 7.593741013202818 14.750095283961853 6.4755492934491485 22.418768145143986 43.486836144467816 18.054878945695236 120.46176308719441 57.765451935352758 8.1611030050553364 1.8233011236879964 10.795323842205105 30.997378268977627
leaf_count=50283 17437 2540 1021 913 117 1337 583 2104 328 6307 8372 3907 447 86 37740 348 284 359 586 1247 289 645 2318 632 8069 3758 407 65 414 1475
internal_value=-6.44712e-05 0.000828098 0.00171506 0.00696159 -0.00250931 0.00503643 0.00749513 -0.00310718 0.0149123 0.00114211 0.00160542 0.00494816 -0.00287911 0.0103206 0.000740069 0.00720002 0.0196575 -0.00204216 0.00425313 0 0.0078309 0.00728485 -0.00283385 -0.00423561 -0.00178288 -0.00827877 -0.00480569 0.000614687 -0.00856602 0.00238027
internal_weight=1997.66 1461.73 1119.03 107.566 535.927 37.7704 35.4264 498.156 18.1984 1011.46 909.284 184.038 102.177 76.4351 725.246 15.2447 16.5359 342.704 36.6393 28.8194 14.0693 59.8992 306.065 218.962 138.517 80.4452 86.9323 87.1028 12.6186 74.4842
internal_count=154418 99666 77914 2949 54752 2365 2248 52387 911 74965 67456 12279 7509 2036 55177 795 370 21752 2481 2122 875 1666 19271 14999 8701 6298 6714 4272 479 3793
is_linear=0
shrinkage=0.025


Tree=2
num_leaves=31
num_cat=0
split_feature=8 32 27 30 11 32 27 30 8 28 15 32 16 31 1 13 37 16 37 8 33 30 33 18 6 23 23 12 38 24
split_gain=12.1219 6.55042 4.47494 3.93216 4.14229 3.85113 7.23274 3.49328 4.06015 4.31842 4.63115 3.22165 3.27974 2.89965 2.88143 2.74269 2.5432 2.25229 2.09253 1.83399 1.75405 2.03736 2.0256 1.69806 1.60251 1.36895 1.29993 1.24686 1.16805 1.09612
threshold=0.08576355797701031 0.59959140915844489 119.08110000000001 0.99787007213174261 0.10567682416779102 0.97870072131742514 108.19290000000001 0.96319682362627157 0.21395292835577887 0.90986224705554208 2.2131499951106828 0.84378169371196765 -1.3703749162973609 0.92141136146978864 0.0089602274020965673 0.40636543311932011 -0.28673682805417083 1.0021828206175221 2.08381043925784 -0.15083339333839049 1.7889566112783 0.78835933789197288 1.2603936107687692 0.017746737288766603 0.10526310950655816 0.16227960499026564 -0.011889185581480608 0.075700167328601978 0.89604475000514616 -0.094165030053838181
decision_type=8 8 2 10 10 10 2 10 10 10 10 8 10 10 10 2 10 8 10 10 10 8 8 8 8 8 10 10 8 10
left_child=16 7 3 5 -5 15 -7 8 9 23 -11 13 -13 -4 28 -3 19 -14 20 29 22 -22 24 -2 -18 -20 -24 -16 -9 -1
right_child=1 2 11 4 -6 6 -8 14 -10 10 -12 12 17 -15 27 -17 18 -19 25 -21 21 -23 26 -25 -26 -27 -28 -29 -30 -31
leaf_value=-0.0096837777789834604 -0.0031838719505564517 0.0026655160300304097 0.0082848831840117414 0.0050530847364864996 -0.021023774970256363 0.02180245567505025 0.0037180237414077633 0.022622096250087306 -0.013102222485501448 -0.0012235073159382213 0.021392159294171067 -0.0044328173501912487 0.026212674257866594 -0.019573335257154371 -0.015736539544569831 -0.002848469256204942 -0.00090247205957876453 0 0.0010876137864693732 -0.0047418315525672898 0.01727747837954836 -0.0035307373641727626 0.0022226605998408619 -0.020096141222228286 -0.0080163558565410666 0.018049246169039985 -0.012639495953335599 0.0044550434081951805 0.0023177885437609545 0.0022206377976160775
leaf_weight=4.1957349861040703 100.20507903862745 661.24337549495976 6.9869547626003641 5.3031070125289244 7.7470965643879026 17.392763475887477 62.895186132518575 5.6128608505241546 23.307616140227765 12.305683966493236 8.2971951453946513 2.422115825116637 13.383513475069771 2.0635980714578182 2.3403567909263066 59.357770988717675 565.85769451176748 2.3498303485102978 8.9115549672860634 244.13622682797723 5.5700297700241181 3.7177781080827126 3.3310321460012373 2.941811909666284 19.711519378004596 4.4475225789938113 14.586835447465999 2.4556624921970069 4.0268304522614935 39.1997312058229
leaf_count=606 12035 31427 425 102 378 446 1986 158 2174 1284 182 39 409 79 183 4164 55573 151 589 33373 238 143 226 280 1265 116 811 169 91 5305
internal_value=0.000129349 0.00202993 0.0029192 0.00256299 -0.0103676 0.00279823 0.00799106 -0.00254313 -0.00374726 -0.00181636 0.0082164 0.0127538 0.0185135 0 0.00858989 0.00219694 -0.00194804 0.0225527 -0.00103425 -0.0038994 -0.00126512 0.00878217 -0.00144927 -0.00396366 -0.00117063 0.00827188 -0.00951815 -0.00532467 0.0160278 0.000671864
internal_weight=1916.3 1002.64 841.145 813.939 13.0502 800.889 80.2879 161.493 147.057 123.75 20.6029 27.206 18.1555 9.05055 14.4357 720.601 913.666 15.7333 626.134 287.532 612.775 9.28781 603.487 103.147 585.569 13.3591 17.9179 4.79602 9.63969 43.3955
internal_count=154407 56162 39606 38503 480 38023 2432 16556 15955 13781 1466 1103 599 504 601 35591 98245 560 58961 39284 58256 381 57875 12315 56838 705 1037 352 249 5911
is_linear=0
shrinkage=0.025


Tree=3
num_leaves=31
num_cat=0
split_feature=22 30 0 32 29 39 33 23 37 9 25 10 32 1 39 4 39 19 10 19 37 29 13 4 24 9 25 25 4 13
split_gain=22.7718 9.18256 8.01342 6.83132 6.40544 6.35304 5.67221 5.06389 7.40497 6.78854 4.41723 4.33953 3.58157 3.05795 2.93213 3.8106 3.10177 2.90126 2.82575 2.59624 2.53874 2.54955 2.4729 2.30036 3.31439 2.14402 2.12214 2.05739 2.19476 2.04923
threshold=0.045916117539710373 0.94031386278484141 0.020037119900178538 0.97870072131742514 0.40169926385451665 -0.68257966419816896 2.2046455762204746 0.030033177138311332 1.1102705960806569 0.48353801805347291 -0.0011309714495895404 -0.05681373529465477 0.99787007213174261 0.030143673082133175 0.32212157190177992 0.227336839966405 0.56892350493984634 0.26667187401374343 0.022365742797810454 0.12929363065608798 0.17636402701706902 0.57810138037521375 -0.35634440934832595 0.21395292835577887 0.031550198845392126 0.32969390002533178 -0.00013194096075327258 -0.0015896760851202292 -0.056532047374219956 0.33118837619010344
decision_type=8 10 10 8 10 8 8 10 10 10 8 10 10 10 8 10 10 8 8 8 10 10 2 10 10 10 10 8 10 2
left_child=6 7 3 13 -4 26 27 9 20 10 18 -8 -7 19 15 -11 -16 -12 -2 -3 -9 -22 -10 -6 -25 -15 -5 28 -1 -29
right_child=1 2 4 5 23 12 11 8 22 14 17 -13 -14 25 16 -17 -18 -19 -20 -21 21 -23 -24 24 -26 -27 -28 29 -30 -31
leaf_value=-0.0025433269986740244 -0.00066125638878586194 -0.0022956259149344766 -0.018417255436715119 -0.018615454605913701 0.011113441891162694 0.015431686449744204 -0.013769664003682739 -0.0089387343653686349 -0.010720247403008648 -0.0043482815304857888 -0.001782525109121589 0.014088367357121039 0 0.0019441080692151941 0.026956771114180433 0.017465821121787 0.0041746430454454473 0.0041461211927795805 -0.010918759047237374 0.0064687191919667363 0.0027749812823207819 -0.0047956993937936744 0.0049849376972366981 -0.0098291353509785424 0.011812426097087223 -0.011645933715293657 0.0025460671650232181 -0.0033410023986455021 -0.0074137732725391902 0.00082181185586594472
leaf_weight=106.06203159957658 66.548121587838978 22.300483231665567 12.90531920082867 3.8431666097603738 9.9422710945364106 90.291627158760093 3.0082224616780904 60.302261059056036 5.3575270536821327 10.988709137775006 63.143815580522642 17.861452605109662 11.445802635978906 16.367539137136195 11.503402938367801 7.0365275202784678 7.2377091476228079 236.64964035036974 22.200077863642946 161.01436597108841 36.873595288721845 94.761580721940845 86.925899839261547 13.025093517731877 5.0617994749918571 10.582640005974097 5.3937055496498925 431.20586252072826 149.94848001515493 85.334940613829531
leaf_count=15976 6421 547 273 78 230 1543 81 5820 231 322 3994 424 256 1087 225 230 182 11906 1977 3412 2264 7937 5000 596 358 599 103 49651 23657 8943
internal_value=-1.47234e-05 0.00235703 0.00559196 0.00692774 -0.00461156 0.0119588 -0.00322649 0.000688571 -0.00187547 0.00242008 0.00140775 0.00920262 0.0137809 0.00418416 0.0125381 0.00433585 0.0193152 0.00287036 -0.00342195 0.00535388 -0.00468217 -0.00261263 0.00386704 0.00198349 -0.00302554 -0.00339489 -0.00666798 -0.0035857 -0.00544645 -0.00263849
internal_weight=1865.12 1071.7 362.174 321.239 40.9345 110.974 793.421 709.529 284.221 425.308 388.542 20.8697 101.737 210.265 36.7663 18.0252 18.7411 299.793 88.7482 183.315 191.937 131.635 92.2834 28.0292 18.0869 26.9502 9.23687 772.551 256.011 516.541
internal_count=154323 55591 9082 7625 1457 1980 98732 46509 21252 25257 24298 505 1799 5645 959 552 407 15900 8398 3959 16021 10201 5231 1184 954 1686 181 98227 39633 58594
is_linear=0
shrinkage=0.025


Tree=4
num_leaves=31
num_cat=0
split_feature=22 32 9 24 24 27 27 31 27 36 26 10 22 3 24 0 36 16 27 24 39 30 22 26 3 8 22 27 17 19
split_gain=31.7644 13.2226 8.15643 7.40766 6.55011 8.50937 5.48504 4.47061 4.2233 4.11543 3.54894 4.76308 3.98298 3.44403 4.49646 3.87282 3.68833 3.48113 3.07165 5.49673 3.02472 2.96356 2.7402 2.73497 2.62701 2.40535 2.28324 2.27642 2.31765 2.2449
threshold=0.047002069501081441 0.97870072131742514 0.43415704358564638 0.0093529945004973154 1.0000000180025095e-35 108.19290000000001 114.64095000000002 1.6762792690965849 112.57735000000001 0.37187478297103971 1.1622382992205857 0.027389024232761131 0.20768754603931364 0.066666711041672003 0.056015755873173985 0.014618133736677088 0.9896587273069487 -1.0457859285650091 114.19180000000001 0.01034891778955749 0.57917977523848485 0.98569967864446406 0.29166373476074808 1.4772666932781517 0.010871672768967279 -0.1957636220457524 0.24436866376569424 114.80905000000001 0.99409401847749135 0.26667187401374343
decision_type=8 10 10 10 10 2 2 8 2 8 8 8 8 10 10 10 8 10 2 10 10 10 8 8 8 10 10 2 8 8
left_child=1 8 7 4 21 -6 -3 9 -1 -2 11 20 -12 14 15 -5 17 -15 19 -10 -9 22 -4 -14 -7 -21 29 -20 -29 -11
right_child=2 6 3 13 5 24 -8 10 18 26 12 -13 23 16 -16 -17 -18 -19 27 25 -22 -23 -24 -25 -26 -27 -28 28 -30 -31
leaf_value=-0.007022348943781058 -0.0046850501616852386 0.023588008351329279 0.0060584679065377412 0.016362313659444693 0.016693284432766048 -0.025417893841313544 -0.0023017917767423172 0.0070044733441006722 0.0080205226701285694 -0.002803128707085145 0.0075892814670268901 0 -0.016411391463946309 -0.01061929938557394 -0.003050101543012558 0.0014935211101466559 0.020544347622296288 0.0051635544476168723 -0.0096795059344576013 0.014588847126224009 0.018351360733382883 -0.0024215488641306879 0.023691980282553236 -0.00071849263623042755 -0.0075351502180856277 -0.0049076521803098168 0.012404916922249662 -0.0020141185923400777 -0.0088954266502845377 0.0015813923706027471
leaf_weight=307.49440782750025 85.086505213286728 13.593474586494269 38.958485548617318 78.00920393015258 6.2704359428025773 7.2882444541901359 6.7574333474040023 46.89298225636594 38.405901236925274 83.635441180318594 32.047776034101844 33.700448800809681 7.3756949722301215 9.1951440668199194 9.3231634115800244 14.316131236497311 7.1024708922486743 49.162089035380632 43.494273118209094 2.8964017485268405 25.465838029282168 17.609851049957797 6.2082414261531076 43.657995318062603 23.299494966748171 63.322948849061504 9.981315875425933 178.01129728043452 37.600388793391176 488.73872786236461
leaf_count=45703 10569 159 806 1069 64 113 112 848 5569 7432 586 1330 183 269 200 260 216 1902 6382 246 311 271 81 1176 579 9654 299 26037 5289 26178
internal_value=-1.43848e-05 -0.00422947 0.00257571 0.00639114 0.000893653 -0.00724298 0.0149939 0.00137155 -0.00484918 0.000394722 0.00475498 0.00776818 0.000763602 0.0095946 0.0125147 0.0141857 0.00480391 0.00238692 -0.0029744 0.000574207 0.0113341 0.00583441 0.00919441 -0.00345503 -0.0128308 -0.00369915 0.00115787 -0.00443216 -0.00329133 0.000923125
internal_weight=1814.9 691.577 1123.33 266.743 99.6348 36.8582 20.3509 856.583 671.226 667.442 189.141 106.059 83.0815 167.108 101.648 92.3253 65.4597 58.3572 363.731 104.625 72.3588 62.7766 45.1667 51.0337 30.5877 66.2194 582.355 259.106 215.612 572.374
internal_count=153893 99151 54742 5830 1914 756 271 48912 98880 44478 4434 2489 1945 3916 1529 1329 2387 2171 53177 15469 1159 1158 887 1359 692 9900 33909 37708 31326 33610
is_linear=0
shrinkage=0.025


Tree=5
num_leaves=31
num_cat=0
split_feature=32 22 28 36 27 9 36 0 20 11 38 15 22 39 11 26 8 27 14 21 36 13 6 28 6 10 20 30 17 1
split_gain=48.5702 25.0706 6.90216 5.91472 6.73467 4.53438 5.30412 4.01345 5.84194 4.59472 4.06073 3.87148 3.77344 3.5488 5.56584 3.47959 3.47331 3.31926 3.0497 5.82529 3.02217 2.93672 2.65917 2.3532 2.29675 2.80167 3.16801 2.2168 2.20991 2.17126
threshold=0.94397445986550299 0.045916117539710373 0.68685814301680692 0.99371727059814219 107.02180000000001 0.48353801805347291 0.33617932479839635 -0.0041713253925553242 -0.011373569065206033 0.040766195111501931 0.50924975283291518 1.2727032996658088 0.24436866376569424 0.53721776515300357 0.10567682416779102 -0.090375010199003472 0.36719754178487513 112.57735000000001 81.580951446104748 0.1254807214083781 0.85896086369770586 -0.27608459723051332 0.050546233801155423 0.98575786928948728 0.0049552308722872205 0.06313788231950436 -0.013438651173921233 0.95937565144882231 -0.73226196222572426 -0.033134511323180064
decision_type=10 8 10 10 2 10 8 10 10 10 8 8 8 10 10 10 10 2 10 10 8 2 8 10 10 10 10 10 8 10
left_child=1 17 7 4 18 6 27 8 9 -2 15 -5 -12 16 -15 -10 -6 -1 19 -4 22 -11 -8 -19 -7 26 -26 -3 -29 -9
right_child=2 5 3 11 13 24 20 29 10 21 12 -13 -14 14 -16 -17 -18 23 -20 -21 -22 -23 -24 -25 25 -27 -28 28 -30 -31
leaf_value=-0.0082075536648990553 0.019800432874876241 -0.0082829224111991059 0.013422862381520529 0.024464849308631423 -0.0041516908445719076 0.00021381339460359389 0.00049993886369632356 0.0030424761901399924 0 -0.010659778999267063 -0.0029035662379115947 0 0.017377284747104583 0.011732718416386808 -0.0032520962480771277 -0.027446102732872769 0.0075083703414947677 -0.0046324344735223641 0.029110965437777209 -0.01098781678454931 0.0032503775934553066 0.01086446232206373 -0.0051478410941275116 0.011996217967557864 -0.0040938523952917796 -0.0057523058476448502 0.019925061502009404 -0.012181809715880364 0.0055516713079388708 0.015002706614935073
leaf_weight=270.42055382952094 21.052954831626266 58.802153863362037 28.770687498850748 13.109790120506657 85.772638477617875 14.575079974252729 368.90029061888345 12.932775513036175 5.83615737198852 6.0269924560561776 14.588910405291246 5.9846339907962856 7.5529736278112969 35.870318543398753 24.811853208113462 4.6164295808412117 18.078681653132662 328.44881794403773 5.0620076928753397 6.3673583746422073 231.19444594322704 7.4432690660469216 59.263972344226204 4.0469863391481331 3.0950954169966307 3.1047259310726067 19.199482326162983 4.5988234260585159 16.19422544864938 107.41998198488727
leaf_count=45262 403 9283 484 149 2429 421 21073 210 135 78 289 183 62 630 654 58 570 52117 78 104 10442 95 5410 202 94 308 555 177 468 1669
internal_value=-4.08723e-05 -0.00229054 0.00748384 0.00442653 0.00308569 0.000664071 0.000203433 0.011043 0.00579481 0.0128064 -0.00160075 0.0174011 0.00423097 0.000763337 0.00554025 -0.0137614 -0.0019879 -0.00611384 0.012112 0.00857624 0.000952434 0.000638457 -0.000276528 -0.00436515 0.00874302 0.013125 0.0162326 -0.00583037 0.000837849 0.0138219
internal_weight=1793.14 1381.84 411.298 223.828 204.734 778.928 738.954 187.47 67.1177 34.5232 32.5945 19.0944 22.1419 164.533 60.6822 10.4526 103.851 602.916 40.2001 35.138 659.359 13.4703 428.164 332.496 39.9744 25.3993 22.2946 79.5952 20.793 120.353
internal_count=154092 145812 8280 5281 4949 48231 46853 2999 1120 576 544 332 351 4283 1284 193 2999 97581 666 588 36925 173 26483 52319 1378 957 649 9928 645 1879
is_linear=0
shrinkage=0.025


Tree=6
num_leaves=31
num_cat=0
split_feature=32 22 23 12 30 26 36 12 32 4 29 38 12 2 37 28 10 32 17 32 26 38 4 24 2 26 1 4 24 37
split_gain=50.6771 23.8203 6.86101 5.49072 5.15793 4.60458 4.0101 4.68849 3.12047 3.15263 3.14653 2.99082 2.92501 2.83369 2.66797 2.56072 2.48591 2.70769 2.80911 2.40532 2.24563 1.86029 1.79382 1.72211 1.96206 1.68969 2.11207 1.40829 1.33376 1.24047
threshold=0.96319682362627157 0.047002069501081441 -0.052392163069055024 0.21173817444255597 0.9287234379740188 -0.52940990025693058 0.99371727059814219 0.44826994379906976 0.59585481099656368 0.31403952571346222 0.17921314716137773 0.17606428639557437 0.19949205729792455 -0.062067024459956426 -0.7020805634770888 0.98575786928948728 0.060141493916289319 0.58395580454403995 -0.28591261541623031 0.95183240791908996 1.0028357215697603 0.84492824747850814 -0.18690598913568232 0.0086241277224008445 0.077476962730702717 -0.4467836612277018 0.015340491406746761 0.12847330560250617 0.015670882025268121 0.53020815708608493
decision_type=10 8 10 8 10 8 10 10 8 10 10 8 10 10 10 10 10 10 10 10 8 8 10 10 10 10 8 8 10 8
left_child=1 15 13 12 8 11 7 -7 23 19 -11 14 25 -2 -5 22 17 18 -6 -10 -19 -17 -1 24 -3 29 -27 -18 -24 -4
right_child=2 4 3 5 16 6 -8 -9 9 10 -12 -13 -14 -15 -16 21 27 20 -20 -21 -22 -23 28 -25 -26 26 -28 -29 -30 -31
leaf_value=-0.00092418607130624175 0.0060554659266034818 -0.0035303498308061239 0.016006727335326154 -0.012002532969260958 0.0032555498966781861 0.0098052029028732422 0.01941447780368304 0.00039518750942503088 -0.00010629900322805116 0.019983384968829152 -0.0008947882148114529 -0.013762459968573613 -0.014278146851680712 0.025302040104708375 0.010284999314738329 -0.0060838950516739591 0.012075776606929479 0.0051008547234560261 0.015077424187785167 -0.0079398784514050809 -0.00035945734741232882 0.014828842949663482 -0.0054701937408936042 -0.008302100018012638 0.011582468690865835 0.0028697212462199667 -0.012239533976875442 -0.0062922030601004139 -0.008196827099055207 -0.00032044489258608645
leaf_weight=37.620988205308095 8.941877494100483 31.484514008043334 6.2213074744213355 3.2628918653354075 30.112840015441179 195.62460356298834 22.782926760264672 41.92374612018466 433.83458058780525 8.3034105043625441 7.1694287376012644 7.8366662370972326 7.4586425435263655 19.395910195074975 11.062473421567118 3.0569811721798006 1.5852789494674651 96.16990194353275 24.655217404710129 24.920313399052247 86.230321233393624 5.1684131380170593 269.45356641057879 49.958969780011103 5.1385994134470812 17.99554209201597 6.8977559246122828 21.766180747421462 261.9773429906927 3.2899312223307788
leaf_count=5850 137 4359 142 97 739 2745 245 854 28985 267 491 139 134 236 235 182 55 2265 520 690 2173 171 46012 7328 244 255 150 1775 46505 85
internal_value=-0.00023046 -0.0023713 0.00821708 0.00709691 0.000356494 0.00834792 0.00928211 0.00818622 -0.000983813 -0.000165565 0.0104914 -0.00221784 -0.00116815 0.0199755 0.00419014 -0.00625796 0.00326165 0.00404631 0.00892063 -0.000567742 0.00249315 0.00647582 -0.00646841 -0.00531655 -0.000911378 0.00184879 -0.00139986 -0.00421048 -0.00684385 0.0102558
internal_weight=1751.3 1398.61 352.694 324.356 821.33 282.493 260.331 237.548 560.81 474.228 15.4728 22.162 41.8632 28.3378 14.3254 577.277 260.52 237.168 54.7681 458.755 182.4 8.22539 569.052 86.5821 36.6231 34.4045 24.8933 23.3515 531.431 9.51124
internal_count=154065 148611 5454 5081 49891 4315 3844 3599 42364 30433 758 471 766 373 332 98720 7527 5697 1259 29675 4438 353 98367 11931 4603 632 405 1830 92517 227
is_linear=0
shrinkage=0.025


Tree=7
num_leaves=31
num_cat=0
split_feature=33 22 28 31 30 11 27 33 13 28 37 31 13 36 4 21 24 32 2 19 27 32 19 32 39 35 36 23 24 27
split_gain=48.5975 18.8514 5.66683 8.31466 4.97983 6.14838 4.79194 4.47075 3.6569 3.56862 3.54819 3.53568 3.48429 3.27187 3.14543 3.11818 3.08952 3.07054 4.19102 2.94163 3.06733 2.62772 2.39323 2.37222 2.08964 2.04445 3.286 2.83652 1.95342 4.76062
threshold=1.6493751581776175 0.047002069501081441 0.67087280736671728 1.4376553431387582 0.94031386278484141 0.12322560425380148 112.24695000000001 0.32756731125150323 0.079970830211675212 0.98575786928948728 -1.0412291543878966 0.42526469705963421 -0.67148099128419736 0.40378559360266092 0.31403952571346222 0.096016882372549364 -0.050692414702901915 0.96719734942567903 0.16518077845222215 0.75000221904540176 113.28540000000001 0.7144323848635965 0.98587583841076698 0.11664866810655149 -1.4105464587542682 -1.0555605314386314 0.16873713991769551 -0.11082182428437552 0.0091400810683671691 114.19180000000001
decision_type=10 8 10 10 10 10 2 8 2 10 10 8 2 10 10 10 8 10 10 10 2 8 10 8 8 10 10 10 10 2
left_child=1 6 16 8 13 7 -1 12 19 28 -5 -10 -6 -3 22 -9 -2 -12 -19 20 -4 -16 -15 -11 -18 27 -27 -26 29 -8
right_child=2 4 3 10 5 -7 9 15 11 23 17 -13 -14 14 21 -17 24 18 -20 -21 -22 -23 -24 -25 25 26 -28 -29 -30 -31
leaf_value=-0.0086606903348934294 -0.0047511550010302496 -0.0053230488199036948 -0.0055101007118561482 -0.0093276010501162025 -0.008084027888516733 -0.0069123863645193517 0.0048963359210462548 0.00048596011686447769 0.014595932897178657 -0.0053196874638958029 -0.0015101466277340145 -0.0038849354799768195 0.012592545967131601 -0.0010180939672922581 -0.0093369243985290621 0.011486502297206973 -0.00099475098320684881 0.010156152732270876 -0.0049392714968773035 0.0015223873234308303 -0.025851996915395272 0.014617976753989745 0.0090852936883800278 0.01776935177527177 0.0044651137132557597 0.0025137976736068907 0.011606761540760888 0.023126216820236772 -0.0060349854857101601 -0.0053038197222120345
leaf_weight=236.42472368478775 7.1452940171584487 94.166039817268029 13.393780572339898 6.5888231480494133 4.3443308498244724 29.210562490741722 41.453558148583397 102.76368050300516 8.950273653957991 2.977049678564069 18.188300337409601 15.916508315363901 54.352975164307281 395.94955111015588 2.2746274685487125 18.323224677937105 7.8959546964615583 137.16607460961677 11.137115138350053 8.9700170250143838 8.1695609686430526 13.565035315230489 13.918390940874813 6.6272526492830375 9.1374068676959741 33.943012510542758 137.0420583805535 19.310193489771336 181.25855377607513 83.506586754927412
leaf_count=43193 121 12424 337 146 76 1624 6932 2315 160 70 530 665 1094 29273 255 434 121 1891 271 257 243 493 726 139 102 493 1340 184 33221 15084
internal_value=0 -0.00246594 0.00712944 0.00429686 0.000165153 0.00342206 -0.00594489 0.00517729 -0.00398402 -0.0038631 0.00699965 0.00284485 0.0108057 -0.00113463 -0.00017823 0.00230831 0.0100715 0.00775264 0.00894182 -0.00967916 -0.0145029 0.0103225 -0.000631235 0.0101223 0.0106427 0.0111441 0.00987533 0.0178086 -0.00436394 -0.00184624
internal_weight=1724.07 1281.12 442.954 228.48 728.868 208.995 552.248 179.784 55.4001 315.823 173.08 24.8668 58.6973 519.874 425.708 121.087 214.474 166.491 148.303 30.5334 21.5633 15.8397 409.868 9.6043 207.329 199.433 170.985 28.4476 306.219 124.96
internal_count=154214 147353 6861 4500 48714 5543 98639 3919 1662 55446 2838 825 1170 43171 30747 2749 2361 2692 2162 837 580 748 29999 209 2240 2119 1833 286 55237 22016
is_linear=0
shrinkage=0.025


Tree=8
num_leaves=31
num_cat=0
split_feature=33 30 27 11 32 11 30 4 26 9 13 24 27 30 36 26 27 29 37 29 27 39 24 12 39 0 19 0 36 24
split_gain=43.4397 15.0516 5.21925 4.88968 4.68826 7.15282 4.57204 4.40893 4.97827 4.29404 4.01364 3.80441 5.07952 3.33284 3.10945 3.02826 2.78789 3.05322 2.76487 3.59 2.54742 2.45875 2.4434 2.36133 2.3428 3.42402 3.06675 2.2344 2.16873 2.11148
threshold=1.6493751581776175 0.72585825792636605 112.24695000000001 0.13639349935841852 0.98578678738105852 0.0070680488514051074 0.94031386278484141 0.10762337647494026 0.9890983030786723 0.36804567324122089 -0.41805296107266871 0.0091400810683671691 114.19180000000001 0.99787007213174261 0.71044447296372359 -0.20000069358228312 108.2848 0.97510376473424343 1.1754997473307867 0.55605965267623769 114.94295000000001 -0.10358386400388869 -0.0065996135389039248 0.27848736440366745 -2.8780876620046194 -0.02046511985918131 0.62999921627191946 -0.0036050323333836616 0.9896587273069487 0.058559939930864953
decision_type=8 8 2 10 10 10 10 10 10 8 2 10 2 10 10 8 2 10 10 8 2 8 10 10 10 10 8 10 10 8
left_child=1 2 -1 6 7 21 18 15 10 -10 23 12 -4 16 -12 -2 22 -18 19 -3 -13 -6 -7 -9 26 -26 -8 -15 -14 -22
right_child=4 3 11 -5 5 13 24 8 9 -11 14 20 28 27 -16 -17 17 -19 -20 -21 29 -23 -24 -25 25 -27 -28 -29 -30 -31
leaf_value=-0.0079869670369850255 0.007072764186947425 -0.00038698231987013327 0.0062192096918363962 -0.0093670388606475266 0.0083079604192271891 0.0034797060568795574 -0.0051955503667332845 0.0023459176146403489 -0.003751814083202971 0.018071683088903324 -0.00077925838637618193 -0.0083091105457113439 -0.0043793203912513142 -0.017643981235134883 0.0062662122921677485 -0.0054860737610421184 0.0097990515410656814 0.0014140924911942288 0.0033793467127362243 -0.006955211060684691 -0.0011945694032623644 0.027247095520001732 0.017952600903787128 0.016840547448445868 -0.0042185469058512006 0.0073878370879926492 0.0055087878670308753 0.0029218535861664976 0.012809300220069054 -0.011863350012694302
leaf_weight=261.98115126299672 15.237766909645869 232.09580547560472 49.948448300361633 29.990513411699794 9.2364352778531593 12.409158480819313 33.298543170327321 12.895679210778324 5.7758212548214942 29.834331124671735 87.320615484146401 100.12651560944505 91.862639970611781 4.1098605168517679 67.209954611957073 41.186637210659683 61.518978419248015 52.839584194123745 76.099092419957742 66.986850605579093 95.722633540164679 16.895348899066452 28.636154259089381 20.843409115914255 16.777612796751782 113.41117742634378 31.273799293441698 6.8150047045201045 3.4833834765013298 12.497258952120317
leaf_count=46876 420 19587 7518 2778 101 107 844 176 102 475 1541 17131 16241 89 1284 1157 567 737 3890 9337 16610 126 232 243 282 2406 698 193 86 2160
internal_value=-4.78047e-05 -0.0025532 -0.00529599 0.000253794 0.00636831 0.00940294 0.000791793 0.00422685 0.00580306 0.0143213 0.00407179 -0.00326109 -9.86885e-05 0.00731951 0.00226154 -0.00188767 0.00827882 0.00604458 -0.00080587 -0.00190499 -0.00541746 0.021486 0.0139777 0.011786 0.00389384 0.00581016 0 -0.00517683 -0.00352226 -0.00261174
internal_weight=1688.32 1215.56 615.622 599.933 472.765 192.461 569.943 280.304 223.88 35.6102 188.27 353.641 145.294 166.329 154.531 56.4244 155.404 114.359 375.182 299.083 208.346 26.1318 41.0453 33.7391 194.761 130.189 64.5723 10.9249 95.346 108.22
internal_count=153994 146444 106622 39822 7550 2152 37044 5398 3821 577 3244 59746 23845 1925 2825 1577 1643 1304 32814 28924 35901 227 339 419 4230 2688 1542 282 16327 18770
is_linear=0
shrinkage=0.025


Tree=9
num_leaves=31
num_cat=0
split_feature=33 30 27 36 29 15 27 27 29 28 2 30 8 12 39 29 15 30 32 25 27 39 18 39 28 27 19 27 32 18
split_gain=48.2839 16.3798 3.64441 4.32044 5.5849 5.18971 3.56283 3.29671 3.20683 6.57799 3.09374 3.91218 3.45527 2.67141 2.93818 2.53193 2.38416 2.91456 2.37052 2.35381 2.34595 2.30026 2.10057 2.12135 1.93999 1.8822 1.82494 1.66038 1.56307 1.86686
threshold=1.6493751581776175 0.72585825792636605 107.89460000000001 0.99787007213174261 0.51283006527000852 0.97023917500267221 112.11640000000001 110.17470000000002 0.42045337066627159 0.68685814301680692 0.050546233801155423 0.95183240791908996 0.31403952571346222 0.44826994379906976 0.069146750323098347 3.0563240583701319 2.3294504986689053 0.7727733726719529 0.7144323848635965 0.0010010664844769649 96.513600000000011 0.49767755666915897 0.013979878585717023 0.57917977523848485 0.95953137050310766 118.87420000000002 0.14204574394892844 115.89180000000002 0.97870072131742514 -0.003280010802657551
decision_type=8 8 2 10 8 8 2 2 10 10 10 10 10 8 8 10 8 10 10 8 2 10 10 10 10 2 8 2 10 10
left_child=1 6 13 4 8 -5 -1 -6 9 -4 11 12 19 26 -15 25 -12 24 -14 -3 -16 -9 23 -13 -18 27 -2 -8 29 -28
right_child=2 10 3 5 7 -7 15 21 -10 -11 16 22 18 14 20 -17 17 -19 -20 -21 -22 -23 -24 -25 -26 -27 28 -29 -30 -31
leaf_value=-0.0078488593801227021 0.00037147982400097945 -0.0040735367638800764 0.0075389069884310225 0.026897935298707588 -0.0088164317436657379 0 -0.0047137519672727562 -0.00017540283624597385 0.019343566206340267 -0.014309355050961151 -0.0049961068464896598 0.0030961441390949225 -0.0074387909382825235 -0.0087535440125088571 0.014562085311847637 0.011161035902696513 0.0023670633068637818 -0.0036467370533148375 0.014064978331077799 0.00058592069104899112 -0.00093703503613751346 0.0064224995150908753 -0.0091800334267146243 0.0099771189929293656 0.025978376426214311 -0.010357103954485006 -0.0056662216044543398 -0.00072656736124114638 0.019411794071040257 0.012157367589118305
leaf_weight=239.44960360834375 6.2975845448672763 95.18164119462017 206.61520173680037 11.559389671776442 16.640402392717078 7.5057606266345855 219.772355314577 74.902754232520238 13.251609301194547 7.6786866106558582 93.663745236350223 94.310230947332457 2.6875787032768157 6.3737091049551964 14.655298392754053 5.5495466541033229 6.1116223183926213 12.425746980821712 15.128675681538878 221.14394637779333 8.3019244871102256 54.959465510677546 5.0475075044669202 43.426012163748965 3.4721971184480935 27.946035899454728 3.2232924462296095 100.12771039828658 34.648133578244597 16.72678730241023
leaf_count=45285 80 11415 2328 71 338 137 38323 2067 214 117 8128 1892 379 126 203 102 277 1057 403 15373 154 1012 120 609 41 5152 67 17977 261 373
internal_value=0.000181902 -0.00252902 0.006836 0.00572537 0.00506796 0.0171894 -0.00546354 0.00118513 0.00751576 0.0066459 0.000399209 0.00130092 -0.000161312 0.0114543 0.00460798 -0.00380509 -0.00322961 0.00383435 0.010162 -0.000802575 0.00887861 0.00259293 0.00474776 0.00538702 0.0135558 -0.00410289 0.0144783 -0.00349651 0.015928 0.00876494
internal_weight=1668.78 1185.44 483.34 393.113 374.048 19.0652 592.845 146.503 227.545 214.294 592.599 476.926 334.142 90.2267 29.3309 353.396 115.673 22.0096 17.8163 316.326 22.9572 129.862 142.784 137.736 9.58382 347.846 60.8958 319.9 54.5982 19.9501
internal_count=154081 146533 7548 6284 6076 208 106839 3417 2659 2445 39694 30191 27570 1264 483 61554 9503 1375 782 26788 357 3079 2621 2501 318 61452 781 56300 701 440
is_linear=0
shrinkage=0.025


Tree=10
num_leaves=31
num_cat=0
split_feature=33 30 25 27 26 27 17 39 26 16 27 27 38 38 26 10 0 39 30 39 32 38 15 27 22 35 32 26 30 33
split_gain=43.8139 11.8386 5.41574 5.79228 4.35327 4.04528 3.74591 3.57638 4.38961 3.4274 2.99127 2.82439 2.73552 3.14231 2.69996 2.63818 2.40621 2.38536 2.38405 4.1843 3.19405 3.02742 2.26981 2.19347 2.06922 2.02421 2.49702 1.85595 1.75447 1.70497
threshold=1.6493751581776175 0.74134182908545743 -0.0071725914240974653 112.11640000000001 -0.55338950086584571 112.27755000000001 2.1533585538655831 0.4768472127390404 -0.35893887148126163 -0.47483100892088198 118.87420000000002 117.01430000000002 0.80159794033788689 0.90010395010395017 0.28125193714711832 0.037726693167447485 0.028833499835832724 -0.45916419384868518 0.96319682362627157 0.57917977523848485 0.12850998119923682 0.9040213124723574 0.095526352675553469 121.55260000000001 0.25722651429653715 1.867008088776323 0.080881963450163338 0.45169090227045217 0.94781701007533814 -0.024529965295926558
decision_type=10 8 10 2 10 2 10 8 10 8 2 2 8 8 10 8 10 10 10 10 10 10 8 2 10 10 8 8 10 10
left_child=1 5 4 6 22 -1 16 8 9 -5 25 -10 28 -14 -6 18 17 -4 24 20 -20 -21 -2 -12 29 -7 -27 -17 -9 -3
right_child=2 15 3 7 14 10 -8 12 11 -11 23 -13 13 -15 -16 27 -18 -19 19 21 -22 -23 -24 -25 -26 26 -28 -29 -30 -31
leaf_value=-0.007419895328865252 0.0096214543702494038 -0.0053464593069661327 0.0067318022740415848 0.014611242982119015 0.02490090627212941 -0.0029052706327158044 -0.0068045009140052133 0.0014261148183312168 -0.0080351157168815201 -0.0011937328505349698 -0.018072119995906761 0.0055788176427022758 -0.0036846540651811715 0.0055772755409618444 0.0088199376733782767 -0.0072872716100899348 -0.0033914008459902459 0.012981708736889686 0.01199552131087658 0.015771475783859137 -0.0021436978231335765 0 -0.0079959397230533243 -0.0032309497143922401 0.010234460485882885 -0.010417148529254209 0.011840506370041141 -0.0010035477430955088 0.018510117769731445 0.00028689105113530053
leaf_weight=254.64832657168154 10.428955258335916 36.990248993970454 88.715380356879905 14.316730683669446 20.53687020984944 305.3702914211899 8.0287947191391122 6.7095084271859404 46.529078527120873 17.057606109417979 13.191172889433803 10.314241013722492 27.264290136750787 104.94969445746392 14.712825067574157 40.495395247358829 7.4267966232728204 88.855227496707812 11.05142314173281 24.793354253750294 51.84093478647992 10.658004859462379 6.0540267368778613 14.728286461671813 10.689348138868807 2.8619523793458912 11.133863875642419 114.18470645381603 13.331262795254586 264.54058778367471
leaf_count=48688 131 4242 1228 218 252 54960 149 106 747 318 2523 173 363 1422 181 3902 161 1148 145 227 1013 156 111 2781 343 127 424 8543 135 19347
internal_value=5.03635e-05 -0.00256987 0.0063593 0.00538962 0.0140367 -0.00500611 0.00862298 0.00273325 -0.00119494 0.00606072 -0.00319522 -0.00537138 0.0050497 0.00359516 0.018906 1.63708e-05 0.00937235 0.00996732 0.00107808 0.00444705 0.000401896 0.0111706 0.00262313 -0.0109563 0 -0.00245486 0.00633235 -0.00274018 0.0135473 -0.000397858
internal_weight=1652.41 1167.18 485.231 433.499 51.7327 601.934 193.026 240.472 88.2177 31.3743 347.286 56.8433 152.255 132.214 35.2497 565.244 184.997 177.571 410.564 98.3437 62.8924 35.4514 16.483 27.9195 312.22 319.366 13.9958 154.68 20.0408 301.531
internal_count=154264 147421 6843 6168 675 109503 2686 3482 1456 536 60815 920 2026 1785 433 37918 2537 2376 25473 1541 1158 383 242 5304 23932 55511 551 12445 241 23589
is_linear=0
shrinkage=0.025


Tree=11
num_leaves=31
num_cat=0
split_feature=32 22 32 28 20 2 27 28 12 38 16 20 4 28 27 2 22 22 20 36 17 4 22 12 33 23 39 22 13 18
split_gain=39.8789 11.3693 7.0082 6.22988 4.76275 3.52708 3.29479 3.24687 3.33174 3.1509 3.17294 2.925 4.37743 2.61682 2.69656 2.45229 2.88029 2.69533 2.68415 2.67692 2.61345 2.33344 2.26698 2.26081 2.77157 2.19421 2.10518 2.05402 2.04131 1.85116
threshold=0.94031386278484141 0.058246200898376184 0.97870072131742514 0.18461574070177508 0.070274615410082522 -0.051614649360278979 112.77090000000001 0.32778350470811429 0.21504962875620784 0.73857565156076277 -0.21768981007942009 -0.019272006424831008 0.25610359883110351 0.98575786928948728 112.78265 0.062413408942663902 0.16449504684983376 0.060663360071454238 0.063020634503260356 0.98578678738105852 -0.61293610445604874 0.13537104739847552 0.40197093464272676 0.29454300114349857 1.7141006135769687 -0.069425193147422501 -0.12061529490958463 0.0030508391529291416 -0.7869008290871865 -0.0045429226437858411
decision_type=10 8 10 10 10 8 2 10 8 10 10 10 10 10 2 10 10 10 8 10 10 10 10 8 10 10 10 10 2 10
left_child=1 6 9 5 7 -4 -1 26 -9 11 21 12 -2 14 -8 16 19 18 -17 20 -3 -11 25 24 -13 -18 -5 -15 -25 -12
right_child=2 15 3 4 -6 -7 13 8 -10 10 29 23 -14 27 -16 17 22 -19 -20 -21 -22 -23 -24 28 -26 -27 -28 -29 -30 -31
leaf_value=-0.0072231213849308614 0.00068595640609535975 -0.0041410730655770441 0.0053087320613049403 0.0054347689672405962 -0.0035447556400242442 0.023386387507909032 0.015729780982374576 -0.0013029771037147769 0.009769835202409316 0 -0.0090295985686409761 -0.0044421439738446707 0.018938639407717065 -0.0021149579074893183 -0.0040752504509402494 -0.0043144549004454245 0.016559924040890413 -0.0068189144635016812 0.019593316073829456 0.01114444117382944 0.00060428181843371535 0.014663073159541877 -0.011214809645250297 0.0093259191295386092 0.0050424645805595266 0.0029815149562848766 -0.0093385460550479676 0.016303433408795323 -0.0066685106996278972 0.0043567359131139877
leaf_weight=255.25040492764674 27.430939843412489 121.15416921139695 11.955275634769349 12.048833732493224 23.431732976110652 24.454802048392594 3.0590162125881752 17.001071603037417 196.59764462686144 7.4370005605742326 7.4388062111102071 28.996388281695545 11.18687451793812 5.9355899454094452 282.16759197344072 4.893293444067238 7.013170236023142 53.705917485291138 4.1683006584644318 9.8577256584539992 172.19420235720463 30.528363822959363 5.2477725428761905 4.1220263405702999 50.303179119247943 163.53337806626223 9.6356334690935892 6.2738416430074722 48.787354561151005 23.425549632171169
leaf_count=50147 540 12143 101 103 433 141 500 244 2105 198 184 1377 142 132 52883 446 166 6783 128 365 16740 421 200 47 978 4711 70 83 1197 499
internal_value=0.000132177 -0.00259683 0.00572452 0.00830861 0.00683776 0.0180088 -0.00511552 0.00791621 0.00885124 0.00248568 0.00696281 0.000602162 0.00657319 -0.00325996 -0.00377165 -7.95192e-06 0.000590769 -0.00461961 0.00695736 -0.000866167 -0.00133899 0.0117022 0.00313487 -0.00112918 0.00146667 0.00369536 -0.000947573 0.00740209 -0.00510463 0.000679323
internal_weight=1629.24 1094.45 534.781 295.125 258.715 36.4101 552.686 235.283 213.599 239.656 68.8297 170.827 38.6178 297.436 285.227 541.768 479 62.7675 9.06159 303.206 293.348 37.9654 175.794 132.209 79.2996 170.547 21.6845 12.2094 52.9094 30.8644
internal_count=154207 145427 8780 3197 2955 242 103745 2522 2349 5583 1302 4281 682 53598 53383 41682 34325 7357 574 29248 28883 619 5077 3599 2355 4877 173 215 1244 683
is_linear=0
shrinkage=0.025


Tree=12
num_leaves=31
num_cat=0
split_feature=32 30 11 14 9 27 27 11 10 31 33 29 27 27 23 27 25 25 24 19 12 36 15 36 23 21 21 10 32 25
split_gain=38.4453 9.45236 5.3006 5.25643 5.08969 4.46552 3.02382 3.01472 2.65304 2.62463 2.70753 2.62067 2.34806 2.20933 2.25996 2.20761 4.4952 3.19211 2.02676 1.85109 1.59112 1.57462 1.51014 1.67851 1.32884 1.21159 1.13263 0.994337 0.992568 0.936781
threshold=0.94031386278484141 0.74134182908545743 -0.0044869866081059797 29.546496793531798 0.40815396694143175 112.77090000000001 118.87420000000002 0.12322560425380148 -0.040053472244812142 1.5671789716845848 0.886706363520117 -1.0555605314386314 120.39400000000002 112.94865000000001 0.14358993028778436 108.57690000000001 0.00095522335115980636 0.020825784896004718 0.0086241277224008445 0.1166665808861579 0.1502795539118488 0.12899815863056677 2.3294504986689053 0.95567068191098425 0.024574053421191348 0.049318660378091635 0.0035183697459439949 -0.034280572382552214 0.98578678738105852 0.00022094730488823682
decision_type=10 8 10 8 10 2 2 10 10 10 8 10 2 2 8 2 10 10 8 10 10 10 10 8 10 10 10 10 10 8
left_child=1 5 3 21 26 -1 13 9 -4 22 19 -10 -8 18 -15 16 -13 -17 -7 -11 -12 -2 25 -24 -9 -3 29 -28 -6 -5
right_child=2 7 8 4 28 6 12 24 11 10 20 15 -14 14 -16 17 -18 -19 -20 -21 -22 -23 23 -25 -26 -27 27 -29 -30 -31
leaf_value=-0.0073452167230928789 0.0064111442588216166 -0.00034179092398677139 -0.0060855830652780593 0.0017321280026552401 0.012726181904847337 0.016813893738060463 -0.020408215368988111 0.0052846298204581414 0.016077812831808144 -0.0047621452423843753 -0.0086399731242099501 0.00010570715243309083 -0.0042498147272624935 -0.0031077442278504863 0.0069751156854299824 0.0028324777374192632 0.011479185023398664 0.01336035032396537 -0.00083099019884017499 0.0069094553462587631 0.0012435919177871614 -0.0095120515626279031 0.00048665759246969623 0.016653571031409117 -0.0089679171869872839 -0.0038560827107216758 0.0047307031648148286 -0.012243155410524779 0.025931733330958853 0.017932648643296131
leaf_weight=264.44231786287855 6.2129769022576493 227.76996744098142 12.899218939943237 7.7658875696361092 12.916009008185936 6.0323511068709177 9.3061641550157237 3.1925936079351223 11.95247599959839 7.8446264993399373 13.051509680924935 34.000363811617717 17.436852296581492 257.65138428844512 13.145608952734618 337.96701927809045 66.456385861616582 18.468963549821638 7.3694641639012843 81.27654258790426 31.846495660487562 6.5988960766699165 15.134033549111338 4.8877909725997588 30.903968588565476 85.891394009348005 2.5786043650005013 3.1067356579005709 19.72890785522759 3.1748901817481956
leaf_count=52798 77 20926 143 198 153 829 1912 193 91 160 276 518 3362 48269 411 6149 888 203 1380 1464 811 99 1071 117 3423 7972 58 121 115 54
internal_value=-1.85412e-05 -0.00275821 0.00538841 0.0122836 0.0159299 -0.00494241 -0.00285452 -0.000232986 0.00445598 0.000282577 0.00323371 0.00477676 -0.010776 -0.00204065 -0.00256209 0.0044234 0.00775021 0.00344196 0.00732668 0.00574944 -0.00161691 -0.00136726 -0.00088765 0.0055053 -0.00728662 -0.00133897 0.00373782 -0.00397258 0.021565 0.00835889
internal_weight=1621.01 1077.18 543.827 62.0829 49.271 575.384 310.942 501.799 481.744 467.702 134.019 468.845 26.743 284.199 270.797 456.893 100.457 356.436 13.4018 89.1212 44.898 12.8119 333.683 20.0218 34.0966 313.661 16.6261 5.68534 32.6449 10.9408
internal_count=154241 145374 8867 875 699 108961 56163 36413 7992 32797 2711 7849 5274 50889 48680 7758 1406 6352 2209 1624 1087 176 30086 1188 3616 28898 431 179 268 252
is_linear=0
shrinkage=0.025


Tree=13
num_leaves=31
num_cat=0
split_feature=33 30 11 29 26 18 18 12 15 21 3 5 32 4 19 30 15 10 27 11 31 4 36 5 27 5 36 33 14 27
split_gain=29.7258 8.71535 5.55839 4.26905 3.85575 3.20003 3.77843 3.50041 3.94185 3.2665 4.79733 3.7603 3.1396 3.97309 2.61277 2.56273 2.52618 3.00819 2.47454 2.24829 2.81436 3.10947 2.7502 2.17697 2.17545 2.15479 1.97539 2.01736 1.88643 1.81693
threshold=1.7141006135769687 0.74134182908545743 -0.0044869866081059797 1.867008088776323 -0.54119629961166782 0.004689862274940307 -0.003280010802657551 0.22598151166235528 1.500469256361243 0.025427861892701745 -0.0070626686141275754 -0.0021136561411888018 0.98578678738105852 0.076593768791038644 0.30487863501879103 0.99371727059814219 0.87367995299305046 0.024600562699986121 112.77090000000001 0.14200672574643161 1.5216791235717551 0.2632566969884142 0.86673713883016223 0.033266440933643067 109.07075000000002 -0.039496804106250054 0.9896587273069487 0.31813757728054531 36.531023296017707 118.87420000000002
decision_type=10 8 10 10 8 10 10 10 10 10 10 10 10 10 8 10 10 10 2 10 10 10 8 10 2 10 10 8 10 2
left_child=1 3 4 18 -2 6 9 14 -9 10 -4 -11 13 28 -8 16 24 -18 -1 20 21 22 -3 25 -7 -5 27 -22 -6 -20
right_child=2 19 5 23 12 15 7 8 -10 11 -12 -13 -14 -15 -16 -17 17 -19 29 -21 26 -23 -24 -25 -26 -27 -28 -29 -30 -31
leaf_value=-0.0066181829559616408 0 -0.0033903464398581749 -0.0044145022681232084 0.015789828443465572 0.0080898618573054717 0.0053579598938052822 -0.010371440723891411 0.011379871907111174 0.0022228431523011499 -0.010521533624160372 0.013796971061723867 0.0022800178501845856 0.022180346036074289 0.016890988377970814 0.0041692920818276686 0.009676628982087699 0.01712364492313492 0.00023645718587048201 -0.0025203269480548692 -0.007849170707498649 0.0072504673604114655 0.0066282856586826954 0.0014664272053947363 0.012147739333062299 -0.0080308726111221647 -0.01054547660514589 -0.010014282728259634 0.0013896333016746852 -0.010947120519491732 -0.0095268201974627459
leaf_weight=258.9624571823515 11.756369556998832 204.14662698213942 12.837737054331226 1.3414492991287259 4.2206108323298412 7.9539047984872004 8.7423915541730803 120.73720520501956 42.479154189582914 20.839824498398229 23.132395266089588 38.499369548168033 23.21437524817884 12.605041132308541 32.396241727983579 15.802362066227941 6.4426825151313087 55.670559351798147 272.91249497467652 20.420154766994528 58.668526418856345 29.564959443057887 109.54611841170117 13.323733234079553 35.556137856096029 6.1196867064572897 5.6041323048993936 107.95701839076355 6.3894152981229126 25.514904598239809
leaf_count=52444 132 23542 121 56 75 104 147 1393 676 288 229 642 133 118 429 259 81 917 50818 2580 1001 1796 6639 591 426 473 119 2698 113 5208
internal_value=-6.05625e-06 -0.00225032 0.00518775 -0.00437591 0.0124329 0.00413637 0.00552257 0.00743926 0.00907587 0.00129383 0.00716284 -0.00221142 0.015599 0.00794389 0.000695715 0.000633685 -0.000742531 0.00239789 -0.00480167 3.36024e-05 0.000377885 -0.000914121 -0.00167135 0.00633936 -0.00533745 -0.00341301 0.00298464 0.003535 -0.00268672 -0.00318015
internal_weight=1593.36 1114.08 479.276 578.175 58.1858 421.09 299.664 204.355 163.216 95.3093 35.9701 59.3392 46.4294 23.2151 41.1386 121.426 105.623 62.1132 557.39 535.908 515.487 343.258 313.693 20.7849 43.51 7.46114 172.23 166.626 10.61 298.427
internal_count=154248 147965 6283 109590 571 5712 3925 2645 2069 1280 350 930 439 306 576 1787 1528 998 108470 38375 35795 31977 30181 1120 530 529 3818 3699 188 56026
is_linear=0
shrinkage=0.025


Tree=14
num_leaves=31
num_cat=0
split_feature=33 30 21 5 6 27 33 36 27 8 28 27 12 3 39 28 28 11 39 30 3 32 39 19 29 5 21 24 24 38
split_gain=33.8118 8.04981 4.32897 4.11908 3.733 3.57544 3.02747 3.41672 2.9134 2.59372 2.73746 2.69694 2.58362 3.28204 2.51206 2.51085 2.43031 2.40858 2.265 2.72573 2.02899 1.99176 1.86857 1.79808 3.02322 2.10401 1.74769 1.61649 1.94167 1.57556
threshold=1.6493751581776175 0.91354117830911086 -0.050139172042420459 0.02164138055740961 -0.072439922727784531 108.19290000000001 2.2046455762204746 0.42767945319403305 112.24695000000001 0.36719754178487513 0.9896587273069487 110.17470000000002 0.27848736440366745 0.063816961361520277 1.0708336993602032 0.80084301602529939 0.98575786928948728 0.11960635462085557 0.74531599245240721 0.97080288796103009 0.13556565300784743 0.78121804703476494 0.015841109929666065 0.62999921627191946 1.867008088776323 -0.034721963727057152 0.016749111124699349 0.0091400810683671691 -0.080163460975784737 0.99380485121408302
decision_type=10 8 10 10 10 2 10 10 2 10 8 2 10 10 8 10 10 10 10 10 8 8 10 10 8 8 10 10 10 8
left_child=1 8 3 4 -2 6 15 26 21 10 11 -7 -11 -14 27 -4 -16 18 23 20 -20 -1 -9 25 -25 -3 -8 28 -10 -18
right_child=2 17 5 -5 -6 9 7 22 14 12 -12 -13 13 -15 16 -17 29 -19 19 -21 -22 -23 -24 24 -26 -27 -28 -29 -30 -31
leaf_value=-0.0071287875167637535 0.002511433764178487 0.0065143966072183342 0.0079664247819212306 -0.00084233974834385336 0.01839060742907778 -0.0054154012564536971 0.0077040898773806741 0.008857072590877332 -0.0098297612958142908 -0.0067791017823972833 -0.0086773341599606004 0.0031346251792507039 0.016252389557352722 0.0044695281479512254 -0.0012489899059272913 -0.0064013443762743101 0.020399207124180276 -0.0065971319976498412 -0.00066818083833684731 0.01249021298486769 0.013780869192018146 -0.0025414817532320283 0.019569964604876162 0.0035721175504392758 -0.015506242276981245 -0.0033243877911955052 -0.0075649924708683647 -0.0061700854365451226 -0.00051909771024660073 0
leaf_weight=237.27405969391111 14.288626508554442 14.117421887814997 14.833598023746164 13.006106016226111 37.082591369282454 23.962517059408128 9.2144695105962473 30.190488661173731 15.70361017086543 6.5784321175888172 13.725279617123304 228.19352300558239 21.638051618821919 54.464561527362093 183.12698325887322 12.990610178560017 4.2623566190013635 24.582335908315144 36.871433418942615 21.513788189738989 5.8904017133172593 88.796968780108728 24.038058161502704 97.125793204992078 4.1871432804036877 101.06488423014525 7.1732076313346615 141.65665009163786 95.501356845954433 5.2867307290434846
leaf_count=46241 133 730 280 108 270 335 87 302 2935 71 226 3361 186 864 30386 285 83 2352 1242 266 207 12444 181 3702 137 5328 94 24694 16592 110
internal_value=-0.000223955 -0.00274142 0.00505719 0.0111467 0.0142747 0.00413594 0.00836225 0.0110884 -0.00410075 0.00289632 0.00164102 0.00227071 0.00676239 0.00811702 -0.00274286 0.00101265 -0.000541811 0.00067165 0.00136002 0.00543673 0.0014734 -0.00591637 0.014062 9.19293e-05 0.00253819 -0.00199931 0.00053394 -0.00438001 -0.00199151 0.0109478
internal_weight=1588.34 1076.96 511.38 64.3773 51.3712 447.003 98.4404 70.6162 771.609 348.562 265.881 252.156 82.681 76.1026 445.538 27.8242 192.676 305.353 280.771 64.2756 42.7618 326.071 54.2285 216.495 101.313 115.182 16.3877 252.862 111.205 9.54909
internal_count=154232 147449 6783 511 403 6272 1229 664 133485 5043 3922 3696 1121 1050 74800 565 30579 13964 11612 1715 1449 58685 483 9897 3839 6058 181 44221 19527 193
is_linear=0
shrinkage=0.025


Tree=15
num_leaves=31
num_cat=0
split_feature=32 22 21 27 28 24 21 24 39 2 21 27 16 17 22 22 12 11 9 28 12 9 20 1 23 27 27 24 4 9
split_gain=21.4433 7.06144 4.73578 4.54113 3.88657 3.27752 5.48441 3.90405 2.98359 3.2025 3.17526 3.00967 2.97984 3.59506 5.43886 2.74697 2.60528 2.49292 2.70288 3.35121 2.98131 2.37728 2.32028 3.38928 2.28576 2.18335 2.5838 2.16753 1.93271 1.82054
threshold=0.94397445986550299 0.13167971721859981 0.028436526431846246 112.11640000000001 0.98575786928948728 0.0091400810683671691 -0.057345972152186279 -0.0011053696177609205 0.069146750323098347 -0.00048270398075361815 0.11592641444357972 107.89460000000001 -0.73000913744922424 -0.35837188348877019 0.17796157551201466 0.084347243080208426 0.25342452365417784 0.11960635462085557 0.48353801805347291 0.76947193841350947 0.16657097389988976 0.40815396694143175 -0.0032350417156841167 0.025129381184859526 0.026908017436951041 112.24695000000001 118.87420000000002 0.0091400810683671691 0.17366159587366661 0.22193333069206714
decision_type=10 8 10 2 10 10 10 10 10 10 10 2 10 10 10 10 10 10 10 10 10 10 10 10 10 2 2 10 10 10
left_child=1 4 3 12 25 7 -7 21 10 -10 -4 -11 -2 14 -14 -8 -9 18 19 24 -21 -5 -12 -24 -3 -1 27 -27 -13 -6
right_child=2 17 8 5 29 6 15 16 9 11 22 28 13 -15 -16 -17 -18 -19 -20 20 -22 -23 23 -25 -26 26 -28 -29 -30 -31
leaf_value=-0.0055030332938763296 0.016919246370533308 4.7941722857077209e-05 -0.003763831096834962 -0.003954206079224025 0.010422093312953986 0.016172840297261019 -0.0049489815597230378 0.00057159986118756516 0.011845417859358075 0.010345049604244871 -0.0059585923800677901 -0.0067777318044803525 0.0082088265684787717 0.011168637660470524 -0.015772412343132744 0.0054983980627846471 -0.017931117935254672 -0.0061583180605548123 0.011403494109406116 0.0070925541709055103 -0.0012479404214709913 0.008421452034864994 0.016772918443510709 0.00076400110414564701 -0.0075087067208599728 0.00029968724865423227 -0.0097474530273346984 -0.0035825269681886551 0.0020164291390998338 -0.0079715043519087477
leaf_weight=301.66565843322314 32.678754500579089 132.8780690029962 88.348793911980465 14.891455560922621 16.440246546640996 25.182721224380657 19.585074474918656 6.6315011219121542 26.679101506480947 21.899017817107961 9.1337485779076797 18.225642611971125 14.278893142007293 45.470876131905243 8.31201707664877 58.725904016057029 10.472123737912623 27.001686790725216 15.505916927359065 75.86655072553549 38.451294950442389 21.780218793312088 13.142040664795784 22.321439573774114 29.087525189854205 147.75721554970369 28.641672072815709 215.14426674158312 77.353599106310867 2.7495793239213517
leaf_count=56419 344 7425 2019 291 552 212 305 113 391 255 137 432 182 563 71 668 107 3219 545 2893 1794 198 209 501 1472 26494 5810 39019 1213 104
internal_value=-6.82181e-05 -0.00217956 0.00398224 0.00642293 -0.00356379 0.00364989 0.00624025 -0.00122637 0.00166489 0.0041514 -0.000988422 0.0022388 0.0105845 0.00719424 -0.000649992 0.00275599 -0.0107803 0.000892071 0.00159265 0.000968072 0.00423845 0.00323191 0.00430056 0.00725595 -0.00130844 -0.00388169 -0.00260042 -0.00198549 0.000198761 0.00710473
internal_weight=1566.3 1031.19 535.113 258.01 712.399 157.269 103.494 53.7753 277.103 144.157 132.946 117.478 100.741 68.0618 22.5909 78.311 17.1036 318.791 291.789 276.283 114.318 36.6717 44.5972 35.4635 161.966 693.209 391.543 362.901 95.5792 19.1898
internal_count=153957 145746 8211 3054 128398 1894 1185 709 5157 2291 2866 1900 1160 816 253 973 220 17348 14129 13584 4687 489 847 710 8897 127742 71323 65513 1645 656
is_linear=0
shrinkage=0.025


Tree=16
num_leaves=31
num_cat=0
split_feature=32 22 21 25 32 11 16 34 4 14 19 2 1 4 13 20 27 15 27 9 32 12 19 17 0 12 7 27 27 17
split_gain=31.7978 6.27576 5.01033 3.91418 3.85602 4.66712 4.03813 3.63542 3.42357 2.67752 2.91635 2.63588 2.60527 2.5172 2.40154 3.41166 4.20925 2.35208 2.30583 2.08532 1.99033 1.95797 1.94179 2.3043 2.13846 2.05085 1.91071 1.80649 2.27841 1.78174
threshold=0.94397445986550299 0.13458259559497512 0.028436526431846246 0.0075445827355597886 0.98274000148953611 0.10119243485287112 -0.47483100892088198 0.98575786928948728 0.32850349713364285 52.376420264716707 0.43815008348031681 0.062413408942663902 -0.061358079137361736 0.10341251145624254 0.40636543311932011 0.0013713684198090605 107.53960000000002 2.3294504986689053 94.779600000000002 0.29101166270754492 0.073119812617750399 0.32401349153129194 0.64646480215147528 -0.23518565728133467 0.044770215408750376 0.30294305246340841 0.059302409010635888 118.87420000000002 117.90000000000002 0.3494330274925298
decision_type=10 8 10 10 10 10 10 10 10 8 10 10 10 10 2 10 2 8 2 10 8 10 10 10 10 10 10 2 2 10
left_child=1 7 4 14 6 12 8 27 21 10 -8 22 -6 20 15 16 -4 -13 -19 -11 -9 -2 23 25 -24 -3 -25 28 -1 -5
right_child=2 11 3 29 5 -7 9 13 -10 19 -12 17 -14 -15 -16 -17 -18 18 -20 -21 -22 -23 24 26 -26 -27 -28 -29 -30 -31
leaf_value=-0.0040795308749882074 0.0083213515661781125 -0.0040631107921936666 0.0095543021750829297 0.008654896774105799 0.0015462896416466798 -0.0018976498359681252 0.002894789581041936 -0.0045990197471281269 0.021496968465749718 -0.0072271356258670335 -0.0095405656205167673 -0.0093169011914476848 0.014552461218387333 -0.010099530123436061 -0.0067094184872569509 0.0041288823452391814 -0.0074386845416569633 0.014762329258100599 -0.0059925705471458755 0.0080138595354102386 0.013960753848922933 -0.0031230458090721232 0.0041659013267110346 0.0066738957573060295 -0.01433978407293314 0.0089376808134751622 -0.0026883107853624285 -0.010405509232243622 0.005699112497499095 0.00057141464630381745
leaf_weight=643.14135488250758 48.516764941159636 89.229369534994476 10.271623374661429 70.101464437320828 12.670256239362059 13.916394260246305 21.944335287204012 3.3472686449531528 11.120798006188123 5.208418608410283 21.866281811497174 28.24468572915066 84.507124667521566 3.5219115507788947 24.455170127796009 104.3471916958224 40.038939833641052 5.0192297855392081 5.6231376469368115 33.564839582890272 14.404119210084898 9.7676312725525332 122.29516370862257 36.682735926471651 2.7107965801842502 6.838263329002074 19.064530961913988 28.314152536215261 13.606238986365495 25.31969673326239
leaf_count=119937 747 5606 156 952 94 112 365 108 95 112 356 3153 614 247 686 2045 826 99 521 501 305 111 4753 1423 123 258 888 5893 2491 503
internal_value=6.27598e-05 -0.00252076 0.00498279 0.00256138 0.0074581 0.0110426 0.00472316 -0.00382963 0.00912565 0.000855996 -0.00323407 0.000387319 0.0129725 0.00597345 0.000327212 0.00153109 -0.00368197 -0.00557315 0.00366668 0.00562341 0.00999569 0.00625304 0.00127205 -0.000586433 0.00357264 -0.00296174 0.00335131 -0.00415488 -0.00385552 0.00662133
internal_weight=1559.66 1022.04 537.617 274.534 263.083 111.094 151.989 706.335 69.4052 82.5839 43.8106 315.708 97.1774 21.2733 179.113 154.658 50.3106 38.8871 10.6424 38.7733 17.7514 58.2844 276.821 151.815 125.006 96.0676 55.7473 685.062 656.748 95.4212
internal_count=154080 145805 8275 5168 3107 820 2287 128981 953 1334 721 16824 708 660 3713 3027 982 3773 620 613 413 858 13051 8175 4876 5864 2311 128321 122428 1455
is_linear=0
shrinkage=0.025


Tree=17
num_leaves=31
num_cat=0
split_feature=32 31 23 16 37 15 38 11 31 26 37 4 2 2 22 19 2 2 20 39 26 7 11 24 31 4 26 11 32 38
split_gain=25.7614 6.67087 4.05863 3.85393 3.42947 4.11508 2.84099 3.80773 6.53814 3.71496 2.96669 2.788 2.66247 2.55312 2.48303 2.37423 2.28351 2.1183 2.07281 1.6956 2.12528 2.02013 1.6567 1.59786 1.44989 1.41034 1.72462 1.27793 1.2918 1.2296
threshold=0.94031386278484141 1.4376553431387582 -0.057740899725936982 0.1613594330679386 1.1754997473307867 2.3294504986689053 0.31902662872744619 0.12702655552023936 1.9000774491766712 -0.16669210039544383 1.2494793852976078 0.057961185497669827 0.019316627580968419 -0.038621503481541412 0.17310511001185866 0.26667187401374343 -0.019535671903539772 0.048092617526025012 0.021358601441920536 2.124434183340314 1.2803026746241357 -0.057287868430676007 0.1081495850056733 -0.094165030053838181 0.65897813551437168 -0.15083339333839049 0.95523014939905238 0.05266633646331887 0.86320287899235282 0.99770110082918928
decision_type=10 10 10 10 10 10 10 10 10 10 10 10 10 10 10 8 10 10 10 10 10 10 10 8 10 8 8 10 10 10
left_child=1 4 3 12 23 29 9 8 18 10 11 -4 -2 -10 15 -3 -9 -18 -8 20 21 -16 -12 -1 -7 -25 -27 -17 -29 -6
right_child=2 14 6 -5 5 24 7 16 13 -11 22 -13 -14 -15 19 27 17 -19 -20 -21 -22 -23 -24 25 -26 26 -28 28 -30 -31
leaf_value=-0.01378425533320924 0.01830662350975509 -0.0057932448660793058 0.010724660412391165 0 -0.00053889615022725693 0.017617799002404715 0.0055846575285977175 0.014903741421849519 1.3312617881330208e-05 -0.014437723813834701 0.001172672788748779 -0.00046980044697072761 0.002012154236644205 0.014933162018911275 0.011250064261290086 0.0018680826319633376 -0.0071476201321443861 0.0019574483244267408 -0.0011841447453665292 0.013273756525419537 -0.011112872024086527 -8.5773830536749733e-05 0.011789750479352048 0.0006194719677073534 0 -0.005359973314757311 -0.0027321054021472494 0.01767903557736232 0 -0.016897605276854841
leaf_weight=9.7419972126372141 30.243349009891972 5.0043907081708303 14.013597014825789 14.369918544776736 94.07048608653713 9.7874005504418147 93.850713154883124 5.132178394123911 9.2277410097885859 7.6077060736715785 16.996040330035612 152.77940997213591 9.5771597956772876 61.992708756588399 9.3985825127456319 8.9746364296879637 21.483352323062718 51.340210532071069 37.364833630621433 5.0177591851679599 8.9111619713949022 118.57052078517154 25.592095751781017 39.559954461175948 4.5525666284374884 333.4989673626842 335.07120447873604 15.042524545919152 3.7639879374764851 1.8315418090205628
leaf_count=1967 273 221 310 144 9570 411 1621 51 95 140 320 2895 70 564 141 245 305 920 776 123 287 3765 367 7418 206 61330 59065 358 158 70
internal_value=0 -0.00238709 0.00433334 0.0108399 -0.00332634 0.000715181 0.00358502 0.00525247 0.00705408 0.00137893 0.00206823 0.000495979 0.014744 0.0131359 0.00201524 0.00810099 0.000443252 -0.000699605 0.00360728 0.00050057 -2.46414e-05 0.000785494 0.00787223 -0.00395758 0.0126942 -0.00378872 -0.0040614 0.0109989 0.0146079 -0.00113352
internal_weight=1554.37 1002.8 551.571 54.1904 828.114 110.242 497.381 280.392 202.436 216.989 209.381 166.793 39.8205 71.2204 174.684 32.7855 77.9557 72.8236 131.216 141.898 136.88 127.969 42.5881 717.872 14.34 708.13 668.57 27.7811 18.8065 95.902
internal_count=154186 145335 8851 487 140037 10257 8364 4332 3056 4032 3892 3205 343 659 5298 982 1276 1225 2397 4316 4193 3906 687 129780 617 127813 120395 761 516 9640
is_linear=0
shrinkage=0.025


Tree=18
num_leaves=31
num_cat=0
split_feature=33 31 31 39 13 13 28 27 37 10 8 33 32 29 14 32 27 27 18 18 33 26 37 1 18 32 10 3 27 9
split_gain=27.1862 7.51694 5.43433 4.30459 4.8382 4.64496 3.90409 3.40232 3.3869 3.04082 2.78661 3.24553 2.69977 2.58642 2.29634 2.45389 2.18006 2.66431 2.17674 4.70918 4.4894 1.85788 1.84806 1.94933 1.6951 1.68093 1.68053 1.86916 1.38415 1.33479
threshold=1.7889566112783 0.99360822340434163 0.13412415721924645 -0.35063552047352126 0.40636543311932011 -0.74618553165770496 0.43538074712643687 116.24915000000001 1.8447202021991365 -0.032653663422656069 0.31403952571346222 0.55710300487887532 0.98578678738105852 -1.0747141454807807 80.000005643703958 0.95553201506591356 112.27755000000001 118.87420000000002 -0.0031120933379799247 0.00213263886987972 3.2376139196343092 -0.7405341400397375 -0.073022643512743915 0.016274204580896238 0.013979878585717023 0.71835397914624377 0.01952382023685029 -0.024348979855975724 93.67110000000001 0.091277222590663412
decision_type=10 8 10 10 2 2 10 2 10 10 10 10 10 8 8 8 2 2 8 10 10 10 10 10 10 10 8 10 2 8
left_child=1 8 12 7 5 9 -7 18 10 -5 16 -12 -2 25 15 -10 28 -18 20 -20 -4 -9 26 24 -24 -3 27 -15 -1 -25
right_child=2 13 3 4 -6 6 -8 21 14 -11 11 -13 -14 22 -16 -17 17 -19 19 -21 -22 -23 23 29 -26 -27 -28 -29 -30 -31
leaf_value=0.0030994777874302284 0.0065991032155311895 0.018966362022376337 0.0017489858384898604 0.0062988249892152572 -0.0033242614845464171 0.015758335096532492 0.0068309829670854614 -0.01154739089344128 -0.004911090075943654 -0.011773432698488984 -0.0099039819770887008 0.017788600566259045 0.020437700374398206 -0.0083006677305412068 0.015497257173505256 0.012957991200371756 -0.0020121670081127549 -0.009896452643408625 0.0091323890769828414 -0.00061458971721644641 -0.019937300868905061 0.0020795245487894342 0.0040797954264772058 -0.0075448732828439884 -0.010599484242489576 0.00019902538252718609 -0.0079238896205602854 0.0030559345000451422 -0.00574893333856591 0.00020798739138857964
leaf_weight=9.601199094206093 21.919600906316191 6.9892457542009634 25.33212642418221 9.4782993737608212 26.582441927166656 41.719808109570295 150.59554137988016 17.023101643193517 15.505335040274081 11.062297265976666 2.6851484846556541 6.6004219994647428 19.778608121909201 11.122424827190114 7.5455047402065238 5.5343815558589986 357.06273491505999 28.653196491999552 59.584956673439592 60.172487833537161 6.3761008405126622 7.7567055355757466 135.5178009243682 15.139890957623718 3.7095924080349496 6.0450626846868545 25.225449687219225 32.979802612797357 329.84945619478822 81.395848278189078
leaf_count=1865 279 173 367 92 477 335 1811 259 1435 119 440 249 132 477 391 98 64096 5854 736 900 74 86 5445 963 182 140 1903 1468 59022 4301
internal_value=4.23727e-05 -0.00211419 0.00514862 0.00423317 0.00641541 0.00767859 0.0088921 0.00120289 -0.00346096 -0.00320178 -0.00379697 0.00884836 0.0137261 0.00109348 0.00472563 0 -0.00398356 -0.00264612 0.0026545 0.00421547 -0.00295193 -0.00709411 0.000579229 0.00165485 0.00354804 0.0115399 -0.00293821 0 -0.00546661 -0.00100888
internal_weight=1538.54 1081.16 457.382 415.684 239.438 212.856 192.315 176.245 763.037 20.5406 734.452 9.28557 41.6982 318.125 28.5852 21.0397 725.167 385.716 151.466 119.757 31.7082 24.7798 305.091 235.763 139.227 13.0343 69.3277 44.1022 339.451 96.5357
internal_count=154169 148502 5667 5256 2834 2357 2146 2422 133450 211 131526 689 411 15052 1924 1533 130837 69950 2077 1636 441 345 14739 10891 5627 313 3848 1945 60887 5264
is_linear=0
shrinkage=0.025


Tree=19
num_leaves=31
num_cat=0
split_feature=32 31 4 33 27 36 27 12 20 11 14 38 36 15 39 25 23 13 38 4 7 32 36 14 27 13 38 37 37 31
split_gain=24.5507 7.84222 4.29294 4.53524 3.94549 4.55429 4.28695 4.54806 3.79397 3.06733 2.75575 2.5246 2.39708 2.35273 2.23953 2.07353 1.85957 2.24652 1.857 1.95136 1.53616 1.51279 2.19023 1.4873 1.47271 1.4534 1.12138 1.08273 1.08217 1.07954
threshold=0.97870072131742514 0.95751834099956756 0.31403952571346222 0.54565501941146299 108.57690000000001 0.045027076366764097 110.14425000000001 0.23032075072945971 0.021747543606332301 0.090500386901118959 32.917342080650904 0.64400647249190957 0.86673713883016223 2.1804312097327583 0.92170101832534435 -0.012803065473125349 -0.046719884642310854 -0.94927886408308815 0.6320285519723724 0.32850349713364285 0.11853368729685489 0.96319682362627157 0.11295352813313517 84.899722743708111 118.87420000000002 -0.11704119837573267 0.40613680645456568 0.16803660685409552 1.3352151071950422 2.4146214857526256
decision_type=10 10 10 10 2 10 2 8 10 10 8 8 8 8 8 10 10 2 10 10 10 10 10 10 2 2 8 10 10 10
left_child=1 2 12 -4 9 15 -7 11 16 27 -9 -8 21 26 -11 -6 17 -3 23 -20 -15 24 -23 -18 -1 -19 -14 -2 -10 -30
right_child=4 8 3 -5 5 6 7 10 28 14 -12 -13 13 20 -16 -17 18 25 19 -21 -22 22 -24 -25 -26 -27 -28 -29 29 -31
leaf_value=-0.0038782985393980042 0.010203272379212758 -0.0055360467948227868 -0.012236914771236096 0.021070399626347429 0.0059224063244104402 -0.0094147511529490864 -0.014060317691010453 -0.0077166921773240736 -0.0043578594327874183 -0.0010055073996181481 0.0065713536616381647 0.00092441882379362065 -0.0082551384854410974 0.0017990515854619299 0.011626476999313618 0.02181039424803323 -8.1985849340563357e-05 0.015351644383539156 0.0024638346660742134 0.010638293820851878 0.014224400309473688 -0.010298606997716984 0.0037179979172315275 0.010544248158005686 -0.010187992128463455 0 -0.00089923006809973006 0.021906578352408102 0.0034450043468063976 -0.0090740052833006499
leaf_weight=589.27650494955014 16.61278045643121 4.3526710262522128 2.3580017621861753 7.7653767735464498 12.889881940791385 13.557273752521722 10.140864039072772 7.4201160343363872 78.300235775765032 15.220441446872426 170.4397575634066 15.949165217345579 14.811049610725602 25.88312451983802 16.346014695707712 12.453224377706645 177.56221039453521 17.168959123780958 79.273294466314837 24.767980927368626 8.1099621559260395 7.5023840973153701 32.42608414683491 7.3751649847254148 25.131342506967485 6.0877572267781899 89.703371307463385 17.726165656000376 23.897874466376383 3.8402149702887973
leaf_count=111676 147 91 426 229 109 145 144 55 4566 153 1907 179 1861 1826 147 103 7434 363 2677 523 215 106 522 343 5319 142 11576 133 1125 185
internal_value=2.87702e-05 -0.00155466 -0.0030066 0.0121753 0.00632 0.00475343 0.00349256 0.00443716 0.00118696 0.0117925 0.00588567 -0.00498728 -0.003228 -0.000180834 0.00549304 0.0146452 0.00256866 0.00871239 0.00192223 0.00458022 0.0053605 -0.00386006 0.000678345 0.000366733 -0.00416793 0.0118265 -0.00209448 0.0169914 -0.00285088 0.00114822
internal_weight=1534.35 1225.59 802.967 10.1234 308.756 242.85 217.507 203.95 422.626 65.9054 177.86 26.09 792.844 138.508 31.5665 25.3431 316.588 27.6094 288.979 104.041 33.9931 654.336 39.9285 184.937 614.408 23.2567 104.514 34.3389 106.038 27.7381
internal_count=154427 151205 133756 655 3222 2642 2430 2285 17449 580 1962 323 133101 15478 300 212 11573 596 10977 3200 2041 117623 628 7777 116995 505 13437 280 5876 1310
is_linear=0
shrinkage=0.025


Tree=20
num_leaves=31
num_cat=0
split_feature=33 31 29 38 38 28 26 38 1 33 10 38 18 18 11 25 18 39 1 0 12 25 32 26 18 16 24 25 9 24
split_gain=20.1351 6.01243 5.76284 3.11323 3.0292 2.61145 2.55212 3.6551 3.09906 2.29352 2.92013 3.17086 2.30219 2.17568 2.08776 3.24301 2.05331 2.00843 1.91159 1.75263 2.30578 1.57987 1.56517 1.439 1.49338 1.26326 2.32207 1.2043 1.18894 0.966257
threshold=1.6493751581776175 1.4814812745115666 0.51283006527000852 0.049255809537874083 0.19610216968143193 0.9896587273069487 0.83635195825302822 0.82131958762886603 0.014427734671931482 0.13275554674111575 -0.020332927850120471 0.75051335568064437 0.0018755675741156206 0.032566968358882627 0.10567682416779102 0.014799327911685195 -0.0041058132546725797 1.1607226119465015 0.018181710200769755 -0.013349284049771313 0.0057228239946118817 0.0078806224147347417 0.67087280736671728 0.86222394077929698 -0.00053967303805506253 -0.75583729943520206 0.032512568927066117 0.0082679718204118641 0.084958724241430375 -0.094165030053838181
decision_type=10 10 10 8 8 10 10 10 10 8 10 10 10 8 10 10 10 8 8 10 10 10 8 8 8 10 10 10 10 10
left_child=1 5 3 -2 21 23 7 8 -5 10 -3 16 19 14 17 -16 -12 -6 -13 -11 -21 -4 -7 29 -25 -8 -27 -26 -14 -1
right_child=2 9 4 6 13 22 25 -9 -10 12 11 18 28 -15 15 -17 -18 -19 -20 20 -22 -23 -24 24 27 26 -28 -29 -30 -31
leaf_value=-0.01142780094100905 -0.007213839264032797 0.017364104024634501 -0.01463580815849869 0.0086944902873707253 0.0076883866523109719 0.011998547986988907 0.019585062369149992 -0.0080910451265343263 0.0019844946427461357 -0.0049071951871985315 -0.014759227206327538 0.017587398901923595 -0.014531161310090274 0.01632668009608202 -0.0029128018507591658 0.0066141729881459086 0.001296570899570105 0.00028090591529009081 -0.0013573966688070801 -0.011361249051852932 0.0060087048608166984 0.00081006011949853729 -0.0015178178581234372 -0.00021534108669970769 -0.0040012141379377536 0.0023697633630941788 0.017808779372740859 0.00093907158123637347 -0.0023692802582855037 -0.0041343384772084589
leaf_weight=12.284209379693491 8.5946032879874092 10.59309119149111 9.9623845354653877 136.03955815313384 47.918107024626806 10.087714248802515 13.35704143065959 9.86858416139148 68.648908510571346 13.205052565317599 4.8089293518569312 10.015078214695675 5.1334995247889301 5.191556583158671 97.328910879790783 27.484521141042933 25.28107197757345 47.11199529399164 3.5103412149474016 3.8257587871048591 57.833094313275069 5.0019334130920461 8.0996695446083304 152.64176503801718 233.76421105873305 17.854438991285864 9.7600322999060136 32.306333652697504 44.075445917784236 384.5144425422186
leaf_count=2262 115 147 269 1419 798 320 111 98 772 422 154 137 149 105 1648 304 635 812 162 112 1764 74 308 25072 41207 163 84 2968 1616 69779
internal_value=-0.000163674 -0.00220134 0.00390744 0.00645277 0.00105699 -0.00309529 0.00697323 0.0057578 0.00650519 0.00192998 0.00615924 0.00287842 0 0.00182683 0.00136371 -0.000712391 -0.00149737 0.0041433 0.0124513 0.00278615 0.00461532 -0.00933207 0.00587088 -0.00331277 -0.00224286 0.0128153 0.00860121 -0.00337178 -0.00410251 -0.00441275
internal_weight=1516.1 1011.98 504.123 264.123 239.999 833.698 255.529 214.557 204.688 178.281 54.2085 43.6154 124.073 225.035 219.844 124.813 30.09 95.0301 13.5254 74.8639 61.6589 14.9643 18.1874 815.511 418.712 40.9715 27.6145 266.071 49.2089 396.799
internal_count=153986 147214 6772 2762 4010 141916 2647 2289 2191 5298 1235 1088 4063 3667 3562 1952 789 1610 299 2298 1876 343 628 141288 69247 358 247 44175 1765 72041
is_linear=0
shrinkage=0.025


Tree=21
num_leaves=31
num_cat=0
split_feature=32 21 30 18 11 22 30 11 14 27 38 12 39 34 3 37 37 4 33 20 30 26 27 27 9 22 27 12 20 3
split_gain=21.7262 8.47575 7.0027 4.07075 3.27438 2.65696 3.19354 3.2095 2.86373 2.53392 2.98466 2.86415 2.47537 2.45934 2.25152 1.84723 1.81159 1.78316 2.94399 1.66891 1.65682 1.53619 1.44025 1.69057 1.91776 1.62672 1.51438 1.38488 1.34055 1.28445
threshold=0.94031386278484141 -0.050139172042420459 0.94031386278484141 0.011381787872606046 0.1081495850056733 -0.041882737355252934 0.94781701007533814 0.06695056629128894 50.757610640125435 112.23140000000001 0.90010395010395017 0.49957041424118981 -1.0094911716556771 0.99371727059814219 0.12463595860109546 2.2766832401033046 -1.1104437614401814 0.15664068333968131 0.35558326579305177 -0.018516126517602923 0.96719734942567903 -0.4067547182724725 112.11640000000001 118.87420000000002 0.10534203133646482 0.1431500802560878 93.67110000000001 -0.089163998369211558 0.063020634503260356 0.060156186629353632
decision_type=10 10 8 10 10 10 10 10 8 2 10 8 10 10 10 10 10 10 8 8 8 8 2 2 8 10 2 10 10 10
left_child=2 3 13 12 14 -3 9 8 -8 11 -11 -7 21 22 17 -9 -14 28 -19 -18 -6 -2 25 -24 -25 26 -1 -22 -4 -27
right_child=1 5 4 -5 20 6 7 15 -10 10 -12 -13 16 -15 -16 -17 19 18 -20 -21 27 -23 23 24 -26 29 -28 -29 -30 -31
leaf_value=0.0034359995754088112 -0.0025971667486161774 0.015487699494979287 -0.0022561813261468603 -0.0016311450067609317 0.00022059827193952465 0.0050797429084692902 0.0029187695506869738 0.0014679903442292638 0.013395525902820614 -0.0042052966574421058 0.0070738780483940141 -0.0063764534942156578 0.023322536595215194 0.0077809643708441059 0.012531792271171599 0.0078534964631810367 0.01707376324566778 0.0077986842969055524 0 0.0010440885494844036 -0.022435438964392887 0.012043602856627618 -0.0020268835292841588 -0.010535697131072943 0.0039659267080691596 0.0057961124606487804 -0.0057779094234283266 -0.0048493996305774157 0.0092990474846694239 -0.0056155257624129649
leaf_weight=9.842664879979564 6.9373874007724226 9.3545191681478155 64.109049610793591 9.6656411758158338 12.278998279827649 80.41279647545889 32.237073383992538 164.56842237466481 39.482519574463367 91.215130398632027 15.903757581487296 14.786796232685445 22.895627330057319 10.738465146860106 12.923207178711889 34.665268980897963 9.4674431518651527 58.537603982724249 60.58622569590807 8.5533473857212865 4.167507272446529 7.7786890673451108 389.73417059006169 28.238717873697169 5.5506507197860619 14.531148712383585 267.36253711848985 11.362232605344612 5.6015702902805051 8.5781390933552739
leaf_count=1964 94 141 5072 94 840 1553 361 2437 430 2282 286 294 169 325 334 391 83 920 1569 85 217 79 71010 5970 575 1023 53618 891 140 968
internal_value=0.000112824 0.00408759 -0.00214055 0.0124976 0.00164247 0.00290606 0.00260303 0.0043728 0.00891474 0.000184208 -0.00240164 0.00316529 0.0150669 -0.00333374 0.00278331 0.00265681 0.0182657 0.00200177 0.00386047 0.0103959 -0.00614878 0.00499505 -0.00352158 -0.00253285 -0.00788482 -0.00487544 -0.00541041 -0.0112878 -0.00108025 0.0011835
internal_weight=1512.07 547.924 964.143 65.2981 229.566 482.626 473.272 270.953 71.7196 202.318 107.119 95.1996 55.6325 734.576 201.758 199.234 40.9164 188.834 119.124 18.0208 27.8087 14.7161 723.838 423.524 33.7894 300.314 277.205 15.5297 69.7106 23.1093
internal_count=154215 8779 145436 604 9983 8175 8034 3619 791 4415 2568 1847 510 135453 8035 2828 337 7701 2489 168 1948 173 135128 77555 6545 57573 55582 1108 5212 1991
is_linear=0
shrinkage=0.025


Tree=22
num_leaves=31
num_cat=0
split_feature=9 30 13 11 27 26 38 13 22 6 13 37 27 27 27 0 38 37 0 21 27 8 26 25 20 26 3 27 27 27
split_gain=17.0304 6.08514 3.55121 4.03657 3.78515 4.50489 3.19285 3.13498 3.01035 2.88979 2.77327 2.73282 2.59061 2.58978 2.23149 1.99508 1.7788 2.52583 2.28457 3.20115 1.67273 1.83838 2.29623 1.54424 1.99915 1.51559 1.45284 1.44574 2.02536 1.43942
threshold=0.33660500814243272 0.94031386278484141 0.40636543311932011 -0.061218518574546237 114.64975000000003 1.0608360456064923 0.049255809537874083 -0.058674405382324296 0.065400263710270704 -0.08372891747982357 -1.3353329844651514 1.1754997473307867 114.80905000000001 118.73545000000001 114.20255000000002 -1.0000000180025095e-35 0.48151942926533092 1.5728404711842343 -0.0041713253925553242 0.16448774405984959 115.98020000000001 0.34593927739007441 1.0028357215697603 0.00053866636275638074 0.044750732879371986 0.38251655949100755 0.084087840742511757 118.87420000000002 112.57735000000001 111.55500000000002
decision_type=10 10 2 10 2 10 8 2 10 10 2 10 2 2 2 10 8 10 10 10 2 10 8 10 10 10 8 2 2 2
left_child=1 11 3 9 6 8 -5 20 -6 -2 -8 27 -13 -7 15 -9 17 29 19 -18 21 -3 -23 -16 -25 -20 -14 28 -1 -4
right_child=2 7 16 4 5 13 10 14 -10 -11 -12 12 26 -15 23 -17 18 -19 25 -21 -22 22 -24 24 -26 -27 -28 -29 -30 -31
leaf_value=-0.0047018745917122217 0.0029954737292265245 0.0086617842516002203 0.000207038313360461 -0.010381596843021864 -0.010408980185325043 0.0037311055862864965 -0.0053835326458163309 -0.0092569850763769331 9.622392651703626e-05 0.026156522576461436 0.0062377967470369031 -0.0018983860745434879 0.00026568730106322553 0.022130629819837648 -0.005884306936260574 -0.00021101430112835504 0.017658611094314842 0.0076455161913513165 0.0019307811400779036 -0.0072717454954056102 -0.00059169986937965822 0.0069085971565819972 -0.012657833896838503 0.009971487283158352 -0.0048315138760200646 -0.0082263316920456568 0.011029423091012387 -0.0088908154629582133 -0.0018381276463911576 -0.020699132734965486
leaf_weight=329.51503093086649 7.1733166022459045 61.298249680316076 1.765870583942158 6.4903236227110019 19.069450405309908 17.193008504109461 11.845358229475094 25.141074175247923 98.816405448596925 7.9548926807474327 291.73718767892569 76.218011720106006 16.103539315983653 6.7223190916702142 6.4609353336272752 40.520820054458454 7.7959433360956591 2.4330740841105571 15.702664768439716 3.6675985190086067 22.302901944611222 7.3068627342581731 5.3473892931360751 21.921286190976392 5.9965525746811172 17.274891879525967 17.581169091281481 31.709745771251619 316.36482058756519 7.3716779145179316
leaf_count=61481 126 1179 86 202 896 327 249 749 1988 103 6521 6860 2156 62 301 1234 244 58 676 87 498 132 90 575 275 519 1118 6205 58629 391
internal_value=-8.3357e-05 -0.00202554 0.00355185 0.00427027 0.00379586 0.00035029 0.00534006 0.00188052 -0.0016279 0.0166609 0.00574033 -0.00301008 0.000583006 0.0100119 -0.00115506 -0.00389075 -0.00227088 -0.0104956 0 0.00915699 0.00508781 0.00688255 -0.00119857 0.00381419 0.00646625 -0.00327248 0.00628478 -0.00360391 -0.00331675 -0.0163784
internal_weight=1506.8 983.788 523.014 467.002 451.874 141.801 310.073 196.296 117.886 15.1282 303.583 787.492 109.903 23.9153 100.041 65.6619 56.0117 11.5706 44.4411 11.4635 96.2554 73.9525 12.6543 34.3788 27.9178 32.9776 33.6847 677.59 645.88 9.13755
internal_count=154017 141482 12535 10474 10245 3273 6972 5033 2884 229 6770 136449 10134 389 3134 1983 2061 535 1526 331 1899 1401 222 1151 850 1195 3274 126315 120110 477
is_linear=0
shrinkage=0.025


Tree=23
num_leaves=31
num_cat=0
split_feature=33 30 25 3 12 18 21 18 24 26 15 28 17 8 32 24 39 26 26 35 19 26 24 32 24 37 8 32 35 27
split_gain=21.0422 7.11896 5.29061 4.58871 3.06891 3.24461 3.43675 3.17909 3.11419 3.03987 3.04775 2.84607 2.82982 2.56102 2.17202 2.51727 2.13909 2.81692 1.93005 1.90265 1.86677 2.25407 2.20785 1.61423 1.89291 1.55187 1.47008 2.52039 1.623 1.52901
threshold=1.6493751581776175 0.94397445986550299 -0.0073641257586687303 -0.021237506795278079 0.22598151166235528 -0.0020270083864326357 0.19782490688494239 0.00031346544443144588 0.0093529945004973154 0.97146938912876479 0.95641509799344304 0.98575786928948728 -0.28591261541623031 0.06778003628827102 0.98274000148953611 0.025671352325025935 0.75848045959725929 1.0028357215697603 0.53532081445614288 -2.166522553381419 0.5743520154628915 -0.94647114090788842 0.0218066956257893 0.23208581601178876 0.0083654858716447639 -0.22443094121873527 0.31403952571346222 0.78504812049544703 0.023628856656282626 112.24695000000001
decision_type=8 8 8 8 8 8 10 10 10 10 10 10 8 8 10 8 10 10 8 8 10 10 8 8 8 10 8 10 10 2
left_child=1 11 3 12 7 6 8 18 -6 13 -11 26 -2 -7 -5 -16 19 -18 25 -3 22 -22 -21 -19 -25 -4 29 -28 -29 -1
right_child=2 16 4 14 5 9 -8 -9 -10 10 -12 -13 -14 -15 15 -17 17 23 -20 20 21 -23 -24 24 -26 -27 27 28 -30 -31
leaf_value=-0.0052634005051060868 0.02291466607864839 0.018380760815034362 -8.8880102999863659e-05 -0.0044903469254011534 -0.0026717169211585251 0.013686469703994559 -0.011634039606692834 -0.0071709357732507271 0.0062919353618746017 0.016936741415582972 0.0048690232360347847 0.0050346021753965887 0.0055944349777009988 0.0030629075468716366 0.018585250829669685 -1.4939562591974264e-05 0.012422749648057188 -0.014324742768347507 -0.0020010336816568873 0 0.0054910758770623843 -0.0019122818574881979 -0.0087640135734945619 -0.0038702116505130893 0.0085610227733303231 0.014487285101203824 -0.010122499565424846 0.015971804669810987 0 -0.0028321551814044117
leaf_weight=303.99922562402207 20.385015294188634 2.3350359769538045 5.7383063586894449 11.722028306918221 45.346878584707156 14.83180311322212 12.213324114913119 33.476578704081476 48.018385444302112 25.373120750766248 33.297331563429907 22.38358686491847 11.259634822374212 201.36660250579007 7.2501815317664278 8.1408046938013268 22.401001251768321 2.6516387383453575 17.437286298489198 53.188229436986148 54.869016711600125 44.63332830928266 26.135349445627071 12.344195577315981 15.307903359876951 10.789643465541301 5.3367619981290799 6.9036175372311828 7.8806690411875024 406.70598295074888
leaf_count=59420 153 62 96 272 639 231 183 586 712 247 426 858 154 3129 78 96 457 68 313 2535 1814 1851 1980 378 541 206 746 154 392 75663
internal_value=-0.000103991 -0.00223414 0.00402678 0.0110612 0.00306016 0.00393599 0.000133619 -0.00175369 0.00188038 0.0053624 0.0104481 -0.00341903 0.0174098 0.00389774 0.00296276 0.00900544 0.00154809 0.00592566 0.00343484 0.000202791 -0.000113848 0.00211249 -0.00298954 0.000594593 0.00282148 0.00934009 -0.00369602 0.00262924 0.00811588 -0.00388976
internal_weight=1493.72 987.076 506.647 58.7577 447.889 380.447 105.579 67.4418 93.3653 274.869 58.6705 753.21 31.6447 216.198 27.113 15.391 233.866 52.7047 33.9652 181.161 178.826 99.5023 79.3236 30.3037 27.6521 16.5279 730.826 20.121 14.7843 710.705
internal_count=154440 146919 7521 753 6768 5567 1534 1201 1351 4033 673 137233 307 3360 446 174 9686 1444 615 8242 8180 3665 4515 987 919 302 136375 1292 546 135083
is_linear=0
shrinkage=0.025


Tree=24
num_leaves=31
num_cat=0
split_feature=32 22 36 21 31 36 12 24 29 17 0 25 29 25 29 25 24 13 13 27 27 27 9 15 22 38 9 9 17 24
split_gain=19.7328 6.54122 4.98062 3.3879 2.92535 2.88466 3.63644 4.33782 2.6866 2.38217 3.22396 2.28565 2.21002 3.13022 2.10829 2.05317 2.05077 1.87546 1.42446 1.14547 1.45036 1.62215 1.15696 1.08291 0.935777 0.916801 0.80426 0.758436 0.691068 0.665804
threshold=0.96719734942567903 0.13167971721859981 0.056876337184424482 -0.043801164297514288 0.10911636807285735 0.99371727059814219 0.44826994379906976 0.0093529945004973154 2.6610984761961878 0.37978506230258585 -0.00087900546198310659 -0.00088149526929226702 2.413525381405552 0.014799327911685195 -2.166522553381419 0.009491389855147617 0.018651011508638463 0.33118837619010344 0.16426768556009955 93.67110000000001 112.24695000000001 118.87420000000002 0.32356681695024875 1.3975496898380868 0.22372948357651948 0.60020491803278697 0.64989714664792686 0.46554097164725722 -0.028906327251439001 0.024022291294152013
decision_type=10 8 10 10 10 10 10 10 10 10 8 10 8 10 10 8 8 2 2 2 2 2 10 10 8 10 10 10 10 10
left_child=1 8 3 -2 26 6 11 -8 19 10 -7 -6 13 14 -3 28 -5 25 -16 29 22 -22 -21 24 -17 -10 27 -4 -14 -1
right_child=2 12 4 16 5 9 7 -9 17 -11 -12 -13 15 -15 18 23 -18 -19 -20 20 21 -23 -24 -25 -26 -27 -28 -29 -30 -31
leaf_value=0.0085152878303580998 0.019094752829632727 0.015513668330291587 0.01140562962003314 0.01133205227721313 0 0.025231595547861092 -0.012159394772619075 0.0015603124487673073 -0.011468522847531734 0 0.0037519678912809316 0.0051777049011941349 0.0079848014874380323 0.01244836944824841 0.0012290995562963675 -0.00054664164440880621 -0.0049482981715186182 0.013375319232041154 -0.0031989102042515685 -0.0053794556510261176 -0.0020042332397250239 -0.0083667731446417943 0.00013724191303530854 -0.00025564114620446843 -0.024779200942277865 0.004136620845564749 0.018034760877640714 0 -0.0055359435342408224 -0.0025186620689260889
leaf_weight=6.8485220849979651 23.263518445659429 4.8342653906438491 7.9552611820399779 8.7175941993482393 71.269690964603797 9.316201464738695 20.220368296140805 41.109858764335513 2.9202323742210856 8.7667280926834774 9.9595402320846969 181.6837168096099 4.3291362500749546 14.049859833437948 294.91994865972083 2.063866368262099 7.7055028500035432 9.1565443477593345 51.872620940906927 265.13260371657088 361.35447381273843 26.975548938382417 23.125538802007213 3.5099188233725727 4.5841976255178452 3.6049652905203402 9.5648246803320927 7.0478192460723221 2.4746815694961679 3.774020476732403
leaf_count=1336 153 98 101 98 876 68 290 616 122 106 93 2277 320 411 13347 91 105 224 4108 53686 66673 5849 1859 227 174 117 74 76 245 673
internal_value=2.74767e-05 -0.00172719 0.00472195 0.0130958 0.00375604 0.0031021 0.00236223 -0.00298963 -0.00315955 0.0107004 0.0153699 0.00369732 0.000886118 0.00132234 0.000815697 -0.00757137 0.00345113 0.00658377 0.000536466 -0.00340387 -0.00353985 -0.00248988 -0.00491223 -0.0142029 -0.0194458 -0.00257296 0.0120081 0.00665199 0.00203731 0.00410298
internal_weight=1492.11 1085.53 406.581 39.6866 366.894 342.326 314.284 61.3302 702.892 28.0425 19.2757 252.953 382.638 365.677 351.627 16.9618 16.4231 15.6817 346.793 687.211 676.588 388.33 288.258 10.158 6.64806 6.5252 24.5679 15.0031 6.80382 10.6225
internal_count=154493 149560 4933 356 4577 4326 4059 906 130539 267 161 3153 19021 17964 17553 1057 203 463 17455 130076 128067 72522 55545 492 265 239 251 177 565 2009
is_linear=0
shrinkage=0.025


end of trees

feature_importances:
usd_index_pit=74
cs_rank_momentum_120d=43
spy_return_20d=30
gap_down_absorption_20d=28
cs_rank_momentum_60d=27
cs_z_gap_down_absorption_20d=27
excess_return_60d_vs_spy=26
cs_z_momentum_120d=26
cs_rank_relative_strength_down_days_20d=23
cs_z_relative_strength_down_days_20d=23
cs_rank_gap_down_absorption_20d=23
return_60d=21
price_to_sma_50d=21
price_to_sma_200d=21
momentum_120d=20
close_open_gap=20
relative_strength_down_days_20d=20
cs_rank_momentum_20d=20
cs_z_momentum_20d=20
macd_hist=18
cs_z_momentum_60d=18
close_location_in_range=17
bollinger_z_20d=16
return_10d=15
excess_return_20d_vs_spy=15
excess_return_5d_vs_spy=14
volume_zscore_60d=13
relative_momentum_20d_vs_spy=13
return_5d=12
return_20d=12
momentum_60d=12
price_to_sma_20d=12
return_1d=11
rsi_14=9
volume_zscore_20d=9
momentum_5d=5
momentum_10d=5
momentum_20d=5
cs_z_excess_return_20d_vs_spy=4
cs_rank_excess_return_20d_vs_spy=2

parameters:
[boosting: gbdt]
[objective: lambdarank]
[metric: ndcg]
[tree_learner: serial]
[device_type: cpu]
[data_sample_strategy: bagging]
[data: ]
[valid: ]
[num_iterations: 25]
[learning_rate: 0.025]
[num_leaves: 31]
[num_threads: 0]
[seed: 42]
[deterministic: 0]
[force_col_wise: 0]
[force_row_wise: 0]
[histogram_pool_size: -1]
[max_depth: 6]
[min_data_in_leaf: 80]
[min_sum_hessian_in_leaf: 0.001]
[bagging_fraction: 0.78]
[pos_bagging_fraction: 1]
[neg_bagging_fraction: 1]
[bagging_freq: 1]
[bagging_seed: 42]
[bagging_by_query: 0]
[feature_fraction: 0.72]
[feature_fraction_bynode: 1]
[feature_fraction_seed: 42]
[extra_trees: 0]
[extra_seed: 12879]
[early_stopping_round: 0]
[early_stopping_min_delta: 0]
[first_metric_only: 0]
[max_delta_step: 0]
[lambda_l1: 0.3]
[lambda_l2: 1.2]
[linear_lambda: 0]
[min_gain_to_split: 0]
[drop_rate: 0.1]
[max_drop: 50]
[skip_drop: 0.5]
[xgboost_dart_mode: 0]
[uniform_drop: 0]
[drop_seed: 17869]
[top_rate: 0.2]
[other_rate: 0.1]
[min_data_per_group: 100]
[max_cat_threshold: 32]
[cat_l2: 10]
[cat_smooth: 10]
[max_cat_to_onehot: 4]
[top_k: 20]
[monotone_constraints: ]
[monotone_constraints_method: basic]
[monotone_penalty: 0]
[feature_contri: ]
[forcedsplits_filename: ]
[refit_decay_rate: 0.9]
[cegb_tradeoff: 1]
[cegb_penalty_split: 0]
[cegb_penalty_feature_lazy: ]
[cegb_penalty_feature_coupled: ]
[path_smooth: 0]
[interaction_constraints: ]
[verbosity: -1]
[saved_feature_importance_type: 0]
[use_quantized_grad: 0]
[num_grad_quant_bins: 4]
[quant_train_renew_leaf: 0]
[stochastic_rounding: 1]
[linear_tree: 0]
[max_bin: 255]
[max_bin_by_feature: ]
[min_data_in_bin: 3]
[bin_construct_sample_cnt: 200000]
[data_random_seed: 175]
[is_enable_sparse: 1]
[enable_bundle: 1]
[use_missing: 1]
[zero_as_missing: 0]
[feature_pre_filter: 1]
[pre_partition: 0]
[two_round: 0]
[header: 0]
[label_column: ]
[weight_column: ]
[group_column: ]
[ignore_column: ]
[categorical_feature: ]
[forcedbins_filename: ]
[precise_float_parser: 0]
[parser_config_file: ]
[objective_seed: 16083]
[num_class: 1]
[is_unbalance: 0]
[scale_pos_weight: 1]
[sigmoid: 1]
[boost_from_average: 1]
[reg_sqrt: 0]
[alpha: 0.9]
[fair_c: 1]
[poisson_max_delta_step: 0.7]
[tweedie_variance_power: 1.5]
[lambdarank_truncation_level: 30]
[lambdarank_norm: 1]
[label_gain: 0,1,2,3,4,5,6,7,8,9,10,11,12,13,14,15,16,17,18,19]
[lambdarank_position_bias_regularization: 0]
[eval_at: 5,10,25]
[multi_error_top_k: 1]
[auc_mu_weights: ]
[num_machines: 1]
[local_listen_port: 12400]
[time_out: 120]
[machine_list_filename: ]
[machines: ]
[gpu_platform_id: -1]
[gpu_device_id: -1]
[gpu_use_dp: 0]
[num_gpu: 1]

end of parameters

pandas_categorical:[]
