tree
version=v4
num_class=1
num_tree_per_iteration=1
label_index=0
max_feature_idx=84
objective=huber
feature_names=return_1d return_5d return_10d return_20d return_60d momentum_5d momentum_10d momentum_20d momentum_60d momentum_120d vol_5d vol_20d vol_60d downside_vol_20d upside_vol_20d beta_20d_spy beta_60d_spy price_to_sma_20d price_to_sma_50d price_to_sma_200d macd_hist rsi_14 bollinger_z_20d volume_zscore_20d volume_zscore_60d dollar_volume_ratio_20d intraday_range close_open_gap close_location_in_range distance_to_20d_high distance_to_20d_low distance_to_60d_high distance_to_60d_low excess_return_5d_vs_spy excess_return_20d_vs_spy excess_return_60d_vs_spy relative_momentum_20d_vs_spy skew_20d kurtosis_20d spy_return_20d spy_vol_20d spy_drawdown_60d relative_strength_down_days_20d gap_down_absorption_20d downside_vol_decay_60d beta_stability_price_floor beta_60d_ff_mktrf beta_60d_ff_smb beta_60d_ff_hml beta_60d_ff_rmw beta_60d_ff_cma dgs10_pit dgs2_pit vixcls_pit usd_index_pit yield_10y_2y_spread_pit cs_rank_momentum_20d cs_z_momentum_20d cs_rank_momentum_60d cs_z_momentum_60d cs_rank_momentum_120d cs_z_momentum_120d cs_rank_vol_20d cs_z_vol_20d cs_rank_vol_60d cs_z_vol_60d cs_rank_downside_vol_20d cs_z_downside_vol_20d cs_rank_beta_60d_spy cs_z_beta_60d_spy cs_rank_excess_return_20d_vs_spy cs_z_excess_return_20d_vs_spy cs_rank_relative_strength_down_days_20d cs_z_relative_strength_down_days_20d cs_rank_gap_down_absorption_20d cs_z_gap_down_absorption_20d cs_rank_downside_vol_decay_60d cs_z_downside_vol_decay_60d cs_rank_beta_stability_price_floor cs_z_beta_stability_price_floor regime_calm regime_drawdown regime_high_vol regime_rebound stress_flag
feature_infos=[-0.43452090331350879:0.52290083351866889] [-0.61014499786032883:0.88260863646066867] [-0.76666670795573144:1.0566034133703051] [-0.82992956002177165:1.6011328544898928] [-0.85304846129940903:3.1843478105994496] [-0.61014499786032883:0.88260863646066867] [-0.76666670795573144:1.0566034133703051] [-0.82992956002177165:1.6011328544898928] [-0.85304846129940903:3.1843478105994496] [-0.83371665409748386:3.8670393633078328] [0:0.30584445364328161] [0:0.22421856781514868] [0:0.15098312624435092] [0:0.14329584310333965] [0:0.16337929811143656] [-13.695037798663515:20.575205365344527] [-4.0149274431247379:4.8863263853067735] [-0.69421673038056464:0.66131114246219425] [-0.79930206832555228:0.90110352904013702] [-0.82425537243447611:1.8446390551514207] [-132.53715276993563:80.364006761273146] [0:99.861064002984776] [-4.3588989435444114:4.3588989435883247] [-3.1806480089076707:4.3588989435433447] [-3.1101259120259019:7.6809377036926092] [0:20] [0:0.56348448091986825] [-0.47064726396441403:0.4210822666140121] [0:1] [-0.81943928948557032:0] [0:1.7305034091738194] [-0.85817267691977117:0] [0:3.9900962607604482] [-0.61785372931017601:0.89255912114692015] [-0.76226676485515399:1.4709261398977567] [-0.82324954741436951:2.9093527779374631] [-0.77334040331749898:1.3346611088982128] [-4.4721359549995769:4.4721359549995841] [-1.8537485942068546:20.000000000000025] [-0.3098674839759894:0.19880920041384464] [0.0021730140768461124:0.057214790451066776] [-0.31978067271172672:0] [-0.099256665172816158:0.19912924481561101] [-9.4243009236246778:13.933826240627525] [-1:87.127119856643347] [-1.0247428570212176:1.0007807340328658] [-4.1112792539993421:4.848421174419931] [-5.4434395281946788:7.7689924118407419] [-6.7072038827376153:7.6752434274945651] [-13.325735436189344:9.7109719643899926] [-11.504606375379524:8.6540722051089762] [0.55000000000000004:3.2400000000000002] [0.11:2.98] [9.1899999999999995:75.469999999999999] [93.247799999999998:125.0587] [-0.030000000000000027:2.6099999999999999] [0.0020161290322580645:1] [-10.036419127683077:15.738424952473304] [0.0020161290322580645:1] [-8.1746382519581609:16.457532645463687] [0.0020202020202020202:1] [-5.9157233637200122:14.200215155348952] [0.0020161290322580645:1] [-2.7783658620320608:17.573692755422847] [0.0020161290322580645:1] [-2.9782850486284773:14.693670814366223] [0.0020161290322580645:1] [-3.0058206930267617:18.050318432270245] [0.0020161290322580645:1] [-6.3974491418552946:8.9620500168724586] [0.0020161290322580645:1] [-10.036419127683077:15.738424952473304] [0.0020161290322580645:1] [-11.668006201344122:17.853621002907023] [0.0020449897750511249:1] [-9.434540891693187:11.345435387552476] [0.0020161290322580645:1] [-2.3143884498676961:20.623654562246884] [0.0020161290322580645:1] [-16.633473857690657:14.830513071902569] [0:1] [0:1] [0:1] [0:1] [0:1]
tree_sizes=3058 3105 3067 3098 3103 3104 3073 3109 3098 3111 3107 3087 3074 3103 3077 3085 3125 3117 3100 3106 3065 3094 3126 3077 3108 3071 3105 3109 3101

Tree=0
num_leaves=31
num_cat=0
split_feature=46 52 46 52 52 54 53 51 59 50 73 31 50 48 48 3 20 4 51 61 51 53 30 53 58 2 54 58 25 48
split_gain=91.0978 22.0387 20.9264 30.2607 30.7776 20.7488 19.0998 36.314 29.587 17.3982 14.7447 13.1578 12.1837 11.4079 11.3362 10.9799 10.6437 10.2043 9.32286 15.7062 12.6509 11.7812 10.1856 9.48205 9.48006 9.22494 10.382 7.3807 6.94458 7.50738
threshold=0.83409535555438541 0.13500000000000004 1.1928305460714514 2.7200000000000002 0.13500000000000004 116.18090000000002 18.915000000000003 1.7850000000000004 -1.0190389790906049 1.5211814419799792 0.35844845077929405 -0.18927570488030879 -0.72431148261911371 -1.5182787202554897 -1.6756123091662158 0.1699680942580343 0.60163192557256784 0.078891132617636819 1.7850000000000004 -1.0000000180025095e-35 2.9550000000000005 15.435 0.048562016906837265 13.475000000000003 0.1760937927262784 -0.21332969217734823 120.39400000000002 0.41537006976583551 1.8968838932622749 1.7316308484854244
decision_type=8 2 10 2 2 2 2 2 8 10 10 10 10 8 10 10 2 10 2 10 2 2 10 2 10 8 2 10 10 8
left_child=1 9 13 4 10 12 7 -6 -8 -1 16 27 -5 -2 -7 25 -4 -11 21 20 -20 23 -21 -13 -23 -15 -27 -3 29 -17
right_child=2 11 3 5 6 14 8 -9 -10 17 -12 18 -14 15 -16 28 -18 -19 19 22 -22 24 -24 -25 -26 26 -28 -29 -30 -31
leaf_value=-0.0026337383860089067 0.0026518807674118651 0.0021222831912521773 0.0039626474056808376 -0.00064678941005814905 0.0003589241966822472 0.01397450562782579 0.00051147873031611032 -0.0016019892868474504 -0.0032174834097319261 -0.0019253516548302498 -0.0031702475739240482 0.00010379315566637343 0.0062745675999709791 0.0046517170362824064 0.0043385692182619428 -0.0027497434335557306 -0.0026932268787526691 0.0085149007847903722 0.00047451545557525998 0.0018206394117734604 -0.0020171982140170801 0.0020409146390945694 0.00064417970928037883 -0.0025810051424206937 0.00017262993028199634 -0.00030451353696633486 -0.0022179521882512002 0.0069828996488387161 -0.0084970263499093285 0.003179534495058547
leaf_weight=2003 770 1701 1219 765 7990 125 1669 22525 6474 94 275 1641 199 228 206 1140 169 148 16226 10785 1380 1960 8066 1636 12727 49925 1838 222 114 149
leaf_count=2003 770 1701 1219 765 7990 125 1669 22525 6474 94 275 1641 199 228 206 1140 169 148 16226 10785 1380 1960 8066 1636 12727 49925 1838 222 114 149
internal_value=-0.000214849 0.000561576 -0.000689871 -0.00111153 -0.00123249 0.00264668 -0.00137588 -0.00108831 -0.00245231 -0.001866 0.00209483 0.000658473 0.000780251 -0.000365741 0.00803743 -0.000409458 0.00314522 0.00443927 0.000586445 0.000816165 0.000278659 0.0001198 0.00131772 -0.00123472 0.000422612 -0.000350366 -0.000372651 0.00269132 -0.00259172 -0.00205622
internal_weight=154369 58589 95780 41616 40321 1295 38658 30515 8143 2245 1663 56344 964 54164 331 53394 1388 242 54421 36457 17606 17964 18851 3277 14687 51991 51763 1923 1403 1289
internal_count=154369 58589 95780 41616 40321 1295 38658 30515 8143 2245 1663 56344 964 54164 331 53394 1388 242 54421 36457 17606 17964 18851 3277 14687 51991 51763 1923 1403 1289
is_linear=0
shrinkage=1


Tree=1
num_leaves=31
num_cat=0
split_feature=46 52 46 52 52 31 41 39 46 54 2 48 48 51 48 30 51 80 40 39 61 51 12 19 51 40 61 35 2 17
split_gain=84.0886 29.1989 24.2674 33.305 25.7495 16.4177 15.9574 25.2753 21.9402 15.4803 13.6033 13.1908 12.5675 17.8419 11.1488 10.9624 10.6243 17.5368 15.1388 11.7479 11.5056 12.1026 10.5595 10.0892 9.79789 9.28592 8.77117 7.86884 7.70195 7.42543
threshold=0.83409535555438541 0.13500000000000004 1.2086456801132563 2.7200000000000002 0.13500000000000004 -0.18927570488030879 -0.026710989526336878 0.011359555663341682 1.72708324128456 116.18090000000002 -0.21332969217734823 0.025678020163454381 -0.15406221295284772 1.1350000000000002 -1.5182787202554897 0.10545961878069733 1.8050000000000004 1.0000000180025095e-35 0.0118705075089792 0.0011446521945740475 -0.1241247566407805 2.9550000000000005 0.015324295652932489 0.28679485901481899 0.64500000000000013 0.0039147861200079506 -0.34469031774294207 -0.11462352951338788 -0.087364221778011605 0.038830343670194785
decision_type=8 2 10 2 2 10 10 10 10 2 8 10 10 2 8 10 2 2 10 10 8 2 8 10 2 10 8 10 10 10
left_child=1 11 10 4 12 28 8 -8 -6 25 -2 24 29 -14 -12 26 17 18 -7 -19 21 -18 -17 -13 -1 -5 -16 -22 -3 -4
right_child=2 5 3 9 6 16 7 -9 -10 -11 14 23 13 -15 15 22 20 19 -20 -21 27 -23 -24 -25 -26 -27 -28 -29 -30 -31
leaf_value=0.0013235667589326548 0.0054649492492163665 0.005559345739001971 0.00033161252995629218 0.0046260199125554673 -0.0018589904329376378 0.0014709983125431238 -0.00010137502442341789 -0.0016467927671936892 -0.0057197613543243748 0.0076805489949612451 0.0025206832242319209 -0.0013327031604213908 0.0012538950891318396 0.0081216323845727852 -0.00073778575664027487 0.00064343760924208187 0.00051253147200961541 -0.002381922644950225 -0.00045707584966633418 -0.00020377698349360076 0.0048196355761811176 -0.0021404125810027615 -0.0016933013136115928 0.0067186859817006854 -0.0058243953346279456 -0.00064656985604881999 -5.4567081377773738e-06 0.001149012133718991 0.0019672405290087932 -0.0078582643556164549
leaf_weight=141 252 514 176 325 6586 6739 10061 19367 1072 318 836 1263 973 313 15054 1486 13878 2161 4081 5478 372 1163 6365 104 728 574 31904 20412 1408 111
leaf_count=141 252 514 176 325 6586 6739 10061 19367 1072 318 836 1263 973 313 15054 1486 13878 2161 4081 5478 372 1163 6365 104 728 574 31904 20412 1408 111
internal_value=-0.000195173 0.000552067 -0.000651228 -0.00112245 -0.00125081 0.000663643 -0.00138382 -0.00111872 -0.00240123 0.00294593 -0.000314913 -0.00224809 0.001879 0.00293728 -0.00034134 -0.000385185 0.000583033 9.53251e-05 0.00074312 -0.000821213 0.000834106 0.000306748 -0.00125003 -0.000709324 -0.00465575 0.00125483 -0.000240403 0.00121535 0.00293465 -0.00282941
internal_weight=154215 58442 95773 39876 38659 56206 37086 29428 7658 1217 55897 2236 1573 1286 55645 54809 54284 18459 10820 7639 35825 15041 7851 1367 869 899 46958 20784 1922 287
internal_count=154215 58442 95773 39876 38659 56206 37086 29428 7658 1217 55897 2236 1573 1286 55645 54809 54284 18459 10820 7639 35825 15041 7851 1367 869 899 46958 20784 1922 287
is_linear=0
shrinkage=0.025


Tree=2
num_leaves=31
num_cat=0
split_feature=46 68 35 30 19 44 51 54 10 50 55 48 55 48 55 61 51 12 29 55 14 19 84 44 76 4 13 55 54 26
split_gain=82.8822 20.8139 18.8585 16.5927 16.4656 16.3768 14.5881 21.7733 14.3415 13.533 13.021 14.9529 17.52 14.8779 16.0808 15.9741 13.5577 12.2791 12.8771 12.264 11.5901 10.8783 10.4532 16.8127 16.4003 10.0304 9.26828 10.6487 9.12625 8.41217
threshold=0.99579731534586224 0.30394233294159689 -0.26904070523110363 0.10545961878069733 -0.013243753133656775 0.090211739627320334 1.425 117.03745000000002 0.040494040266085794 1.0100667173722047 0.15499999999999994 0.68580543902382141 0.015000000000000015 -0.20020526488364196 0.51500000000000012 0.18398599884355465 2.8650000000000007 0.035539652476200896 -0.099535018905401881 0.505 0.0070307670723831336 0.20234402131308862 1.0000000180025095e-35 -0.58168385514865362 0.27597105126375426 0.044280205134093149 0.015295290684130056 1.3900000000000003 116.38495000000002 0.041906653550394836
decision_type=8 10 8 10 8 10 2 2 10 10 2 10 2 10 2 8 2 10 10 2 10 10 2 10 10 10 10 2 2 2
left_child=1 6 5 10 25 8 7 9 -2 -1 11 16 -13 15 -15 -12 -4 19 -19 -9 -3 -11 23 -8 -24 -5 -6 -28 -26 -27
right_child=2 20 3 4 26 -7 22 17 -10 21 13 12 -14 14 -16 -17 -18 18 -20 -21 -22 -23 24 -25 28 29 27 -29 -30 -31
leaf_value=-0.0020008505370442244 0.0031647002111969977 0.00035811251826237068 -0.00080359336266006215 -0.0024546284271502465 -0.0014891858374378557 -0.00030595946064663473 0.0022483437324522558 0.00079860086010607653 0.012762257510439669 1.4966096921936709e-05 -0.00077947620730025571 0.013606958243238565 0.0025137543804057121 -0.002206406897409142 -0.00082764931213486794 0.00058174479954934495 0.0075038605336186287 0.0046478073146841567 -0.0022773644641738413 0.0048771304620242456 -0.00053331487832706658 0.0071697401974521128 0.00025434362883872596 0.00041986888555566872 0.0027284247425987929 -0.0036139096452812813 0.0013994419930833109 -0.0038111030166285047 -0.00066773269553795046 -0.009226861995443229
leaf_weight=3848 461 17057 1439 2789 8938 768 3580 1077 124 590 15493 108 502 6874 23072 8254 133 210 810 812 19567 171 3536 25887 5313 447 1435 294 541 275
leaf_count=3848 461 17057 1439 2789 8938 768 3580 1077 124 590 15493 108 502 6874 23072 8254 133 210 810 812 19567 171 3536 25887 5313 447 1435 294 541 275
internal_value=-0.000209806 0.000327371 -0.000834295 -0.000890844 -0.00165502 0.00208626 0.000679208 -0.000328073 0.00523381 -0.0013976 -0.000696772 0.00119457 0.00451293 -0.000773798 -0.00114446 -0.000306021 -9.07813e-05 0.00136377 -0.000840463 0.00255774 -0.000117945 0.00164127 0.000874292 0.000642351 0.00160118 -0.00314108 -0.00116489 0.000507075 0.00241321 -0.00577394
internal_weight=154405 82999 71406 70053 14178 1353 46375 7518 585 4609 55875 2182 610 53693 29946 23747 1572 2909 1020 1889 36624 761 38857 29467 9390 3511 10667 1729 5854 722
internal_count=154405 82999 71406 70053 14178 1353 46375 7518 585 4609 55875 2182 610 53693 29946 23747 1572 2909 1020 1889 36624 761 38857 29467 9390 3511 10667 1729 5854 722
is_linear=0
shrinkage=0.025


Tree=3
num_leaves=31
num_cat=0
split_feature=68 52 30 16 52 52 54 53 11 3 35 31 3 9 55 33 52 0 52 50 61 47 53 53 47 55 77 52 55 40
split_gain=67.8218 27.1872 22.9246 16.1185 26.3083 19.9784 16.4983 15.5472 14.4429 13.2852 17.0429 12.2328 10.5982 13.001 10.5011 10.4231 9.13839 9.0699 9.04937 8.91327 8.23969 8.06616 7.9054 9.98503 7.92478 7.64958 7.37473 10.8247 14.9097 7.78723
threshold=0.31197464152009613 0.13500000000000004 0.10545961878069733 1.2949571985152628 2.7200000000000002 0.13500000000000004 119.26805000000002 18.970000000000002 0.0094187283876129499 -0.08667823333550799 -0.26904070523110363 -0.25745112520956182 0.018072688051846812 -0.042832451167537193 0.25499999999999995 -0.070213858462650033 0.88000000000000012 -0.014364634323103696 0.18500000000000003 -0.60560812459839897 -0.34469031774294207 -0.17854812201170706 19.675000000000001 21.265000000000004 -0.67870476940116153 1.1900000000000004 -0.36648319337331864 0.81500000000000006 1.1150000000000004 0.010325306468964892
decision_type=8 2 10 10 2 2 2 2 8 10 8 8 10 8 2 10 2 10 2 8 10 10 2 2 10 2 10 2 2 10
left_child=1 17 3 8 5 -5 -7 26 20 16 18 25 -12 -14 -6 -9 -4 -1 -11 -13 -2 -19 24 -24 -17 -10 29 28 -28 -3
right_child=2 7 9 4 14 6 -8 15 11 10 12 19 13 -15 -16 22 -18 21 -20 -21 -22 -23 23 -25 -26 -27 27 -29 -30 -31
leaf_value=0.0020317804102697131 -0.00042818986816855028 0.00113729949075919 -0.005497795356275227 0.0027473398719303418 0.0058012108117508213 -0.0010273024820237552 -0.0047651901983929721 0.0059429089778211819 0.003194646399051169 0.011502628027975159 0.00078210991905840622 1.2067063905254784e-05 -0.0029177661903296774 -0.0011154286051312165 0.00059699233029608244 -0.0032908296318500292 0.003060824049203101 -0.0065986719088790228 0.0018131188726694409 -0.00068006673088972418 0.00098696941740259564 -0.002163678528157889 -0.00084193663072004992 0.0014896816792388501 0.0036199437082525829 -0.0027106016446439814 -0.0021382154824498125 0.00065898773569248001 0.00017131682128111766 -0.00067587607603398646
leaf_weight=245 3512 12180 686 852 479 24664 761 329 912 88 1429 19970 3099 13154 497 110 86 329 195 27770 9532 1206 1343 7728 1391 159 2498 11580 5788 1679
leaf_count=245 3512 12180 686 852 479 24664 761 329 912 88 1429 19970 3099 13154 497 110 86 329 195 27770 9532 1206 1343 7728 1391 159 2498 11580 5788 1679
internal_value=-0.000180065 0.000618991 -0.000523974 -0.000356708 -0.000863297 -0.00101326 -0.0011397 0.000739993 -0.000133374 -0.00131897 -0.00118022 -0.000330955 -0.00127809 -0.00145974 0.00316277 0.00156101 -0.0045314 -0.00240885 0.00488835 -0.000390392 0.000605369 -0.00312353 0.00142327 0.00114358 0.00310627 0.00230891 0.000474346 0.000165088 -0.000524247 0.000917055
internal_weight=154251 46406 107845 89108 27253 26277 25425 44626 61855 18737 17965 48811 17682 16253 976 10901 772 1780 283 47740 13044 1535 10572 9071 1501 1071 33725 19866 8286 13859
internal_count=154251 46406 107845 89108 27253 26277 25425 44626 61855 18737 17965 48811 17682 16253 976 10901 772 1780 283 47740 13044 1535 10572 9071 1501 1071 33725 19866 8286 13859
is_linear=0
shrinkage=0.025


Tree=4
num_leaves=31
num_cat=0
split_feature=46 50 51 31 61 55 54 46 41 4 12 36 55 55 55 51 54 46 54 60 55 1 43 54 34 72 68 51 54 4
split_gain=75.2118 20.8042 16.0654 15.7786 14.46 13.8739 20.6815 13.562 17.2923 20.8439 13.5503 13.4971 13.4873 25.7053 13.2357 15.2421 15.1369 12.807 12.7165 12.1943 12.7968 11.5169 11.2584 10.6655 9.89208 8.95881 8.76427 8.59373 7.99718 7.85802
threshold=0.83409535555438541 0.27577194883361011 1.8050000000000004 -0.19410492447361535 1.7889566112783 1.2250000000000003 111.92010000000001 1.2086456801132563 -0.16468645525416883 -0.17854026904992534 0.018812766509491836 0.030680104389961941 0.21999999999999989 0.32500000000000001 1.2250000000000003 1.6450000000000002 117.03745000000002 1.7781179657387074 118.87420000000002 0.46751885431130719 0.15499999999999994 0.031131509315604159 0.97146938912876479 120.39400000000002 -0.060801097110951101 0.63936092659757049 0.29989733059548257 2.9550000000000005 108.57690000000001 0.081242775118802527
decision_type=8 10 2 8 10 2 2 10 10 8 10 10 2 2 2 2 2 10 2 8 2 8 8 2 10 10 8 2 2 10
left_child=2 4 3 -1 7 10 24 21 -9 -10 18 -6 17 22 16 -16 -15 -3 -5 27 -21 29 -14 -12 -7 -13 -8 -4 -27 -2
right_child=1 12 19 5 11 6 26 8 9 -11 23 25 13 14 15 -17 -18 -19 -20 20 -22 -23 -24 -25 -26 28 -28 -29 -30 -31
leaf_value=0.0039425038805477068 -0.00021470692945850731 0.00022843816593151503 0.00048939108973852254 -0.00095305419268747887 0.0035697150929666303 0.0058587305024326228 0.0035964000186706289 -0.0048369466554167772 0.0016371699057186465 -0.0010239220541670934 0.0016454249064620898 -0.0016843346080368596 -0.0057046075324001765 -0.00048957547128550955 -0.0050588315699391078 -0.0015774176359693165 -0.002400257165286791 0.0078416329460358081 0.0058047142143548393 -0.0034078421339854784 0.0013146943819124751 -0.0010628852667177949 -0.0011803630623501314 -0.0019505233608209339 -0.0014312618536206773 0.0051519006402528317 0.00072677843462010778 -0.0016170379507846684 0.00030578914887554828 0.00066735296030400631
leaf_weight=607 24992 1520 14786 12616 1053 123 1645 686 1993 23473 2636 951 1182 13912 1022 3455 3189 151 175 363 20591 7725 492 638 1776 294 1130 1316 777 8444
leaf_count=607 24992 1520 14786 12616 1053 123 1645 686 1993 23473 2636 951 1182 13912 1022 3455 3189 151 175 363 20591 7725 492 638 1776 294 1130 1316 777 8444
internal_value=-0.00018641 -0.000619326 0.00051997 -2.60068e-05 -0.000399373 -0.000142742 0.00105536 -0.000476047 -0.000921297 -0.0008153 -0.000491843 0.00127614 -0.00124017 -0.00139621 -0.00116406 -0.00237496 -0.000846462 0.000926024 -0.000859476 0.000834671 0.00123233 -0.000192952 -0.00438118 0.000941939 -0.000951734 7.66028e-05 0.00243139 0.000316661 0.00164737 7.84204e-06
internal_weight=153713 95311 58402 21346 70388 20739 4674 67313 26152 25466 16065 3075 24923 23252 21578 4477 17101 1671 12791 37056 20954 41161 1674 3274 1899 2022 2775 16102 1071 33436
internal_count=153713 95311 58402 21346 70388 20739 4674 67313 26152 25466 16065 3075 24923 23252 21578 4477 17101 1671 12791 37056 20954 41161 1674 3274 1899 2022 2775 16102 1071 33436
is_linear=0
shrinkage=0.025


Tree=5
num_leaves=31
num_cat=0
split_feature=46 35 31 51 4 46 51 51 54 40 54 54 39 64 54 44 10 60 53 54 40 39 39 67 39 63 33 16 16 41
split_gain=68.0458 19.4413 17.2224 17.3852 23.5991 16.0986 17.1568 19.4227 24.7109 16.0123 15.5272 23.8441 18.222 16.0025 15.5258 14.1072 17.3494 11.3451 10.9601 19.0104 10.3775 10.1895 9.33171 8.98764 8.34357 8.24747 7.32313 6.71768 6.52485 6.50698
threshold=0.99579731534586224 -0.26904070523110363 -0.26959219551997288 1.405 0.31403952571346222 1.4421861472514264 2.9900000000000007 1.7850000000000004 118.87420000000002 0.0061033538753718043 116.34535000000001 114.48000000000002 0.046569218802461128 0.3655246492847653 110.24160000000002 0.083625443484220893 0.038566424032853062 0.54006272797373056 25.400000000000002 116.08025000000002 0.0083304609404307017 -0.04785015836711453 -0.057004896860813108 1.3302855097603339 0.1073391713752936 -0.54558972120500693 -0.01778473376682815 0.74399230073949651 0.97226988857727348 -0.02182976198692221
decision_type=8 8 10 2 8 10 2 2 2 10 2 2 10 10 2 10 10 10 2 2 10 10 10 10 10 10 10 10 10 10
left_child=2 15 29 4 9 17 7 8 -7 28 11 27 22 -13 -9 16 -2 18 19 -3 -11 -8 -12 24 -19 -14 -20 -5 -4 -1
right_child=1 5 3 10 -6 6 21 14 -10 20 12 13 25 -15 -16 -17 -18 23 26 -21 -22 -23 -24 -25 -26 -27 -28 -29 -30 -31
leaf_value=0.0036509242065999679 0.0027011218805564445 -0.00095984627761424028 -0.0037557994166097807 0.00057594587613654213 0.0038454870866823742 -2.8513109798200777e-05 -0.0032362527797648016 -0.00095664874164403952 -0.0044999795455924075 0.00083753070455048454 -0.0063112531517413757 0.0021211918994711925 0.006580299422035087 0.00045734438547230657 -0.0028822202446360163 -4.8269018560808423e-05 0.012763054832478422 -0.00029749129867470757 -0.00076451782232717092 0.001114327398966522 -0.00096621829542956842 0.0048807850194988595 -0.00096368759886902942 0.0021944707857334627 0.0037509670564885365 0.00062774104405328936 -0.0033128860393762866 -1.8232373994137181e-05 0.00047134235160985075 -0.00090279437200156936
leaf_weight=1283 461 23347 1446 23037 705 6667 124 4118 873 2729 211 8556 277 6277 7254 751 140 19599 1170 3128 7358 413 5723 1001 322 312 1809 24532 267 228
leaf_count=1283 461 23347 1446 23037 705 6667 124 4118 873 2729 211 8556 277 6277 7254 751 140 19599 1170 3128 7358 413 5723 1001 322 312 1809 24532 267 228
internal_value=-0.000171946 -0.000739031 0.000314619 0.000265422 -0.000591887 -0.000796616 -0.00140779 -0.00153323 -0.000547859 -0.000858001 0.000421079 0.000542468 -0.000738917 0.00141769 -0.00218577 0.00222753 0.00507822 -0.00056048 -0.000876708 -0.000714462 -0.000477436 0.00298949 -0.00115634 -0.00011491 -0.000231454 0.00344756 -0.00231524 0.000269369 -0.00309268 0.00295867
internal_weight=154118 71177 82941 81430 12505 69825 19449 18912 7540 11800 68925 62402 6523 14833 11372 1352 601 50376 29454 26475 10087 537 5934 20922 19921 589 2979 47569 1713 1511
internal_count=154118 71177 82941 81430 12505 69825 19449 18912 7540 11800 68925 62402 6523 14833 11372 1352 601 50376 29454 26475 10087 537 5934 20922 19921 589 2979 47569 1713 1511
is_linear=0
shrinkage=0.025


Tree=6
num_leaves=31
num_cat=0
split_feature=68 52 68 52 52 53 51 59 55 53 51 19 19 29 41 12 54 52 13 47 11 49 37 60 12 54 60 12 47 52
split_gain=57.4426 24.4125 20.6288 29.477 22.9859 23.453 30.6648 22.8122 14.6297 13.6183 14.8223 13.38 13.0337 12.1536 11.5821 11.4464 11.3823 11.1682 10.7718 10.4222 9.26726 9.43382 9.21066 8.91526 8.76921 9.71309 8.58073 8.46335 8.16471 7.47233
threshold=0.31197464152009613 0.13500000000000004 0.70233077002500466 2.7200000000000002 0.13500000000000004 18.970000000000002 1.635 -1.0190389790906049 0.24500000000000013 16.555000000000003 1.7850000000000004 -0.24553936183268274 0.14535716032668158 -0.044837636986825073 -0.0020634011597692732 0.047002483707524516 110.20230000000001 2.8200000000000007 0.014414451493317009 -0.17854812201170706 0.009361332167521946 0.96239375412211692 0.13778657999235192 0.96719734942567903 0.036646452020917542 118.87420000000002 0.66305521645224907 0.013525519092750118 2.3558249529694728 0.81500000000000006
decision_type=8 2 10 2 2 2 2 10 2 2 2 10 8 10 10 10 2 2 10 10 8 10 10 10 10 2 10 10 10 2
left_child=1 19 15 4 12 6 -6 -7 14 10 -3 27 13 -4 26 20 -12 -18 -17 -1 21 29 -14 28 25 -13 -5 -11 -22 -2
right_child=2 9 3 8 5 7 -8 -9 -10 11 16 24 22 -15 -16 18 17 -19 -20 -21 23 -23 -24 -25 -26 -27 -28 -29 -30 -31
leaf_value=-0.0058846939868283793 -0.00010144144396510571 -0.00092704590231456924 0.0024929680249738367 0.0094094528858673643 0.0010240857203122253 0.00027268726248766022 -0.0011297771006366982 -0.0028051763625973327 0.00065380052185639095 0.0015542637468745797 -6.7818924331590293e-05 0.0010524002317940395 0.0063306386114829142 -0.0036545114734621142 -0.0013404898670463204 -0.0072096867978567059 0.0011754951256928567 -0.004269921390064658 -0.0013259149716710011 -0.0012642091622802475 -0.00032761820262498261 -0.0038581724622898626 0.0012057237712083928 0.0018522079223070105 -0.0013334425620744762 0.0034026236782377303 0.0011209681483176838 0.0071177864453310707 -0.00609249732077808 0.0011359874728065602
leaf_weight=393 5566 4745 416 345 4880 1862 26787 7751 990 316 9147 14691 470 386 114 256 13062 238 821 1387 48089 306 419 1179 877 1191 104 384 153 6718
leaf_count=393 5566 4745 416 345 4880 1862 26787 7751 990 316 9147 14691 470 386 114 256 13062 238 821 1387 48089 306 419 1179 877 1191 104 384 153 6718
internal_value=-0.000157545 0.00057733 -0.000474692 -0.000886753 -0.00100919 -0.00112634 -0.000797596 -0.00220827 0.00249427 0.000691935 0.000341685 0.00123695 0.00184504 -0.000457496 0.00570906 -0.000183752 0.000610247 0.00107711 -0.0027379 -0.00229184 -0.000139219 0.000466036 0.00392849 -0.000293567 0.00109472 0.00122936 0.00751439 0.00462391 -0.000346208 0.000574731
internal_weight=154043 46431 107612 44524 42971 41280 31667 9613 1553 44651 27192 17459 1691 802 563 63088 22447 13300 1077 1780 62011 12590 889 49421 16759 15882 449 700 48242 12284
internal_count=154043 46431 107612 44524 42971 41280 31667 9613 1553 44651 27192 17459 1691 802 563 63088 22447 13300 1077 1780 62011 12590 889 49421 16759 15882 449 700 48242 12284
is_linear=0
shrinkage=0.025


Tree=7
num_leaves=31
num_cat=0
split_feature=16 3 16 40 60 39 19 51 55 54 12 51 60 50 16 55 55 55 19 39 76 35 47 60 55 55 47 32 50 39
split_gain=64.3556 17.9775 13.7523 18.5498 13.2634 13.0426 12.7322 12.1443 13.2453 23.1553 16.7341 12.8081 11.4334 10.9017 10.7029 10.1885 19.9318 9.99173 9.56501 21.9126 8.79289 8.65098 8.48724 8.41076 13.4491 9.06477 7.78117 8.28685 7.60467 7.55954
threshold=0.88852686202903008 0.066666711041672003 1.2605114855078539 0.010189167900724475 0.97486908239256875 0.1633397823637647 -0.21614061876744636 1.8250000000000004 1.2250000000000003 111.64125000000001 0.018812766509491836 1.8450000000000004 0.43945774859728753 0.27577194883361011 0.17317571116680322 0.21999999999999989 0.32500000000000001 0.15499999999999994 -0.013243753133656775 0.06977777620314686 0.79895356267973172 -0.1939152026286802 -0.16227267156979783 0.76550929407497204 0.015000000000000015 0.03000000000000003 0.95114683559666979 0.15219559565907839 1.6887091593520105 0.0076816179409272553
decision_type=8 10 10 10 10 10 8 2 2 2 10 2 8 10 10 2 2 2 10 10 10 10 10 10 2 2 10 10 8 10
left_child=6 4 3 -3 13 18 -1 8 10 -10 20 -9 14 23 -13 -15 -17 -14 21 -20 -8 -4 -12 24 -2 -25 29 -28 -5 -6
right_child=1 2 5 28 26 -7 7 11 9 -11 22 12 17 15 -16 16 -18 -19 19 -21 -22 -23 -24 25 -26 -27 27 -29 -30 -31
leaf_value=0.0040314564473467717 0.0042982109583483029 2.0448916855605277e-05 0.0006155834864789068 -0.0027222753106045973 0.0015923415255382205 0.007299109921486047 -0.00044817729071702116 0.0046046024328472799 -0.0015989181926046809 0.002355306414464305 -0.00078987825889427965 0.0020566108007154748 -0.0030813032330634406 0.0011094387270428059 -0.00013098561516131522 -0.0041476745992666004 -0.00089775365086756291 0.0010676454807803334 -0.0019387430246244506 0.0031133261051712558 -0.0020020267874408383 -0.0039855775196094628 0.0018485829472563093 -0.007827422728562624 -0.00045318937827958225 0.00050889894655970934 0.0056819045861865357 -0.0022351796964378968 0.0015265297133539406 0.0067780958751137285
leaf_weight=614 374 7810 289 2666 419 94 10401 514 1321 3073 1058 1560 367 1360 13327 1272 16347 21431 7301 577 2921 2012 2687 81 44528 8745 107 347 289 309
leaf_count=614 374 7810 289 2666 419 94 10401 514 1321 3073 1058 1560 367 1360 13327 1272 16347 21431 7301 577 2921 2012 2687 81 44528 8745 107 347 289 309
internal_value=-0.000194048 -0.000597656 -0.00124258 -0.000617035 -0.000413913 -0.0018972 0.000452202 0.000414528 -5.87329e-05 0.0011647 -0.000374212 0.000687758 0.000632525 -0.00045672 9.78949e-05 -0.000971924 -0.00113307 0.000997282 -0.00198371 -0.00156735 -0.000789589 -0.00340441 0.00110117 -0.000274571 -0.000413333 0.00043049 0.00221067 -0.000342723 -0.00230375 0.00381126
internal_weight=154201 94927 21038 10765 73889 10273 59274 58660 21461 4394 17067 37199 36685 72707 14887 18979 17619 21798 10179 7878 13322 2301 3745 53728 44902 8826 1182 454 2955 728
internal_count=154201 94927 21038 10765 73889 10273 59274 58660 21461 4394 17067 37199 36685 72707 14887 18979 17619 21798 10179 7878 13322 2301 3745 53728 44902 8826 1182 454 2955 728
is_linear=0
shrinkage=0.025


Tree=8
num_leaves=31
num_cat=0
split_feature=46 52 52 48 52 46 48 80 51 54 35 51 61 69 12 80 51 48 65 54 31 40 40 48 33 52 50 40 32 8
split_gain=63.0337 25.6126 22.369 20.7233 18.9901 21.4739 18.0468 17.7943 25.6755 16.7332 16.2779 16.1332 14.5347 14.2073 15.4945 14.0111 13.121 13.021 12.5804 10.633 13.4951 10.51 11.7169 10.0305 9.2854 9.21856 8.25963 8.05459 7.61251 7.6053
threshold=0.99579731534586224 2.7200000000000002 0.13500000000000004 0.012788547608098029 0.13500000000000004 1.4421861472514264 -0.27572343490601103 1.0000000180025095e-35 1.8050000000000004 116.18090000000002 -0.26904070523110363 1.1350000000000002 1.7889566112783 -0.46437062255745282 0.016719763559126109 1.0000000180025095e-35 0.64500000000000013 -0.80635695495598736 -0.51306679451986292 117.23465000000002 -0.088260300935371613 0.0076739402773441994 0.0094090381837638199 -0.089979169860145689 -0.015002577006367144 0.81500000000000006 -0.85309322673834653 0.010276672700424325 0.38567614042044956 0.21395292835577887
decision_type=8 2 2 10 2 10 10 2 2 2 8 2 10 8 10 2 2 8 10 2 10 10 10 10 10 2 10 10 10 10
left_child=2 4 3 16 6 12 27 10 -9 -3 -7 24 23 15 19 29 -1 -11 -5 26 -21 25 -23 -6 -8 -17 -15 -2 -20 -4
right_child=1 9 13 18 5 7 11 8 -10 17 -12 -13 -14 14 -16 21 -18 -19 28 20 -22 22 -24 -25 -26 -27 -28 -29 -30 -31
leaf_value=0.0018882032555297395 -0.0062526012069967565 0.00064274752618434972 0.0010024209145696348 -0.0021488164551528581 -0.00028597174198061154 0.0018868696756043299 0.0031215285249968127 0.00085123647674287912 -0.0017658360165278394 0.008153348440364588 -0.0027731116005460265 0.00620095917812817 0.0017086021204601274 0.0011695047693493772 -0.00090225768410678734 -0.00020948145890140391 -0.0057233255124209265 -6.4560166165987727e-05 0.0010120072454003284 0.0034924881669637638 -0.0034290588947279706 -0.0014840003557087334 0.0023473084989548867 -0.0010241229304077519 -0.00059195494846313789 0.00093259965576759137 0.00014217234623755293 0.0013591725749575955 0.008164170175523431 0.0028989339568170308
leaf_weight=165 254 1499 21201 1056 22096 497 749 3455 7255 398 7488 488 1659 6760 8733 7191 920 170 849 217 896 3408 582 24088 952 11411 17766 129 104 1414
leaf_count=165 254 1499 21201 1056 22096 497 749 3455 7255 398 7488 488 1659 6760 8733 7191 920 170 849 217 896 3408 582 24088 952 11411 17766 129 104 1414
internal_value=-0.000160399 -0.000705793 0.000309068 -0.00177564 -0.000787898 -0.000869449 0.00131833 -0.00158813 -0.000920879 0.00203463 -0.00248189 0.00219662 -0.000588428 0.000390241 6.93186e-06 0.000681506 -0.0045581 0.00568564 -0.000267361 0.000316935 -0.00207054 0.000240717 -0.000922731 -0.000671145 0.00103984 0.000490716 0.000425681 -0.00367309 0.00180966 0.00112148
internal_weight=153850 71177 82673 3094 69110 66538 2572 18695 10710 2067 7985 2189 47843 79579 34372 45207 1085 568 2009 25639 1113 22592 3990 46184 1701 18602 24526 383 953 22615
internal_count=153850 71177 82673 3094 69110 66538 2572 18695 10710 2067 7985 2189 47843 79579 34372 45207 1085 568 2009 25639 1113 22592 3990 46184 1701 18602 24526 383 953 22615
is_linear=0
shrinkage=0.025


Tree=9
num_leaves=31
num_cat=0
split_feature=46 30 31 16 55 41 4 19 51 9 12 55 4 48 24 48 46 50 17 39 55 68 51 19 55 60 4 12 16 49
split_gain=64.9884 20.718 18.6658 17.5733 18.6364 16.8559 14.6015 13.6516 13.6218 16.0613 14.0561 16.6561 13.4253 12.6273 11.5507 11.0283 10.1118 9.58738 9.46097 9.39581 8.89934 8.61885 9.02903 7.75705 7.87798 7.64757 9.29793 11.6116 8.37002 6.5067
threshold=0.83822986355835305 0.10814618911721986 -0.23811207633492079 1.2892927923298516 0.16000000000000006 -0.026710989526336878 -0.041420671756249854 -0.21614061876744636 1.7850000000000004 0.14001528687206502 0.017234943693391715 1.2250000000000003 0.069943695219774629 0.38439254569928488 1.0828878783777895 -0.083939772652862579 1.5626217457392777 0.44420178135419969 0.011552207764318314 -0.054272879783843035 0.16000000000000006 0.26000017728846164 0.65500000000000014 -0.041509500265954728 1.1550000000000005 0.44352323593343251 0.037837846792212478 0.070717915228013475 0.94080848005130313 0.87731092063283256
decision_type=8 10 8 10 2 10 8 8 2 8 10 2 10 10 10 10 10 10 10 10 2 10 2 10 2 10 10 10 10 10
left_child=7 2 6 12 13 -6 23 -1 10 19 11 -9 16 -5 25 -14 -4 -13 -11 20 -10 22 -12 24 -2 26 27 -3 -28 -23
right_child=1 14 3 4 5 -7 -8 8 9 18 21 17 15 -15 -16 -17 -18 -19 -20 -21 -22 29 -24 -25 -26 -27 28 -29 -30 -31
leaf_value=0.0044099571974322883 0.0025012858216570816 -0.0014375452578955748 -0.00044872351089369041 -0.00041913108780067596 -0.0026198667079559384 -0.00084923715544819129 -0.0054761188101607799 -0.00093336708372300764 -0.0022022172787146146 0.0022758566742305097 -0.00068772340001895232 0.0018174945369628639 0.0011578923197368316 0.0048373486178272329 -0.0030365436931123367 -0.00017798703906690851 -0.0087442267334609906 -0.00091164719224505909 0.00087347498168479005 0.0002499994748541723 0.0029023143739521536 -0.0013447077982878168 0.0023871585212319577 0.0092084143093958525 -0.00059049154676810156 -0.00064413970025508152 0.002546211316457971 0.0040694475974916581 -0.0035761379971354437 0.0015043117366031658
leaf_weight=550 2063 3342 33171 583 4000 21209 173 11380 247 5319 750 2624 6955 554 2227 8666 91 1155 6980 23720 1473 1319 2848 89 681 8948 148 256 1954 805
leaf_count=550 2063 3342 33171 583 4000 21209 173 11380 247 5319 750 2624 6955 554 2227 8666 91 1155 6980 23720 1473 1319 2848 89 681 8948 148 256 1954 805
internal_value=-0.00015814 -0.000562881 -0.00039137 -0.000468645 -0.000989166 -0.0011306 0.00153947 0.000492313 0.000455338 0.00073882 -5.66621e-05 -0.000455508 -0.000187934 0.00213788 -0.00135751 0.000416355 -0.000471959 0.000981361 0.00148074 0.000379789 0.0021639 0.000998544 0.0017441 0.00197266 0.00173132 -0.0011015 -0.00181786 -0.00104241 -0.0031403 -0.000261155
internal_weight=154280 95110 78235 75229 26346 25209 3006 59170 58620 37739 20881 15159 48883 1137 16875 15621 33262 3779 12299 25440 1720 5722 3598 2833 2744 14648 5700 3598 2102 2124
internal_count=154280 95110 78235 75229 26346 25209 3006 59170 58620 37739 20881 15159 48883 1137 16875 15621 33262 3779 12299 25440 1720 5722 3598 2833 2744 14648 5700 3598 2102 2124
is_linear=0
shrinkage=0.025


Tree=10
num_leaves=31
num_cat=0
split_feature=46 52 16 52 52 81 39 55 55 50 31 12 32 31 61 55 51 55 44 33 19 57 51 61 80 40 55 40 65 24
split_gain=59.0886 21.6961 18.2428 25.5648 21.1831 20.9251 22.8669 19.9884 13.6403 13.2836 12.0565 10.1339 12.4258 12.1669 11.0152 23.1688 13.9737 10.1148 10.1095 10.5194 9.2361 8.66454 8.15517 11.2628 10.5429 11.051 10.3384 10.1031 8.66158 7.39364
threshold=0.83409535555438541 0.13500000000000004 1.3267345261573475 2.7200000000000002 0.13500000000000004 1.0000000180025095e-35 0.011359555663341682 0.03000000000000003 0.24500000000000013 1.5716198039702516 -0.13474023485831141 0.037879804488164193 0.22793730288837968 -0.26959219551997288 -0.34469031774294207 0.03000000000000003 2.0450000000000004 1.1900000000000004 -0.52803967262616791 -0.013438651173921233 0.12110987676062614 1.6499789074213849 1.8050000000000004 -0.24936112690690584 1.0000000180025095e-35 0.0118705075089792 0.15499999999999994 0.0076739402773441994 1.7621210817302921 1.3360847783038194
decision_type=8 2 8 2 2 2 10 2 2 10 10 10 10 10 10 2 2 2 8 10 10 10 2 8 2 10 2 10 10 10
left_child=1 9 11 4 18 6 -6 -7 -5 -1 -3 13 -13 17 15 -15 -16 -2 19 -4 -11 -20 24 28 25 -12 -25 -26 -24 -14
right_child=2 10 3 8 5 7 -8 -9 -10 20 22 12 29 14 16 -17 -18 -19 21 -21 -22 -23 23 26 27 -27 -28 -29 -30 -31
leaf_value=-0.0025913702188175344 0.0046175640964139873 0.0017852745967025967 0.0042204987890666207 0.0064277102901032146 -0.00012616886682885239 0.006418597243169572 -0.0015319265148462003 -0.0031272337482764118 0.00059659516139323244 -0.0015434957902155915 0.0011344889406174981 0.00074162541847699664 -0.0024217185931229767 0.0077899500121486887 -0.00056179220811843826 -0.00084393979764877086 0.00042742015563410844 -0.0029281523700347969 0.0036837730396777472 -0.006133815753093093 0.0085399711867190052 -0.0047325330421582332 -4.6045373149517338e-05 -0.0034858858999491822 -7.4796986342025627e-05 -0.00057494565791960908 0.0010477300565145987 -0.0020549118975488399 0.0061831137534625394 -0.0087780308524844416
leaf_weight=2040 548 4479 94 404 11764 140 18824 4326 667 105 6483 878 1887 195 15756 18242 20583 137 1000 169 119 81 11607 317 4847 3712 22236 2417 140 122
leaf_count=2040 548 4479 94 404 11764 140 18824 4326 667 105 6483 878 1887 195 15756 18242 20583 137 1000 169 119 81 11607 317 4847 3712 22236 2417 140 122
internal_value=-0.000182139 0.000443846 -0.00056442 -0.000994962 -0.00110716 -0.0012254 -0.00099155 -0.00282467 0.00280792 -0.00195432 0.000540564 -0.000287798 -0.00173191 -0.000212454 -0.000254019 -0.000751715 -1.28426e-06 0.00309501 0.00196959 -0.00240229 0.003797 0.00304166 0.000432668 0.000656549 -6.75558e-06 0.000511354 0.000983492 -0.000734917 2.81789e-05 -0.00281646
internal_weight=154319 58502 95817 37469 36398 35054 30588 4466 1071 2264 56238 58348 2887 55461 54776 18437 36339 685 1344 263 224 1081 51759 34300 17459 10195 22553 7264 11747 2009
internal_count=154319 58502 95817 37469 36398 35054 30588 4466 1071 2264 56238 58348 2887 55461 54776 18437 36339 685 1344 263 224 1081 51759 34300 17459 10195 22553 7264 11747 2009
is_linear=0
shrinkage=0.025


Tree=11
num_leaves=31
num_cat=0
split_feature=46 52 3 9 52 31 52 48 49 50 80 39 40 9 46 39 48 48 48 52 62 52 44 40 9 61 18 39 8 51
split_gain=54.7274 21.3437 18.9638 15.9833 21.9587 16.5748 15.4562 15.3299 14.7276 12.7278 12.1817 14.2834 13.4453 12.4411 11.5556 11.4026 10.7871 10.5942 10.5124 11.7789 10.7068 17.8607 10.6697 10.3922 9.32564 9.20659 9.14879 9.03219 9.0067 8.50312
threshold=0.83409535555438541 0.13500000000000004 0.068649127921965439 -0.086958176033272869 0.17500000000000002 -0.34755536229778644 0.27500000000000008 0.73054031159473898 -1.3821171434266539 1.226889834098807 1.0000000180025095e-35 0.011955540535556365 0.0081965139016101328 0.18508649034151262 0.14621547275956934 0.0207398762487403 -0.61296373461794706 -0.36522489815607528 -1.7815564614267674 0.45500000000000007 0.66256406372289134 0.13500000000000004 -0.58875841561159836 0.003420358906767959 0.301270985453372 0.13275554674111575 -0.11808839160700195 0.060936528448545697 0.051832152008875261 3.1250000000000004
decision_type=8 2 10 10 2 8 2 10 10 10 2 10 10 10 10 10 10 10 8 2 8 2 8 10 10 8 10 10 8 2
left_child=1 9 18 5 8 -4 17 -8 -5 -1 14 13 25 23 -3 -14 -15 -6 19 28 -20 -22 -23 -12 -11 -13 -16 -10 -2 -21
right_child=2 10 3 4 6 -7 7 -9 27 24 11 12 15 16 26 -17 -18 -19 20 29 21 22 -24 -25 -26 -27 -28 -29 -30 -31
leaf_value=-0.0027916027354150125 0 0.002585809459115043 0.0042874425334760548 -0.0088219826906837419 0.0081343465447254355 -0.0031213735253950718 -0.00026687572034839245 -0.0024773453048314818 -0.0028205485667577679 -0.00082528699565186765 -0.0034220530198684237 0.00043496140409635348 -0.0061535094410904399 -0.0057617771373244834 0.0035687134265395279 -0.00019611478360265951 -0.0012632697108672479 0.0012779272604883708 -0.00013003551633672934 0.0028964181553640059 0.0025891633182473497 0.002542951203785393 -0.00092253714620995806 0.00015386969495770591 0.0072066735738270079 0.0017807907922764777 0.00068181972990294512 0.00087865631432551203 -0.008549417298246589 -0.0040499111644527455
leaf_weight=1862 257 2379 198 228 159 3389 9827 2452 2607 235 533 9043 306 389 706 588 2356 1220 43005 1494 970 564 28676 10320 144 4915 24740 486 109 117
leaf_count=1862 257 2379 198 228 159 3389 9827 2452 2607 235 533 9043 306 389 706 588 2356 1220 43005 1494 970 564 28676 10320 144 4915 24740 486 109 117
internal_value=-0.000151004 0.000451268 -0.000519121 -0.00119195 -0.000870842 -0.00270902 -0.000426753 -0.000709095 -0.00269414 -0.00193999 0.000546666 0.000182566 0.000718713 -0.000402484 0.000918651 -0.00224912 -0.00190573 0.0020803 -0.000334977 0.00146257 -0.000383641 -0.00074439 -0.000855334 -2.14148e-05 0.00221982 0.000909515 0.000762376 -0.00223676 -0.00257016 0.00238465
internal_weight=154274 58516 95758 20566 16979 3587 13658 12279 3321 2241 56275 28450 14852 13598 27825 894 2745 1379 75192 1977 73215 30210 29240 10853 379 13958 25446 3093 366 1611
internal_count=154274 58516 95758 20566 16979 3587 13658 12279 3321 2241 56275 28450 14852 13598 27825 894 2745 1379 75192 1977 73215 30210 29240 10853 379 13958 25446 3093 366 1611
is_linear=0
shrinkage=0.025


Tree=12
num_leaves=31
num_cat=0
split_feature=16 52 52 68 52 53 51 48 4 48 54 52 13 54 51 48 53 51 39 54 47 67 50 30 61 48 30 51 50 53
split_gain=50.8826 20.1941 20.6159 18.6949 18.3837 17.201 30.3345 28.6083 23.2284 25.9661 21.7868 19.0263 16.4313 15.301 12.0186 16.1054 11.6896 12.4098 10.7868 10.5545 10.5365 10.1063 9.76077 9.54712 9.38687 9.83855 8.92167 7.75818 8.0249 7.69694
threshold=1.2074449686994988 0.13500000000000004 2.7200000000000002 0.31197464152009613 0.13500000000000004 19.170000000000005 1.7850000000000004 0.22074826619404495 -0.092511941642349257 1.208878026670132 116.13980000000001 0.21500000000000002 0.0056323508880087381 116.18090000000002 0.62500000000000011 -0.10898593554533348 16.555000000000003 1.7850000000000004 -0.04785015836711453 110.20230000000001 -0.194770928138989 -0.2336926336974787 -2.065624280974816 0.075024192713695884 -0.19145656822272908 -0.96725195012273002 0.10420319744012797 1.635 1.4258354316958939 16.095000000000002
decision_type=10 2 2 8 2 2 2 10 10 10 2 2 8 2 2 10 2 2 10 2 10 10 10 8 10 8 10 2 8 2
left_child=3 14 5 4 20 6 10 -8 11 -10 -3 -7 24 18 -2 26 17 29 -4 -19 -1 -17 -15 -14 25 -5 -16 28 -25 -6
right_child=1 2 13 12 16 8 7 -9 9 -11 -12 -13 23 22 15 21 -18 19 -20 -21 -22 -23 -24 27 -26 -27 -28 -29 -30 -31
leaf_value=-0.0057117022366331548 -0.0022778403199729862 -0.00015700931815750485 -0.0036578053183592522 0.0041306347061528864 -0.00042416373960514907 0.003124785139158209 -0.00062629330338307288 -0.0024040915280301592 -0.0021053613220732106 -0.0062801086714646881 0.0029794764320199068 -0.0015175048883685608 -0.00015468863485690272 0.0087688983528070984 0.0010308262881196949 -0.00019855912494098056 0.001137210966804286 -9.4601501068306622e-05 0.001968897529298208 0.0010071905285674058 -0.00096367895259643179 0.0053854363217343644 -0.00067947950325658482 -0.0022993628832308137 0.00089005622857386596 -0.0005772417548268392 -0.007769452206275518 -0.00048861763858364788 0.0002018436801327277 -0.0032386913776371509
leaf_weight=369 368 7427 287 291 4067 773 15904 8795 4268 1195 1699 1918 31623 272 183 259 17485 9201 811 13230 1418 887 89 3744 12440 5404 116 8007 1013 715
leaf_count=369 368 7427 287 291 4067 773 15904 8795 4268 1195 1699 1918 31623 272 183 259 17485 9201 811 13230 1418 887 89 3744 12440 5404 116 8007 1013 715
internal_value=-0.000139055 -0.000843785 -0.000951804 0.000153429 0.000533148 -0.00105347 -0.000804592 -0.00125973 -0.0020847 -0.00302111 0.000426408 -0.000180405 -0.000128776 0.00196674 0.00173906 0.00276827 0.0006327 0.000308227 0.000488955 0.00055493 -0.00195147 0.00411801 0.00642428 -0.000387923 0.00050508 -0.000334545 -0.00237575 -0.000965109 -0.00176524 -0.000847264
internal_weight=154258 45251 43438 109007 46485 41979 33825 24699 8154 5463 9126 2691 62522 1459 1813 1445 44698 27213 1098 22431 1787 1146 361 44387 18135 5695 299 12764 4757 4782
internal_count=154258 45251 43438 109007 46485 41979 33825 24699 8154 5463 9126 2691 62522 1459 1813 1445 44698 27213 1098 22431 1787 1146 361 44387 18135 5695 299 12764 4757 4782
is_linear=0
shrinkage=0.025


Tree=13
num_leaves=31
num_cat=0
split_feature=68 16 35 41 41 51 51 55 16 55 51 11 33 51 61 61 12 51 12 53 47 39 16 17 34 4 55 51 51 51
split_gain=49.8043 21.923 18.2584 14.7238 14.6576 30.9442 21.6594 19.5716 17.1945 15.5728 14.2842 14.2247 13.0933 12.673 11.7882 10.4026 9.78731 9.12311 14.6328 14.081 10.7411 10.4919 8.85853 8.29589 8.27752 10.2738 8.0451 8.29223 7.67803 7.6094
threshold=0.31197464152009613 1.2830305840693166 -0.26904070523110363 -0.15327845528716069 -0.028549359549449257 2.8650000000000007 1.8050000000000004 1.2250000000000003 1.5146570549176428 0.24500000000000013 0.70500000000000007 0.010864144464644853 -0.062535570735244392 3.0450000000000004 1.7889566112783 -0.24936112690690584 0.027012512433955384 1.3500000000000003 0.017309315387522856 16.580000000000002 -0.077281846160890025 0.011359555663341682 -1.0000000180025095e-35 0.055255619154624742 0.018484586084616231 0.24314710917129437 0.13500000000000004 1.5750000000000004 0.62500000000000011 2.8650000000000007
decision_type=8 10 10 10 10 2 2 2 10 2 2 8 10 2 10 10 10 2 10 2 10 10 10 10 8 10 2 2 2 2
left_child=12 11 3 -3 5 8 7 -6 -4 -7 -5 15 16 -8 24 -2 -1 18 28 21 -20 -19 -23 -22 25 -13 29 -28 -14 -21
right_child=1 2 4 10 6 9 13 -9 -10 -11 -12 14 17 -15 -16 -17 -18 19 20 26 23 22 -24 -25 -26 -27 27 -29 -30 -31
leaf_value=0.0017338853624749581 -0.00044583965966415729 -0.0040810902439154901 -0.0016438260527062863 0.0092477648201383343 0.0004960339038983906 0.0081746281055648084 -0.0014065078365201695 -0.0026625749866712872 -0.0044376402949904787 0.00038720599911906998 0.001804463355444188 -0.00029406248842356092 0.0027663091997395511 0.0033432255940511048 0.0016319124727835318 0.00075281746801354754 0.0069963897428602026 -0.00039755198433366813 -0.0012226403938484346 -9.5451138989884277e-05 0.0026242445844389876 0.0025677073555740206 0.00048876420771097032 -0.00081642836944683392 -0.00089680982662690206 0.0030095368711888742 0.0032286940190167403 0.0012327742962904781 -0.0018091735085996249 -0.0072201781920506001
leaf_weight=793 6694 183 3429 216 9516 208 18163 1406 2317 700 643 29037 244 356 1694 13925 309 8939 1110 582 1745 1389 16703 580 18912 599 1519 9336 3307 111
leaf_count=793 6694 183 3429 216 9516 208 18163 1406 2317 700 643 29037 244 356 1694 13925 309 8939 1110 582 1745 1389 16703 580 18912 599 1519 9336 3307 111
internal_value=-0.000152463 -0.0004474 -0.00093946 0.00231913 -0.00103381 -0.00209413 -0.000793837 8.84886e-05 -0.00277239 0.00218779 0.00369513 -0.000189402 0.000529919 -0.00131459 -0.000416382 0.000363304 0.00322229 0.000464556 -0.000366021 0.00061516 0.000795748 0.000302596 0.000648948 0.00176272 -0.000488046 -0.000226918 0.00134604 0.00151309 -0.00149184 -0.00125795
internal_weight=154665 107998 37137 1042 36095 6654 29441 10922 5746 908 859 70861 46667 18519 50242 20619 1102 45565 6986 38579 3435 27031 18092 2325 48548 29636 11548 10855 3551 693
internal_count=154665 107998 37137 1042 36095 6654 29441 10922 5746 908 859 70861 46667 18519 50242 20619 1102 45565 6986 38579 3435 27031 18092 2325 48548 29636 11548 10855 3551 693
is_linear=0
shrinkage=0.025


Tree=14
num_leaves=31
num_cat=0
split_feature=46 35 42 31 16 47 34 55 49 46 44 13 40 58 13 12 51 54 47 4 17 84 15 33 32 51 74 51 31 2
split_gain=48.6346 19.8983 19.1641 15.4883 14.1042 13.0379 12.9967 13.181 14.9675 12.9441 11.2358 17.4342 10.2214 9.58422 9.41243 9.15871 20.043 9.94599 9.02566 8.97862 7.17941 6.9401 6.68269 6.53846 6.28407 5.92219 5.80408 5.72349 5.46226 5.42926
threshold=0.99579731534586224 -0.26904070523110363 -0.021925718590754841 -0.26959219551997288 0.67895376362812232 2.754360733125806 0.02600941157268916 0.16000000000000006 1.4487347105037871 1.4631513415879709 0.090211739627320334 0.0228323256618745 0.0036153816991523684 0.93650786541011222 0.0045719017754043134 0.017309315387522856 1.3500000000000003 118.04845000000002 1.9605068815395044 0.30101711578992635 0.06313788231950436 1.0000000180025095e-35 1.848279388039612 -0.081023620981521036 0.43782290786953387 0.65500000000000014 0.084915675199294965 2.5050000000000003 -0.063614827942937088 0.04654020108342239
decision_type=8 8 8 10 10 10 10 2 8 10 10 10 10 10 10 8 2 2 10 10 10 2 8 10 10 2 8 2 10 10
left_child=3 10 5 23 15 22 7 8 -4 13 11 -2 -11 -8 28 16 17 -5 25 -9 24 -18 -3 -1 -16 -17 -25 29 -6 -12
right_child=1 2 6 4 14 -7 9 19 -10 12 27 -13 -14 -15 20 18 21 -19 -20 -21 -22 -23 -24 26 -26 -27 -28 -29 -30 -31
leaf_value=0.0076464633005503191 0.0024868903438316878 -0.0062729374318932912 0.00019324225108475132 -0.001948874279046391 -0.0018980486542027526 -0.0098102063213780406 -0.0009851452438333901 -0.00054548379030430793 0.0049408589933143832 0.00035894575895100773 -0.0014873004239993604 0.012533588231064577 -0.0024293867209483093 0.00079055225749511771 -0.00018343839746073868 -0.0014107335464427866 0.00043171799628225312 0.0050695418520876716 -0.0061778443282380245 0.0019354201657617587 -0.0016376426132971779 0.0014283985186499533 -0.00074284940015963976 -0.0039409038530883681 0.0039065557481887834 0.00198464813083698 0.0026307155393036578 0.0063577374776027026 0.00074475097186201195 0.0042165874050241461
leaf_weight=154 445 206 1440 2585 512 212 13933 43177 584 949 553 143 5898 2194 35744 342 19722 131 90 929 2169 5624 413 88 235 4544 1274 87 9750 127
leaf_count=154 445 206 1440 2585 512 212 13933 43177 584 949 553 143 5898 2194 35744 342 19722 131 90 929 2169 5624 413 88 235 4544 1274 87 9750 127
internal_value=-0.000152975 -0.000631878 -0.000690114 0.000258453 0.00021173 -0.00446284 -0.00064456 -0.000402337 0.00156893 -0.00113055 0.00236621 0.0049635 -0.00204183 -0.000743064 -5.99074e-05 0.000609971 0.000434284 -0.00160551 0.0015989 -0.000493007 -0.000240852 0.000653224 -0.0026039 0.00276159 -0.000156386 0.00174516 0.00219752 0.000360657 0.000611957 -0.000405454
internal_weight=154254 71290 69935 82964 81448 831 69104 46130 2024 22974 1355 588 6847 16127 48410 33038 28062 2716 4976 44106 38148 25346 619 1516 35979 4886 1362 767 10262 680
internal_count=154254 71290 69935 82964 81448 831 69104 46130 2024 22974 1355 588 6847 16127 48410 33038 28062 2716 4976 44106 38148 25346 619 1516 35979 4886 1362 767 10262 680
is_linear=0
shrinkage=0.025


Tree=15
num_leaves=31
num_cat=0
split_feature=46 35 30 52 52 46 54 51 68 61 54 50 61 23 18 22 13 31 76 16 52 53 48 27 27 61 39 50 13 39
split_gain=52.1986 21.6433 18.9427 17.5981 16.2761 13.4393 27.4331 19.143 13.046 12.2784 12.6485 11.9876 11.3405 11.1522 10.8991 10.0619 10.0174 8.06849 8.03468 7.73689 8.54893 7.72035 7.66522 7.32985 7.30038 7.24277 8.10652 7.15291 7.13668 9.41683
threshold=0.94933526565226789 -0.24907056864409285 0.10545961878069733 0.13500000000000004 0.18500000000000003 1.4966379843406015 118.87420000000002 1.8050000000000004 0.31197464152009613 1.7889566112783 116.18090000000002 1.1593662843263541 -0.9769004405077869 1.5444395220350271 -0.11808839160700195 -1.0065486190550577 0.03477748638306543 -0.14864129826509345 0.9513463328030054 0.14625172798249672 2.7200000000000002 16.685000000000006 -1.7815564614267674 0.058954431447894882 0.011009574089339487 -0.016548956142339307 0.041735551663314337 -2.3064898782146153 0.0059448117335914727 -0.036119878947647226
decision_type=8 8 10 2 2 10 2 2 10 8 2 10 8 10 10 10 8 10 10 10 2 2 10 10 10 10 10 10 10 8
left_child=3 4 5 11 12 9 7 -7 14 10 -3 17 27 16 18 -8 23 -1 -5 20 -16 -21 -6 -4 -11 -13 -27 -2 -10 -30
right_child=1 2 13 8 22 6 15 -9 28 24 -12 25 -14 -15 19 -17 -18 -19 -20 21 -22 -23 -24 -25 -26 26 -28 -29 29 -31
leaf_value=0.0043277327286351235 0.014732334764331093 -0.00054134373446379351 -0.0010439692696035004 0.0043821992310053666 0.0066189463839159222 0.00037111697025551558 -0.013563982417850284 -0.0017811796636154464 0.00044570641366089458 0.0025587117737308229 0.00059511274972947909 -0.00099960740932862071 5.599666692432948e-05 -0.0035044841611986451 0.0017586160605387686 -0.0048098047145941061 -0.0043340594637277961 -0.0027741890528549199 -0.0012419762130464005 0.00018355987896040188 -0.0020917441622067836 0.00090568737091735246 0.00026475340324080691 -0.0085937938266124111 -0.0031934765478177848 0.0082661198444709521 -0.00063587312420861704 0.006094488067547827 0.0010482425713371588 -0.00062402352561042988
leaf_weight=103 103 41261 12693 784 130 3968 130 7368 11022 1308 7180 300 114 1525 4944 237 626 2155 196 24066 386 15068 1278 80 152 156 105 160 2469 14131
leaf_count=103 103 41261 12693 784 130 3968 130 7368 11022 1308 7180 300 114 1525 4944 237 626 2155 196 24066 386 15068 1278 80 152 156 105 160 2469 14131
internal_value=-0.000160958 -0.00061377 -0.000677329 0.000306245 0.00210563 -0.000483537 -0.00124619 -0.00102718 0.000381117 -0.000304501 -0.000372731 -0.00163107 0.00671336 -0.00147667 0.000641564 -0.00796521 -0.00124502 -0.00244478 0.00324958 0.000583828 0.00147796 0.000461816 0.000861892 -0.00109265 0.00195259 0.001629 0.00466973 0.00955731 -4.71106e-05 -0.00037479
internal_weight=154198 78313 76528 75885 1785 61604 11703 11336 73066 49901 48441 2819 377 14924 45444 367 13399 2258 980 44464 5330 39134 1408 12773 1460 561 261 263 27622 16600
internal_count=154198 78313 76528 75885 1785 61604 11703 11336 73066 49901 48441 2819 377 14924 45444 367 13399 2258 980 44464 5330 39134 1408 12773 1460 561 261 263 27622 16600
is_linear=0
shrinkage=0.025


Tree=16
num_leaves=31
num_cat=0
split_feature=46 34 60 31 51 61 11 55 54 4 31 49 50 42 55 60 4 54 54 16 4 34 4 35 58 34 12 53 69 53
split_gain=45.7282 16.188 16.7787 13.4503 13.4545 12.5519 12.4919 10.4852 17.7917 10.7444 10.278 10.8017 10.1219 13.5337 12.6827 8.85541 10.8239 8.60214 8.83648 8.56618 8.56456 8.23596 8.04491 7.83144 7.76409 7.02621 7.00574 7.40453 6.96564 6.74039
threshold=0.83409535555438541 0.033678663020144557 0.98578678738105852 -0.13474023485831141 1.7850000000000004 -0.18350539156424397 0.010592932156148739 1.1550000000000005 112.16755000000002 0.31403952571346222 -0.34755536229778644 2.4337180495533048 0.26415036943013964 -0.021925718590754841 0.16000000000000006 0.76550929407497204 -0.15692509951110237 114.64975000000003 116.34535000000001 0.17317571116680322 -0.049580994155359485 -0.060801097110951101 -0.14553378613872561 0.11337290706754512 0.90179360784418805 -0.062048633327679396 0.019798182724293744 30.085000000000004 -0.46437062255745282 22.445000000000004
decision_type=8 10 10 10 2 8 10 2 2 8 8 10 10 10 2 10 8 2 2 10 10 10 10 10 10 10 8 2 10 2
left_child=3 2 12 26 7 19 -3 9 21 23 -8 24 15 20 -15 16 -2 29 -19 -6 -14 -9 -13 -5 -12 -17 27 -1 -10 -7
right_child=1 6 -4 4 5 17 10 8 28 -11 11 22 13 14 -16 25 -18 18 -20 -21 -22 -23 -24 -25 -26 -27 -28 -29 -30 -31
leaf_value=0.0011705079790701311 0.00088276932925119536 0.00035710152163804544 0.0042785952574441099 -0.00045231323717498324 0.0018139528324592929 0.00055791478281267477 0.0049592610054235006 0.0048558142840050625 0.0031980555225215148 0.0029981235296759048 -0.0014148082247766654 0.001996754552384124 -0.0016480991594188116 0.0035743613247177564 -0.00081327395340369908 0.00292370405546938 -0.00039465309460610883 0.0023092526024580005 4.1534231293334763e-06 -0.00023472341581898265 -0.0099491723352048735 -0.0013464333964405878 -0.004720677713996777 -0.0021878654043397303 -0.00032268089812666689 0.00040782929392789923 0.0027233819143040699 -0.0041030932188472697 0.00059052508648807121 0.0030768603328097731
leaf_weight=2254 4649 3700 504 11884 1433 15144 166 142 1594 510 16046 126 155 420 17365 768 38013 4590 1352 11533 161 1965 843 1886 5477 7247 2240 178 1084 695
leaf_count=2254 4649 3700 504 11884 1433 15144 166 142 1594 510 16046 126 155 420 17365 768 38013 4590 1352 11533 161 1965 843 1886 5477 7247 2240 178 1084 695
internal_value=-0.00012387 -0.000460646 -0.000259876 0.000426736 0.000314833 0.000607698 -0.000988051 -0.000218542 0.000793505 -0.000558226 -0.00120805 -0.00125416 -0.000293316 -0.000800822 -0.000709002 -0.000111881 -0.000255252 0.000974291 0.00178614 -7.57879e-06 -0.00592273 -0.000922353 -0.00383808 -0.000690737 -0.00113727 0.000650238 0.00171362 0.000779613 0.00214612 0.000669142
internal_weight=154124 95640 69282 58484 53812 34747 26358 19065 4785 14280 22658 22492 68778 18101 17785 50677 42662 21781 5942 12966 316 2107 969 13770 21523 8015 4672 2432 2678 15839
internal_count=154124 95640 69282 58484 53812 34747 26358 19065 4785 14280 22658 22492 68778 18101 17785 50677 42662 21781 5942 12966 316 2107 969 13770 21523 8015 4672 2432 2678 15839
is_linear=0
shrinkage=0.025


Tree=17
num_leaves=31
num_cat=0
split_feature=68 16 52 52 53 51 4 52 12 51 80 51 29 39 11 60 57 39 12 39 39 4 18 9 66 57 66 39 53 44
split_gain=44.3966 20.1646 25.8904 21.2987 17.1472 37.0821 23.433 15.4439 12.4925 12.351 10.9523 10.1782 10.1535 9.75524 9.57853 10.7226 9.3597 9.09376 9.79495 8.90946 13.1355 9.03652 12.3902 8.70942 7.36451 7.32383 7.18534 6.7099 6.48945 6.38965
threshold=0.31197464152009613 1.2830305840693166 2.7200000000000002 0.13500000000000004 19.170000000000005 1.8050000000000004 -0.042991767922845585 0.13500000000000004 0.039295345200480135 3.0650000000000004 1.0000000180025095e-35 0.62500000000000011 -0.20803030417650317 0.011359555663341682 0.0094748292098163194 0.96719734942567903 1.6499789074213849 0.01673602967493593 0.010669806966554098 0.071046771437739201 0.074852054989486452 0.21395292835577887 0.14200672574643161 -0.18070089151182853 0.15400627279737308 -0.72824387897268561 0.29035556435121057 -0.054272879783843035 19.975000000000005 -0.6729345276197759
decision_type=8 10 2 2 2 2 10 2 10 2 2 2 8 10 8 10 10 10 10 10 10 10 10 10 10 10 10 10 2 10
left_child=7 8 3 11 5 -5 -6 -1 12 -4 19 -3 -2 23 28 -16 -13 18 -15 21 -21 24 -23 -12 -9 -19 -25 -11 -14 -10
right_child=1 2 9 4 6 -7 -8 10 29 27 13 16 14 17 15 -17 -18 25 -20 20 -22 22 -24 26 -26 -27 -28 -29 -30 -31
leaf_value=-0.0017769171546292999 0.0035037807246082256 -0.0021042745298357215 0.0056432527824995526 0.00057765136435691962 -0.00042463453806882161 -0.0014306263671231697 -0.0034884127570025906 0.00029979978656931257 -0.0053128116808311317 -0.0042278591376736004 0.0021672058297293141 0.0036724626549763371 0.00055928159974750612 0.00057119007280884962 -0.00032478314528702653 0.0019064115353899286 -0.005105918742661259 -0.0011299678632750811 0.0036108276533357688 -0.0061853100052204641 0.00015392695055667648 0.0045650395530686567 -0.0012180344046031581 0.00018025741289052086 0.0013448368791636328 0.00067866817480517685 -0.0011826616375157938 0.0018187053146067602 -0.0031732609443438256 -0.0014655236112311306
leaf_weight=1752 485 300 519 8086 2595 19817 3936 6215 322 145 802 1067 13147 1423 53352 1379 80 1719 1251 238 1386 970 301 4557 13234 7457 5128 527 296 1726
leaf_count=1752 485 300 519 8086 2595 19817 3936 6215 322 145 802 1067 13147 1423 53352 1379 80 1719 1251 238 1386 970 301 4557 13234 7457 5128 527 296 1726
internal_value=-0.000122464 -0.000400923 -0.000873211 -0.000993762 -0.00111878 -0.00084838 -0.00227251 0.000523721 -0.000153184 0.00274966 0.000614145 0.00197453 -9.56595e-05 0.000222224 -0.000121438 -0.000268388 0.00304897 0.00071388 0.00199703 0.00100558 -0.000774365 0.00114548 0.00318973 -0.000332637 0.00101132 0.000338924 -0.000540662 0.000497664 0.000476261 -0.00207684
internal_weight=154212 107779 37072 35881 34434 27903 6531 46433 70707 1191 44681 1447 68659 22337 68174 54731 1147 11850 2674 22344 1624 20720 1271 10487 19449 9176 9685 672 13443 2048
internal_count=154212 107779 37072 35881 34434 27903 6531 46433 70707 1191 44681 1447 68659 22337 68174 54731 1147 11850 2674 22344 1624 20720 1271 10487 19449 9176 9685 672 13443 2048
is_linear=0
shrinkage=0.025


Tree=18
num_leaves=31
num_cat=0
split_feature=46 52 52 51 60 4 48 59 35 52 51 9 44 55 1 55 52 10 57 69 67 41 48 50 39 52 51 49 55 51
split_gain=50.0426 23.5352 19.374 18.9056 18.9324 18.406 17.0796 16.3988 16.1878 20.8462 25.7126 24.6469 14.3726 13.9125 13.5222 15.8032 12.7693 12.4035 11.8197 11.7445 12.3729 9.82574 9.31719 9.16156 8.95574 8.46538 13.2475 11.0347 10.2419 8.13975
threshold=1.1928305460714514 2.7200000000000002 0.13500000000000004 1.7850000000000004 0.48377056664735124 0.39506112745364347 -0.35003734726849028 -0.89409139888403577 -0.24907056864409285 0.19500000000000003 1.7850000000000004 -0.28372556486100187 -0.48121695728071739 0.25499999999999995 -0.098209990876853767 1.1750000000000005 0.18500000000000003 0.027262471907528101 1.5392318009245556 -0.44375376915113135 1.1627556743124741 -0.0067357388243423624 -0.87214511641017034 -1.4136019306113365 0.057860392918007049 0.72500000000000009 2.4650000000000003 1.6300723576463156 0.15499999999999994 2.0450000000000004
decision_type=8 2 2 2 8 10 8 8 8 2 2 8 8 2 10 2 2 10 10 10 10 10 10 10 10 2 2 10 2 2
left_child=3 2 6 5 19 7 21 23 16 11 -11 -10 24 -3 -9 -16 17 -4 -14 -5 22 -2 -21 -1 -8 29 27 -27 -28 -6
right_child=1 13 8 4 25 -7 12 14 9 10 -12 -13 18 -15 15 -17 -18 -19 -20 20 -22 -23 -24 -25 -26 26 28 -29 -30 -31
leaf_value=0.0046997834766628853 0.0012880225249886467 0.0051096363850062949 -9.8331366433829966e-05 0.00049173190729939222 -0.0011188844860090823 0.0037330211343351081 -0.004035884878484647 0.0029679142534336208 -0.0082049641854579324 0.00019596844013315277 -0.0013278925759347329 -0.0021237197671466865 0.004875981519842267 -5.7918508864652987e-05 -0.00093305014550306136 0.00046453392457345208 0.00052972055537196241 0.011600924465338978 -0.0050120429955927536 0.0013342383487329884 -0.0025990928990422767 -0.0093436089656485487 -0.00048877294987071209 0.00065773760544827326 0.0046027175657810454 0.0016075317403129855 -0.0031138998665645526 -0.0066251199222270053 0.00055554765109122497 0.00053159352119750954
leaf_weight=380 93 637 92 13924 2224 693 263 656 474 9232 27538 3469 1004 659 25271 6313 1094 141 80 1985 1562 125 14786 4499 103 13934 496 101 10625 11563
leaf_count=380 93 637 92 13924 2224 693 263 656 474 9232 27538 3469 1004 659 25271 6313 1094 141 80 1985 1562 125 14786 4499 103 13934 496 101 10625 11563
internal_value=-0.000137093 -0.000838463 -0.000937055 0.000152394 0.000392361 -0.000299263 0.00170282 -0.000374865 -0.00104202 -0.00113071 -0.000945092 -0.00285894 0.00268756 0.00247859 -0.000579431 -0.000653457 0.00167191 0.00697262 0.00413459 -5.53489e-05 -0.000471273 -0.00479166 -0.000272476 0.000975167 -0.00157728 0.000763388 0.00103636 0.00154719 0.000390897 0.000264734
internal_weight=154016 45004 43708 109012 71200 37812 1668 37119 42040 40713 36770 3943 1450 1296 32240 31584 1327 233 1084 32257 18333 218 16771 4879 366 38943 25156 14035 11121 13787
internal_count=154016 45004 43708 109012 71200 37812 1668 37119 42040 40713 36770 3943 1450 1296 32240 31584 1327 233 1084 32257 18333 218 16771 4879 366 38943 25156 14035 11121 13787
is_linear=0
shrinkage=0.025


Tree=19
num_leaves=31
num_cat=0
split_feature=46 50 52 34 52 12 12 4 19 60 52 20 19 41 38 46 41 26 60 15 64 71 63 80 51 51 77 30 52 12
split_gain=46.8756 18.6422 16.7866 13.731 13.4615 14.4471 11.942 11.0566 12.7856 9.33488 13.9167 10.7014 9.83569 15.9342 10.4984 7.93655 7.77451 12.2413 7.75824 7.48927 7.41993 6.75719 6.72528 8.64069 11.1356 7.65049 6.29186 6.2114 6.84077 6.19226
threshold=0.76555518431119107 0.53191836780713742 0.13500000000000004 0.06782451615044828 1.5000000000000002 0.037879804488164193 0.022184451606961652 -0.041420671756249854 -0.11698424328650341 0.65887345957862031 0.12500000000000003 0.40636543311932011 -0.1677934336773623 -0.15327845528716069 3.7414086424352488 1.6248211364789416 -0.028549359549449257 0.024548765908356664 0.97080288796103009 1.6427553611269132 0.23036890645586303 2.4135253814055524 -0.83957875746007027 1.0000000180025095e-35 1.8050000000000004 2.5950000000000002 -0.30450688407890697 0.020019085407540608 1.385 0.022954333583557283
decision_type=8 10 2 8 2 10 8 10 10 10 2 2 8 10 10 10 8 2 10 10 10 10 10 2 2 2 10 10 2 10
left_child=2 3 20 9 5 27 22 19 -9 12 -11 -12 13 -2 -14 29 17 -8 -5 -7 -1 -18 -4 25 -25 -24 -22 -3 -29 -6
right_child=1 4 6 18 15 7 16 8 -10 10 11 -13 14 -15 -16 -17 21 -19 -20 -21 26 -23 23 24 -26 -27 -28 28 -30 -31
leaf_value=-0.0034413621626880582 -0.0020174804195816536 0.00016601440099752769 0.00094920942124478418 -0.001285524198834227 -0.0024127001808030278 -0.0017685306675510101 -0.00038509548468978506 -0.0084109698841337947 -0.0025790631536206235 0.0050816209558849114 0.00038149483702281116 -0.0015103528813217618 -0.00032896384189885032 0.0017720206684495893 -0.0016026246552212804 -0.0056613367760881793 0.0015388099009320166 0.0051704512905800561 0.00080021994938586259 0.0051974250854718382 -0.0024949832644803535 -0.0032049294152847203 0.0010503639016902703 -0.0011864858458198462 0.00025612993568149123 -0.00031396247416565459 0.0015188175333087073 -0.0010553498101101989 0.0016794168398673972 0.0013366354072520915
leaf_weight=923 908 4567 12093 10990 2969 469 343 364 680 369 18463 2077 41991 2907 4480 438 2008 869 1235 120 448 205 10567 4502 12980 3383 532 11313 599 300
leaf_count=923 908 4567 12093 10990 2969 469 343 364 680 369 18463 2077 41991 2907 4480 438 2008 869 1235 120 448 205 10567 4502 12980 3383 532 11313 599 300
internal_value=-0.00017323 -0.000470349 0.000466665 -0.000300048 -0.00112106 -0.000839401 0.000560102 -0.00308266 -0.00462691 -0.000167005 0.000276726 0.000189749 -0.00035166 0.000867774 -0.00045195 -0.00249449 0.00198184 0.00359321 -0.00107415 -0.000328931 -0.00183354 0.00109449 0.000448001 0.0002549 -0.000115002 0.000718966 -0.000309226 -0.000616441 -0.000917046 -0.00206596
internal_weight=154092 105239 48853 83420 21819 18112 46950 1633 1044 71195 20909 20540 50286 3815 46471 3707 3425 1212 12225 589 1903 2213 43525 31432 17482 13950 980 16479 11912 3269
internal_count=154092 105239 48853 83420 21819 18112 46950 1633 1044 71195 20909 20540 50286 3815 46471 3707 3425 1212 12225 589 1903 2213 43525 31432 17482 13950 980 16479 11912 3269
is_linear=0
shrinkage=0.025


Tree=20
num_leaves=31
num_cat=0
split_feature=46 30 4 68 55 48 52 64 48 23 4 12 39 54 51 49 60 7 35 49 30 9 52 14 33 51 12 41 48 10
split_gain=47.8936 14.8088 12.6583 13.6826 14.7347 13.939 12.0507 13.4871 11.9444 10.5597 9.18791 8.71834 9.69367 9.38713 8.89314 8.6619 9.77977 7.61808 11.0808 7.34361 6.70636 6.60101 9.2392 9.58557 6.32684 6.55303 6.27435 8.36864 7.78883 5.8785
threshold=0.83409535555438541 0.10545961878069733 -0.17060909137260813 0.69085146289890209 0.15499999999999994 -0.083939772652862579 0.13500000000000004 0.23036890645586303 0.7160165587416697 1.5444395220350271 0.30101711578992635 0.021166156251801117 -0.094165030053838181 118.87420000000002 1.425 0.48654197644157926 0.71835397914624377 -0.13121095802794722 -0.26904070523110363 -0.145276073306324 0.024626242791442102 -0.32459048273431573 0.19500000000000003 0.030183748798230436 -0.030338052646520172 1.1350000000000002 0.036646452020917542 -0.16468645525416883 -1.0365353581103482 0.038566424032853062
decision_type=8 10 8 8 2 10 2 10 10 10 10 8 10 2 2 10 10 10 8 8 10 8 2 10 10 2 10 10 10 10
left_child=6 2 21 10 8 -6 7 -1 -5 17 19 12 -8 14 -14 24 -17 -3 29 -4 -13 22 -2 -24 -9 -26 28 -28 -22 -19
right_child=1 9 3 4 5 -7 11 15 -10 -11 -12 20 13 -15 -16 16 -18 18 -20 -21 26 -23 23 -25 25 -27 27 -29 -30 -31
leaf_value=-0.0035728720307230469 0.0096145970708069722 -0.0038225227474044197 0.00014781367422829771 0.00026437692250260293 -0.00039005778339636251 -0.0013768159850685404 -0.0042354331016545071 0.003437237878047976 0.0055372353088624275 -0.0029608435063346915 0.0028869644745843793 0.003033229512662541 -0.00070322674928957683 0.0051023051685568999 0.00048483233059462111 0.00071629418932509523 0.0082627425189606644 -7.521763717096052e-06 -0.00093318739522030986 -0.00058759279418139736 -0.0029930965590212254 0.00050655820594049735 0.0032759470799827032 -0.0045640533243525702 -0.0014218007947107919 -0.0083737779499543762 0.005114875202041928 -0.0026711339254801916 0.0017474896995659122 0.0070871958914990874
leaf_weight=987 114 555 22097 882 18981 16974 281 117 387 1811 639 1287 4297 264 46412 471 139 127 15104 13767 232 3303 564 116 388 109 102 514 2889 164
leaf_count=987 114 555 22097 882 18981 16974 281 117 387 1811 639 1287 4297 264 46412 471 139 127 15104 13767 232 3303 564 116 388 109 102 514 2889 164
internal_value=-0.000153999 -0.000498823 -0.000350018 -0.000425255 -0.00076253 -0.000856136 0.000409397 -0.0013997 0.00188203 -0.00115036 -8.10987e-05 0.000480632 0.000382993 0.0004087 0.000383996 0.000348349 0.00246101 -0.000944113 -0.000839567 -0.000134286 0.00147491 0.00100179 0.00304862 0.00192184 -0.00173907 -0.00297803 0.000935421 -0.0013623 0.00139168 0.00397789
internal_weight=154074 95585 77824 73727 37224 35955 58489 2211 1269 17761 36503 56278 51254 50973 50709 1224 610 15950 15395 35864 5024 4097 794 680 614 497 3737 616 3121 291
internal_count=154074 95585 77824 73727 37224 35955 58489 2211 1269 17761 36503 56278 51254 50973 50709 1224 610 15950 15395 35864 5024 4097 794 680 614 497 3737 616 3121 291
is_linear=0
shrinkage=0.025


Tree=21
num_leaves=31
num_cat=0
split_feature=46 52 52 53 51 59 52 46 39 46 68 52 3 12 51 60 60 4 1 20 38 51 39 47 60 14 52 18 65 68
split_gain=39.949 23.7909 20.5597 16.4052 30.1755 23.6627 17.3873 16.3793 16.2453 16.0165 15.8787 16.5372 13.956 13.2628 12.5346 13.7804 12.2378 11.8875 10.2513 9.0079 8.61967 8.55748 9.31066 8.34686 8.24895 7.96685 7.82284 7.96172 7.54804 7.42827
threshold=1.1875356623626303 2.7200000000000002 0.13500000000000004 18.915000000000003 1.7850000000000004 -1.0190389790906049 0.17500000000000002 1.6626509619832068 0.072867180481927321 1.9544009958066471 0.28387054992228561 0.13500000000000004 0.046040451526989885 0.017553436763037424 1.7750000000000001 0.18000124207621915 0.44766867423298656 0.34593927739007441 -0.083605246765187588 0.72072515685145067 2.3179827153274211 3.0650000000000004 -0.04785015836711453 -0.194770928138989 0.59181469564067546 0.015984995161098338 0.62500000000000011 -0.031021199226753723 -0.23908794314485368 0.57157287157287173
decision_type=8 2 2 2 2 10 2 10 10 10 10 2 10 8 2 8 8 10 10 2 10 2 10 10 10 10 2 10 10 10
left_child=10 2 12 4 9 6 -5 -6 -7 -4 11 23 24 -13 15 -12 20 18 -17 -15 -16 -3 -23 -1 25 -2 27 -18 -28 -19
right_child=1 21 3 5 7 8 -8 -9 -10 -11 14 13 -14 19 16 17 26 29 -20 -21 -22 22 -24 -25 -26 -27 28 -29 -30 -31
leaf_value=-0.0055369884618333342 -4.0232298952964384e-05 0.0050037030445265508 0.00013978882634741103 0.0046808666271167905 -0.0008101488073083866 -0.0030508855272518612 -0.00090474943012899649 -0.0023101941213700683 0.0012966502139852511 0.003290952433052198 0.00092481129017704916 0.00036202222284105814 -0.00075264697439638263 0.0017818233176673103 -0.00011396472529980669 0.0021683770978910273 0.0027062687402451087 0.004537445525851962 -0.0010923810214730541 -0.0010532193168164437 -0.0015072281326881127 -0.0028856409869595094 0.0028816488516236402 -0.0010772284390432479 0.0065341523052639744 0.0066168590440395655 0.0011136758105088549 -0.00064995653685157701 8.4388205963325041e-05 -0.0011762645728688886
leaf_weight=332 399 531 6957 475 20569 5978 1292 5854 587 1179 3109 33946 733 7090 14933 621 483 403 17911 773 3412 267 499 1271 405 154 11709 4980 7212 216
leaf_count=332 399 531 6957 475 20569 5978 1292 5854 587 1179 3109 33946 733 7090 14933 621 483 403 17911 773 3412 267 499 1271 405 154 11709 4980 7212 216
internal_value=-0.000150955 -0.000769334 -0.000866585 -0.000973314 -0.000732849 -0.00196955 0.000594676 -0.00114286 -0.00266085 0.000597768 0.000110701 0.00048094 0.00183484 0.000576642 -0.000136504 -0.000617572 0.000113946 -0.000868398 -0.000982576 0.00150204 -0.000373589 0.00256543 0.000860234 -0.00200902 0.0038209 0.00181042 0.000481045 -0.000351321 0.000721775 0.00253314
internal_weight=154280 45879 44582 42891 34559 8332 1767 26423 6565 8136 108401 43412 1691 41809 64989 22260 42729 19151 18532 7863 18345 1297 766 1603 958 553 24384 5463 18921 619
internal_count=154280 45879 44582 42891 34559 8332 1767 26423 6565 8136 108401 43412 1691 41809 64989 22260 42729 19151 18532 7863 18345 1297 766 1603 958 553 24384 5463 18921 619
is_linear=0
shrinkage=0.025


Tree=22
num_leaves=31
num_cat=0
split_feature=46 50 0 34 31 60 72 60 55 55 54 61 41 40 19 40 61 40 55 53 40 44 41 46 48 12 40 13 48 34
split_gain=39.5921 15.0245 13.2231 12.077 10.4146 9.69273 8.91032 8.52818 10.788 9.04802 9.06243 8.65531 8.22633 14.7395 7.78284 18.6158 8.66761 7.67746 12.1937 12.1791 7.62747 7.5968 7.43345 11.7191 9.71353 7.17956 9.68393 6.97473 6.74825 6.63873
threshold=0.79184009904185548 0.53191836780713742 0.019565407479471223 0.06782451615044828 -0.13474023485831141 0.97486908239256875 0.90179360784418805 0.28393773035387515 0.015000000000000015 1.2250000000000003 111.92010000000001 0.64377348139849777 -0.11875659525056868 0.014715592134374353 -0.20458320450939191 0.017937732423117535 1.0000000180025095e-35 0.0050436044019060355 0.52500000000000024 13.000000000000002 0.0049534945289445012 0.063601243466378646 -0.029572594946668026 1.521964295632986 0.67079893807869684 0.022954333583557283 0.017937732423117535 0.013280809340027514 1.4767022694995842 -0.045523838847701663
decision_type=8 10 10 10 10 10 10 8 2 2 2 8 10 10 8 10 10 10 2 2 10 10 8 10 10 10 10 10 10 10
left_child=4 3 17 5 -1 14 25 9 11 -6 -11 -9 21 -14 15 -2 -16 18 19 -3 27 -10 23 -19 -24 -5 -27 -4 -20 -7
right_child=1 2 20 6 7 29 -8 8 12 10 -12 -13 13 -15 16 -17 -18 22 28 -21 -22 -23 24 -25 -26 26 -28 -29 -30 -31
leaf_value=0.0016493139574347794 0.0027487856188424258 -0.0048294296844483527 -0.0011962665585933006 -0.00089371980728691815 -0.00072686757485430735 0.0065397446436691112 0.00020803170004518508 -0.00026104810241278902 -0.0059387748489467089 -0.00036900192450582361 0.0022456511590064473 -0.010620849486775774 0.00049021660289602696 0.0031826596494761426 -0.00047757761157467813 -0.0017476326462318526 0.00010348021587584492 -0.00092459447439537763 -0.00051539409171345765 0.00028110106276841537 -0.0033110141320278671 -0.0002359666720960006 -0.00094071194263576599 -0.0057155997219266869 0.00066666583414403638 -0.0030446394510916797 0.0010627101399478848 0.0069765892797356167 -0.0033987117809333154 0.0012939458241050692
leaf_weight=4006 1644 1096 329 4971 8083 178 2609 108 226 1813 1518 96 34882 1319 38824 882 27315 2649 4097 393 2126 417 4387 363 5055 2509 415 80 580 1005
leaf_count=4006 1644 1096 329 4971 8083 178 2609 108 226 1813 1518 96 34882 1319 38824 882 27315 2649 4097 393 2126 417 4387 363 5055 2509 415 80 580 1005
internal_value=-0.000133539 -0.000421791 -0.00101467 -0.000265593 0.00042398 -0.000146604 -0.00105601 0.000322497 0.000506644 -0.000274546 0.000820674 -0.0052064 0.000538648 0.000588626 -0.000185376 0.00117573 -0.000237493 -0.000783369 -0.00150523 -0.00347641 -0.00270945 -0.00225935 -0.000425262 -0.00150653 -7.93943e-05 -0.00147465 -0.00245893 0.000399785 -0.000875341 0.00209542
internal_weight=153975 101507 21155 80352 52468 69848 10504 48462 37048 11414 3331 204 36844 36201 68665 2526 66139 18620 6166 1489 2535 643 12454 3012 9442 7895 2924 409 4677 1183
internal_count=153975 101507 21155 80352 52468 69848 10504 48462 37048 11414 3331 204 36844 36201 68665 2526 66139 18620 6166 1489 2535 643 12454 3012 9442 7895 2924 409 4677 1183
is_linear=0
shrinkage=0.025


Tree=23
num_leaves=31
num_cat=0
split_feature=46 35 52 52 46 51 53 48 52 48 51 68 19 60 55 31 78 49 55 73 48 12 59 19 61 12 35 48 48 64
split_gain=43.5647 16.2832 15.5164 14.1767 15.3299 20.6183 22.473 19.6405 13.295 17.624 15.3613 12.9535 12.8308 11.7526 19.444 10.4013 9.99136 9.80244 9.56948 14.2824 9.0779 8.91389 10.0414 8.62848 8.37663 8.01647 7.78287 7.77433 7.36396 6.98128
threshold=1.0278491396112048 -0.26904070523110363 0.18500000000000003 2.7200000000000002 1.521964295632986 1.8050000000000004 16.555000000000003 0.27446921608193603 0.13500000000000004 0.012788547608098029 0.64500000000000013 0.31197464152009613 0.3515027719989578 0.63936092659757049 0.015000000000000015 -0.10628010559865668 0.72918887704335467 3.1176963009289556 0.25499999999999995 -0.056022940158090846 -0.16083569253792029 0.012847975854766684 -0.092466253163022691 -0.21614061876744636 1.9664499208695785 0.036646452020917542 -0.13179262880401313 -1.6756123091662158 -0.23325040374743963 0.40514484229100806
decision_type=8 8 2 2 10 2 2 10 2 10 2 10 10 10 2 10 10 10 2 8 10 10 10 10 10 10 10 10 10 10
left_child=8 2 16 4 13 6 -6 -7 9 10 -1 15 29 14 -3 23 -2 -4 19 27 -15 22 -13 28 -23 26 -17 -5 -10 -11
right_child=1 3 17 18 5 7 -8 -9 11 12 -12 21 -14 20 -16 25 -18 -19 -20 -21 -22 24 -24 -25 -26 -27 -28 -29 -30 -31
leaf_value=0.0030965314828654729 0.003387642223326891 0.0067385009587380383 0.0014944031332570927 0.010107902520796437 0.001552110314346016 -0.0013248155611190813 -0.001540543146924371 -0.0038018846931175895 0.0011509332522857082 -0.0015045109631682974 -0.0049981051210354951 -0.00028804526090288524 0.0090480284330350085 0.00070789078793330722 -0.00083279536807633026 0.0026759126877929805 0.012901854987570908 -0.0067772634424111472 -0.00026422065434347438 -0.0021250859897809699 -0.0004921717544492803 -0.00044208448935139863 0.00094182391633662078 0.001029595925686592 0.0027226337040476092 -0.0027466667727303589 0.00041419684307433721 0.0036567098119427315 0.0048057406636505783 0.0015119536294017056
leaf_weight=170 178 212 904 153 2428 5640 3709 3114 614 1296 987 7411 93 7140 32324 976 116 98 938 223 8784 21500 9404 5195 534 488 37457 527 806 758
leaf_count=170 178 212 904 153 2428 5640 3709 3114 614 1296 987 7411 93 7140 32324 976 116 98 938 223 8784 21500 9404 5195 534 488 37457 527 806 758
internal_value=-0.000125613 -0.000608252 0.00216396 -0.000663517 -0.000726451 -0.00142827 -0.000315701 -0.00220722 0.000240254 -0.00131473 -0.00380029 0.000301244 2.25993e-05 -0.00051061 -0.000782985 0.000587345 0.00720414 0.000670783 0.00149713 0.00333297 4.54539e-05 -3.39175e-05 0.000399347 0.00150422 -0.000364902 0.000431278 0.00047191 0.00513449 0.00323301 -0.000387445
internal_weight=154177 66488 1296 65192 63351 14891 6137 8754 87689 3304 1157 84385 2147 48460 32536 45536 294 1002 1841 903 15924 38849 16815 6615 22034 38921 38433 680 1420 2054
internal_count=154177 66488 1296 65192 63351 14891 6137 8754 87689 3304 1157 84385 2147 48460 32536 45536 294 1002 1841 903 15924 38849 16815 6615 22034 38921 38433 680 1420 2054
is_linear=0
shrinkage=0.025


Tree=24
num_leaves=31
num_cat=0
split_feature=46 50 52 34 61 13 52 0 9 80 52 51 77 52 52 60 59 46 46 61 52 66 51 38 31 40 49 52 31 35
split_gain=36.9739 15.5771 13.1663 12.633 15.986 15.3667 12.2941 16.5285 9.55986 9.22968 10.6142 10.4079 11.2063 10.807 9.82376 9.61399 9.11359 9.09039 8.24827 8.1564 7.95653 11.2581 8.78217 7.91813 7.82897 7.93291 7.74381 9.68812 7.65937 7.55225
threshold=0.76555518431119107 0.53191836780713742 0.13500000000000004 0.02600941157268916 1.7889566112783 0.0056323508880087381 1.5000000000000002 0.01907953294838927 0.56483964248665786 1.0000000180025095e-35 1.7550000000000001 1.8050000000000004 -0.51411081739650355 2.8200000000000007 1.7250000000000003 0.3236211332392 -1.1343256467610507 1.0197613463302855 -0.045117270695410654 -0.19145656822272908 0.13500000000000004 0.47710375816993472 0.72500000000000009 13.549596375515668 -0.18548293819547204 0.0044089297127562063 -1.9411202103125458 0.52500000000000013 -0.25745112520956182 -0.29597965989792574
decision_type=8 10 2 8 10 8 2 10 10 2 2 2 8 2 2 10 10 10 10 10 2 10 2 10 10 10 8 2 8 8
left_child=2 3 8 4 23 16 7 20 -1 10 14 12 -11 -13 18 -16 -5 -8 -4 -14 21 -3 -22 28 -19 -26 27 -7 -2 -28
right_child=1 6 9 5 -6 26 17 -9 -10 11 -12 13 19 -15 15 -17 -18 24 -20 -21 22 -23 -24 -25 25 -27 29 -29 -30 -31
leaf_value=-0.0020174582419035946 0.0012831922194949897 -0.0015452386508562439 0.0041645018697537561 -0.0061190869360829934 0.0029630607386117811 -0.0051148642585696728 -0.00055533805368853132 -0.0027348166335398635 0.0058658942101217741 0.0009300333714371995 3.9727966179067214e-05 0.00059076599858314688 -0.00017335719951051205 -0.0040635614046566539 -0.00095993864171570187 0.0089466363985399675 0.00028021775965577045 0.0026827418634004551 0.0010411621149224188 -0.0022827363787499707 -0.0023605523907982645 0.0030408005309644015 -0.00038721090273519468 -0.0048342572408513924 -0.0015597142379425023 -0.0046046253854983427 0.006225648138456271 -0.0014918300203533173 -0.00011756460468901361 -0.00090205033727681894
leaf_weight=1796 2560 527 548 140 1107 601 1268 2211 100 1947 6574 17209 2105 316 87 194 9033 133 15475 2535 1584 905 12920 216 850 1491 92 2029 51284 16363
leaf_count=1796 2560 527 548 140 1107 601 1268 2211 100 1947 6574 17209 2105 316 87 194 9033 133 15475 2535 1584 905 12920 216 850 1491 92 2029 51284 16363
internal_value=-0.000121491 -0.00038528 0.000446624 -0.000229414 -9.09308e-06 -0.000659253 -0.000978941 -0.000709203 -0.00159427 0.00052917 0.000888943 0.000187471 -0.000659165 0.000506142 0.00123087 0.00586186 0.000180945 -0.0022844 0.00114875 -0.0013277 -0.000427509 0.00134795 -0.000603417 -7.01578e-05 -0.00316687 -0.00350361 -0.00106346 -0.00232456 -5.07996e-05 -0.000861293
internal_weight=154200 105314 48886 83425 55167 28258 21889 18147 1896 46990 22878 24112 6587 17525 16304 281 9173 3742 16023 4640 15936 1432 14504 54060 2474 2341 19085 2630 53844 16455
internal_count=154200 105314 48886 83425 55167 28258 21889 18147 1896 46990 22878 24112 6587 17525 16304 281 9173 3742 16023 4640 15936 1432 14504 54060 2474 2341 19085 2630 53844 16455
is_linear=0
shrinkage=0.025


Tree=25
num_leaves=31
num_cat=0
split_feature=46 52 35 52 42 61 36 52 41 56 19 68 47 55 40 62 9 49 19 44 43 76 72 52 51 68 68 44 40 52
split_gain=41.8665 20.7588 14.2772 14.9319 14.551 12.6616 12.4999 12.2636 11.4757 11.2468 9.70763 9.58564 9.02706 8.8897 8.9806 8.65045 8.41365 8.02413 18.0852 11.8438 7.97154 7.89599 7.73965 7.32168 8.58589 7.99833 6.8665 6.81538 7.05653 6.09985
threshold=1.0075226446817833 2.7200000000000002 -0.26904070523110363 0.18500000000000003 -0.021925718590754841 1.7889566112783 0.048885585663396854 0.15500000000000003 -0.0034683084745912303 0.22842166879523204 -0.20458320450939191 0.72610080310163394 2.754360733125806 0.24500000000000013 0.0033439287259829985 0.12217640088887766 -0.32459048273431573 0.85028109747171154 0.29454300114349857 -0.23399994499575036 -0.7240766057015543 0.12487218813905933 0.02098638197417332 2.6800000000000002 2.9050000000000007 0.056876337184424482 0.62286309175920518 1.0220243498342745 0.013277514541601062 0.13500000000000004
decision_type=8 2 8 2 8 10 10 2 10 10 8 10 10 2 10 10 8 10 10 10 10 10 10 2 2 10 10 8 10 2
left_child=7 2 3 16 8 6 -6 9 12 -1 20 -3 -4 14 -13 27 -2 29 19 -19 -9 -5 -7 25 -25 -17 -23 28 -12 -11
right_child=1 11 4 21 5 22 -8 10 -10 17 15 13 -14 -15 -16 23 -18 18 -20 -21 -22 26 -24 24 -26 -27 -28 -29 -30 -31
leaf_value=0.0011667230835072249 0.010834861617949535 -0.00080291997748742133 -0.0038704824285354621 0.0071048095820511739 -0.00054859736562298713 0.0067660671545020611 -0.0014400795680521285 -0.00077906745712475985 0.001199792614173274 -0.002933532896888056 0.00090029347923318919 -0.0008489907594036915 -0.010873784052749304 0.0015967268131901772 0.0074650482032015721 0.0011491761319196651 0.002171947137148327 -0.0035857335550887898 0.0092244604284207263 0.0016314112841655235 0.0038585179097892818 -0.0071156779725621211 0.00060708113261183534 -0.0065468693115741869 -0.00071782420973684317 0.00015337569024257886 0.00045667706514049175 0.0027924845562958354 -0.00092112000877350969 -0.00098244877108636633
leaf_weight=1503 158 559 441 101 49867 132 12265 313 194 1742 12761 100 159 931 393 5577 131 467 131 646 860 81 3202 168 2494 52783 828 1058 1479 2398
leaf_count=1503 158 559 441 101 49867 132 12265 313 194 1742 12761 100 159 931 393 5577 131 467 131 646 860 81 3202 168 2494 52783 828 1058 1479 2398
internal_value=-0.000105817 -0.000560018 -0.000634115 0.00195887 -0.000685097 -0.000644117 -0.000724723 0.000268427 -0.00404843 -0.000742118 0.000358344 0.00195947 -0.00575683 0.00304889 0.00576549 0.000323519 0.00695914 -0.00127653 0.000479026 -0.000552406 0.00261512 0.000514121 0.000855524 0.000190088 -0.0010913 0.000248687 -0.000218339 0.000855214 0.000710529 -0.00180584
internal_weight=153922 69542 67559 1299 66260 65466 62132 84380 794 6887 77493 1983 600 1424 493 76320 289 5384 1244 1113 1173 1010 3334 61022 2662 58360 909 15298 14240 4140
internal_count=153922 69542 67559 1299 66260 65466 62132 84380 794 6887 77493 1983 600 1424 493 76320 289 5384 1244 1113 1173 1010 3334 61022 2662 58360 909 15298 14240 4140
is_linear=0
shrinkage=0.025


Tree=26
num_leaves=31
num_cat=0
split_feature=46 50 52 0 52 47 55 47 52 60 55 55 48 52 57 68 55 64 15 80 46 55 76 19 50 52 46 19 52 55
split_gain=39.6755 15.226 17.2549 13.479 12.036 12.2259 11.3658 13.2906 11.1626 12.9883 24.5785 14.8745 16.8543 12.345 10.9669 10.6221 13.1055 10.447 10.1577 9.48289 11.6744 9.22254 8.69567 8.53085 8.40069 11.0151 8.13413 7.45651 6.62771 20.9082
threshold=0.94180710630812514 0.53191836780713742 1.5000000000000002 0.01907953294838927 0.13500000000000004 -0.22220448059127071 1.2550000000000001 0.58572190618839837 2.7200000000000002 0.54006272797373056 0.03000000000000003 0.03000000000000003 0.14412705021568356 2.6050000000000004 0.21291718963877995 0.72610080310163394 0.24500000000000013 0.23036890645586303 2.0081464451097717 1.0000000180025095e-35 0.12312413317546879 0.31000000000000011 0.20452221602528356 0.3515027719989578 -0.41171655780027555 2.7200000000000002 0.66067527454454422 0.0028867928096925071 1.6250000000000002 0.21999999999999989
decision_type=8 10 2 10 2 10 2 10 2 10 2 2 10 2 10 10 2 10 10 2 10 2 10 10 10 2 10 10 2 2
left_child=4 8 3 6 5 -1 18 -8 9 10 27 12 -11 -12 -13 -10 -17 -7 -3 20 -6 -18 -21 -19 25 -22 -26 -2 29 -24
right_child=1 2 -4 -5 19 17 7 -9 15 11 13 14 -14 -15 -16 16 21 23 -20 22 24 -23 28 -25 26 -27 -28 -29 -30 -31
leaf_value=-0.0052030399882056237 0.0077619601779564396 0.00013384600043567926 -0.0029754868262252309 -0.0028820966787060824 0.0024331086879286427 -0.0025932264850857291 -1.1268580378451452e-05 -0.0045573521139402962 -0.00086025533133129376 -0.013714971103224611 -0.00072171099356492746 0.00063112710411834371 0.0010131650751956352 -0.0040776647743469728 -0.00041981139611036133 0.0059842721387805761 9.0404373513358789e-05 0.00017733430486958267 -0.0018226932879095122 0.00079160809961266454 0.0011655943924370634 0.0083508619839412542 -0.0037697965752053011 0.0073163609043246508 0.00067303512572055798 -0.0015689211862637443 -0.00034500440121763913 0.00022203441019240681 0.0005408534504271423 -0.00018820973635403599
leaf_weight=430 273 8617 2826 1756 2106 984 743 883 830 103 34301 11802 89 699 13081 493 838 1280 2051 7749 13274 93 1072 113 10088 986 9536 120 6534 20231
leaf_count=430 273 8617 2826 1756 2106 984 743 883 830 103 34301 11802 89 699 13081 493 838 1280 2051 7749 13274 93 1072 113 10088 986 9536 120 6534 20231
internal_value=-0.000137687 -0.000525646 -0.00119239 -0.000832985 0.000277372 -0.0013276 -0.000539439 -0.00248617 -0.000346112 -0.000410608 -0.000719008 2.44076e-05 -0.00688516 -0.000789086 7.83534e-05 0.0013801 0.00269081 -0.000621107 -0.000241773 0.000340441 0.00062659 0.000933296 5.08206e-05 0.00076763 0.000514005 0.000975876 0.00017796 0.0054864 -0.000155149 -0.000368995
internal_weight=153981 79598 16876 14050 74383 2807 12294 1626 62722 60468 35393 25075 192 35000 24883 2254 1424 2377 10668 71576 35990 931 35586 1393 33884 14260 19624 393 27837 21303
internal_count=153981 79598 16876 14050 74383 2807 12294 1626 62722 60468 35393 25075 192 35000 24883 2254 1424 2377 10668 71576 35990 931 35586 1393 33884 14260 19624 393 27837 21303
is_linear=0
shrinkage=0.025


Tree=27
num_leaves=31
num_cat=0
split_feature=46 36 14 7 51 43 50 60 54 54 55 61 40 9 31 9 55 51 55 27 9 27 54 22 51 54 31 50 41 51
split_gain=38.1803 15.6156 13.7875 11.2835 10.9468 12.0273 10.7725 16.4704 10.7415 17.1449 10.597 17.0298 10.381 10.2975 9.73677 9.39193 9.23507 8.89341 13.2473 8.57581 9.51959 8.18723 8.10712 7.87175 7.77592 7.64905 7.41262 7.44307 7.07355 6.88871
threshold=0.83409535555438541 0.022795637286660123 0.0090031612061497145 -0.11450581756716648 1.6850000000000003 0.38251655949100755 0.27577194883361011 0.76550929407497204 118.87420000000002 120.39400000000002 0.03000000000000003 -0.21648530231245544 0.0081965139016101328 0.14001528687206502 -0.34755536229778644 -0.04074863904776737 0.16000000000000006 2.8650000000000007 0.2349999999999999 1.0000000180025095e-35 -0.24221040318064538 0.042007602396808487 113.62130000000001 1.384621494962887 1.7850000000000004 109.07075000000002 -0.05510618457800847 -1.1661416348380953 -0.15327845528716069 1.3250000000000004
decision_type=8 8 10 10 2 8 8 10 2 2 2 10 10 8 8 10 2 2 2 10 8 10 2 8 2 2 8 10 8 2
left_child=3 6 -3 -1 5 26 7 10 12 -10 11 -2 -7 17 -4 21 -8 22 -19 -18 -21 -16 -6 24 -15 -17 27 -5 -12 -9
right_child=1 2 14 4 13 8 16 29 9 -11 28 -13 -14 23 15 25 19 18 -20 20 -22 -23 -24 -25 -26 -27 -28 -29 -30 -31
leaf_value=0.0026325444922051591 0.0070300692023241313 -0.0001971571178651843 0.0045926247182155244 0.0039862970881490356 4.5565983480314333e-05 0.00082554434287854445 0.0030491128877188963 0.0033843913452556041 0.0068740088212179626 -0.0011871288118237607 -0.0022523063651041521 -0.0030494066950844416 -0.00076419692107664548 -0.00075857254826324936 -0.0019997064754869662 0.00019341916949684287 -0.00023047905685814838 -0.0045180011474278301 -0.00025440450257068701 -0.0046744057320001709 -0.0011438156768787695 -0.0066434989167710292 0.00099495786678570363 0.00026121938412046274 0.0017893204666242267 -0.0012478142150908332 -0.001932775902313842 -0.00057206059525228984 -0.00019850241042772168 0.00083355828269292092
leaf_weight=1340 302 12037 175 242 13913 5497 394 740 376 290 1080 158 4813 822 4966 2757 8329 542 2851 506 8646 250 9452 4529 7897 13660 3196 2794 35262 6415
leaf_count=1340 302 12037 175 242 13913 5497 394 740 376 290 1080 158 4813 822 4966 2757 8329 542 2851 506 8646 250 9452 4529 7897 13660 3196 2794 35262 6415
internal_value=-0.000137603 -0.000445351 -0.000877104 0.000365126 0.000311836 -0.000215108 -0.000208889 1.3721e-06 0.000282376 0.00335684 -0.000211842 0.0035528 8.26782e-05 0.00053868 -0.00125203 -0.00129991 -0.000726334 0.000256071 -0.00093904 -0.00081206 -0.00134042 -0.0022252 0.000429982 0.00110885 0.00154818 -0.00100533 -0.00109238 -0.000204812 -0.000259815 0.00109895
internal_weight=154231 95677 33845 58554 57214 17208 61832 43957 10976 666 36802 460 10310 40006 21808 21633 17875 26758 3393 17481 9152 5216 23365 13248 8719 16417 6232 3036 36342 7155
internal_count=154231 95677 33845 58554 57214 17208 61832 43957 10976 666 36802 460 10310 40006 21808 21633 17875 26758 3393 17481 9152 5216 23365 13248 8719 16417 6232 3036 36342 7155
is_linear=0
shrinkage=0.025


Tree=28
num_leaves=31
num_cat=0
split_feature=69 36 52 12 48 16 55 48 53 60 16 52 60 77 51 9 19 55 19 4 52 49 51 19 48 12 17 12 52 42
split_gain=34.0961 15.0016 11.901 11.2121 9.52714 15.4994 14.4829 31.2608 11.7992 11.3305 9.77553 20.1008 9.63803 9.28902 9.26362 14.1135 9.5435 9.28825 8.38802 18.1304 12.5315 12.1375 10.0092 8.57841 8.06837 7.66659 14.0713 7.46216 7.36657 7.15208
threshold=-0.50431031232766665 0.05653184541981527 0.13500000000000004 0.017471491754389151 -0.61296373461794706 2.4008649182581672 0.015000000000000015 0.2829028891386603 26.575000000000006 0.52029053339573916 1.2892927923298516 0.13500000000000004 0.6430798950094857 0.60275385469305676 1.7850000000000004 0.044732398833998717 0.1392159825793621 0.015000000000000015 -0.021007044062672672 -0.10975187018219189 0.16500000000000004 1.7053401570740798 1.5350000000000004 -0.29348436577902892 -2.1141630950155061 0.036646452020917542 -0.011174935162873821 0.026635212491886426 0.17500000000000002 -0.0073641257586687303
decision_type=10 10 2 10 8 8 2 10 2 10 10 2 8 10 2 8 10 2 10 10 2 10 2 8 10 10 10 10 2 10
left_child=2 4 -1 14 5 8 7 9 24 -6 12 -12 -8 -10 15 -4 -16 -17 19 23 22 -21 -20 -3 -2 -5 -27 -24 -28 -22
right_child=1 18 3 25 6 -7 10 -9 13 -11 11 -13 -14 -15 16 17 -18 -19 20 21 29 -23 27 -25 -26 26 28 -29 -30 -31
leaf_value=-0.0015785951582708811 0.00291077431064596 0.0062619739058737481 0.0010359609223771673 0.0017430808205200902 0.0023907921676604581 -0.0028835912449268353 -0.00049527471174638218 0.0099560259073478187 -0.0039289788788796935 -0.010618270675051743 0.0025428975385909983 -0.0010493400701862127 0.00022105865682658292 0.0030467951660096727 0.00038815191635465507 -0.0069561603334901204 0.0018035200814374903 -0.00080236872548245246 -0.0012749330375452937 -0.0026888118136595301 0.0028605355903777593 -0.0076300187052524551 -0.003484061621360899 -0.00050979290772547173 0.00041671678852096085 0.0038892272835442374 -0.0063226119920482098 -0.0097061252670896936 -0.00083206531876985383 -0.00055394642816666633
leaf_weight=1784 854 128 3317 6157 82 942 32134 244 629 82 1021 20049 18478 145 22430 156 3438 6893 1758 1831 395 377 696 1224 16094 316 212 148 555 11374
leaf_count=1784 854 128 3317 6157 82 942 32134 244 629 82 1021 20049 18478 145 22430 156 3438 6893 1758 1831 395 377 696 1224 16094 316 212 148 555 11374
internal_value=-0.000155499 -0.000395624 0.00042098 0.000503249 -0.000264951 0.000238199 -0.000395322 0.00429299 0.000404743 -0.00409822 -0.000422183 -0.000874778 -0.0002336 -0.00260978 0.000323489 -0.000307477 0.000576627 -0.000940782 -0.00105652 -0.00214399 -0.00078645 -0.00353957 -0.00235675 0.000130763 0.000543031 0.00140165 -0.000532294 -0.00459624 -0.00236693 -0.00043843
internal_weight=153943 108685 45258 43474 90754 18664 72090 408 17722 164 71682 21070 50612 774 36234 10366 25868 7049 17931 3560 14371 2208 2602 1352 16948 7240 1083 844 767 11769
internal_count=153943 108685 45258 43474 90754 18664 72090 408 17722 164 71682 21070 50612 774 36234 10366 25868 7049 17931 3560 14371 2208 2602 1352 16948 7240 1083 844 767 11769
is_linear=0
shrinkage=0.025


end of trees

feature_importances:
dgs2_pit=80
dgs10_pit=69
yield_10y_2y_spread_pit=56
beta_60d_ff_mktrf=42
beta_60d_ff_hml=39
usd_index_pit=36
vol_60d=29
spy_return_20d=27
cs_rank_momentum_120d=26
beta_60d_ff_cma=24
cs_z_momentum_120d=24
return_60d=23
spy_vol_20d=23
price_to_sma_200d=22
vixcls_pit=22
distance_to_60d_high=21
beta_60d_spy=19
cs_rank_beta_60d_spy=18
excess_return_60d_vs_spy=16
spy_drawdown_60d=15
momentum_120d=14
beta_60d_ff_smb=14
beta_60d_ff_rmw=12
distance_to_20d_low=11
downside_vol_decay_60d=11
excess_return_20d_vs_spy=10
downside_vol_20d=9
regime_calm=9
excess_return_5d_vs_spy=7
return_20d=6
cs_z_momentum_60d=6
vol_20d=5
price_to_sma_20d=5
cs_z_momentum_20d=5
cs_rank_vol_60d=5
cs_rank_downside_vol_decay_60d=5
return_1d=4
return_10d=4
vol_5d=4
upside_vol_20d=4
price_to_sma_50d=4
close_open_gap=4
distance_to_60d_low=4
relative_momentum_20d_vs_spy=4
relative_strength_down_days_20d=4
cs_rank_momentum_60d=4
cs_z_beta_60d_spy=4
cs_z_downside_vol_decay_60d=4
return_5d=3
beta_20d_spy=3
macd_hist=3
distance_to_20d_high=3
kurtosis_20d=3
gap_down_absorption_20d=3
cs_z_vol_60d=3
cs_rank_downside_vol_20d=3
cs_z_downside_vol_20d=3
cs_rank_relative_strength_down_days_20d=3
momentum_20d=2
momentum_60d=2
bollinger_z_20d=2
volume_zscore_20d=2
volume_zscore_60d=2
intraday_range=2
cs_rank_vol_20d=2
cs_z_vol_20d=2
cs_z_relative_strength_down_days_20d=2
stress_flag=2
dollar_volume_ratio_20d=1
skew_20d=1
cs_rank_momentum_20d=1
cs_z_excess_return_20d_vs_spy=1
cs_rank_gap_down_absorption_20d=1
cs_rank_beta_stability_price_floor=1
regime_drawdown=1

parameters:
[boosting: gbdt]
[objective: huber]
[metric: l1]
[tree_learner: serial]
[device_type: cpu]
[data_sample_strategy: bagging]
[data: ]
[valid: ]
[num_iterations: 29]
[learning_rate: 0.025]
[num_leaves: 31]
[num_threads: 0]
[seed: 101]
[deterministic: 0]
[force_col_wise: 0]
[force_row_wise: 0]
[histogram_pool_size: -1]
[max_depth: 6]
[min_data_in_leaf: 80]
[min_sum_hessian_in_leaf: 0.001]
[bagging_fraction: 0.78]
[pos_bagging_fraction: 1]
[neg_bagging_fraction: 1]
[bagging_freq: 1]
[bagging_seed: 101]
[bagging_by_query: 0]
[feature_fraction: 0.72]
[feature_fraction_bynode: 1]
[feature_fraction_seed: 101]
[extra_trees: 0]
[extra_seed: 15181]
[early_stopping_round: 0]
[early_stopping_min_delta: 0]
[first_metric_only: 0]
[max_delta_step: 0]
[lambda_l1: 0.3]
[lambda_l2: 1.2]
[linear_lambda: 0]
[min_gain_to_split: 0]
[drop_rate: 0.1]
[max_drop: 50]
[skip_drop: 0.5]
[xgboost_dart_mode: 0]
[uniform_drop: 0]
[drop_seed: 23279]
[top_rate: 0.2]
[other_rate: 0.1]
[min_data_per_group: 100]
[max_cat_threshold: 32]
[cat_l2: 10]
[cat_smooth: 10]
[max_cat_to_onehot: 4]
[top_k: 20]
[monotone_constraints: ]
[monotone_constraints_method: basic]
[monotone_penalty: 0]
[feature_contri: ]
[forcedsplits_filename: ]
[refit_decay_rate: 0.9]
[cegb_tradeoff: 1]
[cegb_penalty_split: 0]
[cegb_penalty_feature_lazy: ]
[cegb_penalty_feature_coupled: ]
[path_smooth: 0]
[interaction_constraints: ]
[verbosity: -1]
[saved_feature_importance_type: 0]
[use_quantized_grad: 0]
[num_grad_quant_bins: 4]
[quant_train_renew_leaf: 0]
[stochastic_rounding: 1]
[linear_tree: 0]
[max_bin: 255]
[max_bin_by_feature: ]
[min_data_in_bin: 3]
[bin_construct_sample_cnt: 200000]
[data_random_seed: 368]
[is_enable_sparse: 1]
[enable_bundle: 1]
[use_missing: 1]
[zero_as_missing: 0]
[feature_pre_filter: 1]
[pre_partition: 0]
[two_round: 0]
[header: 0]
[label_column: ]
[weight_column: ]
[group_column: ]
[ignore_column: ]
[categorical_feature: ]
[forcedbins_filename: ]
[precise_float_parser: 0]
[parser_config_file: ]
[objective_seed: 2051]
[num_class: 1]
[is_unbalance: 0]
[scale_pos_weight: 1]
[sigmoid: 1]
[boost_from_average: 1]
[reg_sqrt: 0]
[alpha: 0.85]
[fair_c: 1]
[poisson_max_delta_step: 0.7]
[tweedie_variance_power: 1.5]
[lambdarank_truncation_level: 30]
[lambdarank_norm: 1]
[label_gain: 0,1,2,3,4,5,6,7,8,9,10,11,12,13,14,15,16,17,18,19]
[lambdarank_position_bias_regularization: 0]
[eval_at: 5,10,25]
[multi_error_top_k: 1]
[auc_mu_weights: ]
[num_machines: 1]
[local_listen_port: 12400]
[time_out: 120]
[machine_list_filename: ]
[machines: ]
[gpu_platform_id: -1]
[gpu_device_id: -1]
[gpu_use_dp: 0]
[num_gpu: 1]

end of parameters

pandas_categorical:[]
