tree
version=v4
num_class=1
num_tree_per_iteration=1
label_index=0
max_feature_idx=42
objective=lambdarank
feature_names=return_1d return_5d return_10d return_20d return_60d momentum_5d momentum_10d momentum_20d momentum_60d momentum_120d price_to_sma_20d price_to_sma_50d price_to_sma_200d macd_hist rsi_14 bollinger_z_20d volume_zscore_20d volume_zscore_60d close_open_gap close_location_in_range excess_return_5d_vs_spy excess_return_20d_vs_spy excess_return_60d_vs_spy relative_momentum_20d_vs_spy spy_return_20d relative_strength_down_days_20d gap_down_absorption_20d usd_index_pit cs_rank_momentum_20d cs_z_momentum_20d cs_rank_momentum_60d cs_z_momentum_60d cs_rank_momentum_120d cs_z_momentum_120d cs_rank_excess_return_20d_vs_spy cs_z_excess_return_20d_vs_spy cs_rank_relative_strength_down_days_20d cs_z_relative_strength_down_days_20d cs_rank_gap_down_absorption_20d cs_z_gap_down_absorption_20d regime_calm regime_rebound stress_flag
feature_infos=[-0.43452090331350879:0.52290083351866889] [-0.61014499786032883:0.88260863646066867] [-0.76666670795573144:1.0566034133703051] [-0.82992956002177165:1.6011328544898928] [-0.85304846129940903:3.1843478105994496] [-0.61014499786032883:0.88260863646066867] [-0.76666670795573144:1.0566034133703051] [-0.82992956002177165:1.6011328544898928] [-0.85304846129940903:3.1843478105994496] [-0.83371665409748386:3.8670393633078328] [-0.69421673038056464:0.66131114246219425] [-0.79930206832555228:0.90110352904013702] [-0.82425537243447611:1.8446390551514207] [-132.53715276993563:80.364006761273146] [0:99.861064002984776] [-4.3588989435444114:4.3588989435883247] [-3.1806480089076707:4.3588989435433447] [-3.1101259120259019:7.6809377036926092] [-0.47064726396441403:0.4210822666140121] [0:1] [-0.61785372931017601:0.89255912114692015] [-0.76226676485515399:1.4709261398977567] [-0.82324954741436951:2.9093527779374631] [-0.77334040331749898:1.3346611088982128] [-0.3098674839759894:0.19880920041384464] [-0.099256665172816158:0.19912924481561101] [-9.4243009236246778:13.933826240627525] [93.247799999999998:125.0587] [0.0020161290322580645:1] [-10.036419127683077:15.738424952473304] [0.0020161290322580645:1] [-8.1746382519581609:16.457532645463687] [0.0020202020202020202:1] [-5.9157233637200122:14.200215155348952] [0.0020161290322580645:1] [-10.036419127683077:15.738424952473304] [0.0020161290322580645:1] [-11.668006201344122:17.853621002907023] [0.0020449897750511249:1] [-9.434540891693187:11.345435387552476] [0:1] [0:1] [0:1]
tree_sizes=3604 3522 3558 3573 3535 3529 3518 3544 3530 3529 3548 3477 3508 3539 3485 3466 3468 3517 3561 3551 3537 3557 3536 3505 3519

Tree=0
num_leaves=31
num_cat=0
split_feature=1 29 3 25 29 24 33 13 39 30 33 25 23 1 29 15 1 16 16 21 30 33 25 3 3 31 38 21 2 33
split_gain=2.70275 3.04391 4.0046 2.0379 1.53586 2.61722 1.51453 1.68359 1.48104 1.55758 1.75164 1.55337 1.28782 1.149 1.39613 1.11567 1.09402 1.06574 1.18302 0.932927 0.895749 1.36434 1.58145 1.56034 1.21419 0.849972 0.848139 0.827637 1.26398 0.900962
threshold=0.036262340899082542 0.40169926385451665 0.02342148203903394 -0.0018030647133860992 0.56678591572294301 0.045926452869683672 -1.0000000180025095e-35 0.049270321961465142 0.60149061624724365 0.93650786541011222 1.1190177237777907 0.0045233671155834225 0.0044603141879213668 -0.012151136663781146 0.17038520169463539 1.9539555212719026 1.0000000180025095e-35 -0.076735250586740147 -0.16002527155681529 0.056050235747892259 0.10471182365432881 -0.13241025299673589 -0.00036236532433994712 -0.13121095802794722 -0.033951195561165264 2.4146214857526256 0.18403162724809069 -0.0073085514481759919 0.030274595455791701 -0.065728498435873375
decision_type=10 10 10 10 10 10 8 2 8 8 10 10 10 10 8 10 10 10 10 10 8 10 10 10 10 10 10 10 8 10
left_child=1 2 20 6 27 19 12 -8 11 10 16 17 -4 14 -5 -15 -10 18 -3 -6 24 23 -23 -22 -1 -11 -13 28 -2 -30
right_child=4 8 3 13 5 -7 7 -9 9 25 -12 26 -14 15 -16 -17 -18 -19 -20 -21 21 22 -24 -25 -26 -27 -28 -29 29 -31
leaf_value=0.00058485248167749722 -0.0062707031960711444 -0.0048818060268378408 0.00052864451274976863 0.0064496824099480633 0.0077608469259864395 -0.0092249776056927395 0.010503853261679729 -0.0026301886033478694 0.0031395273065623619 0.0080932711249482123 -0.0089064628801307898 0.0091261409487814332 -0.012121444725219734 0.008618109323998608 -0.0068845692836361719 0 -0.0018869294262524611 -0.01089094271121392 0.0098165679596863148 0.0002835593098277087 0.0079103612076053768 -0.00026937941267880816 0.0038111431327202171 -0.0019197756959645118 0.0077323160842363778 -0.0033427042195085226 -0.0015071522868791195 -0.0072354958487919913 -0.0020948440166460715 0.0084626167716173248
leaf_weight=46.328898712643422 18.163091097027063 31.042004929855466 8.828287285286935 9.974183291778898 13.579260299564337 14.370724766282363 11.527904943097385 9.6307021874235925 39.706868560519069 17.883305400609974 15.209623434813691 4.6836511535802883 7.7954659777460611 90.29106300289277 7.432816720451231 11.091573443147352 78.033561416959856 22.712117661489174 2.4169937081169328 43.855542592937127 9.2261382994474825 140.46294640615815 97.71096804557601 194.251038196031 22.864210518891923 3.3975235879188395 19.938778272247873 48.412333780666813 8.5779215361690166 8.038689145469105
leaf_count=7948 2874 4561 1278 1578 1886 2061 1304 1064 5469 2695 2107 667 1154 12749 992 1692 11189 2911 261 6836 1504 18880 14742 28750 3800 585 3352 6840 1371 1006
internal_value=0.000217214 0.000748422 0.00161519 0.0051024 -0.00280961 -1.59453e-05 0 0.00436992 -0.00167695 -0.000181131 -0.0012466 -0.00439648 -0.00539935 0.00669681 0.000276063 0.00770999 -0.000114174 -0.00666395 -0.00330052 0.00230197 0.000522269 8.70612e-05 0.00138404 -0.00139365 0.00314476 0.00585291 0.000555164 -0.00509752 -0.001771 0.00281761
internal_weight=1057.44 902.441 667.416 156.572 154.998 71.8055 37.7824 21.1586 235.024 154.231 132.95 80.7935 16.6238 118.79 17.407 101.383 117.74 56.1711 33.459 57.4348 510.844 441.651 238.174 203.477 69.1931 21.2808 24.6224 83.192 34.7797 16.6166
internal_count=154106 131232 97435 21811 22874 10783 4800 2368 33797 22045 18765 11752 2432 17011 2570 14441 16658 7733 4822 8722 75624 63876 33622 30254 11748 3280 4019 12091 5251 2377
is_linear=0
shrinkage=0.025


Tree=1
num_leaves=31
num_cat=0
split_feature=18 29 32 26 29 19 18 26 0 28 13 2 38 28 4 33 17 4 20 20 26 36 16 32 18 11 24 14 19 2
split_gain=5.38891 3.68233 4.55988 5.95328 8.29431 3.62978 3.34964 3.24452 3.17651 3.06402 3.65124 3.15453 3.71314 3.05855 2.6651 2.78474 2.63885 2.46765 2.26598 2.51252 2.93392 2.18848 2.16129 1.82288 3.55017 1.86649 1.65781 1.48882 1.47698 1.70343
threshold=0.0095254231934909974 2.413525381405552 0.95933218432826739 -0.84568777743869183 0.99569599225029437 0.60464701592803827 0.0068679242971763149 -0.52940990025693058 -0.0023095795190880559 0.58315562123451181 -0.056394736788623216 -0.0056067075455774598 0.4537724767326286 0.57113186386576376 0.14835887697668174 0.18398599884355465 -0.17592044865820652 -0.12333759667801424 0.029775098391621738 -0.023063092255286907 1.0608360456064923 0.064921893522299212 -0.011606562604883144 0.61964501074930534 -0.0027365610187532817 0.089015704332833137 -0.0012138561779715393 73.883520293723038 0.94964651487193164 0.037356907126898993
decision_type=8 10 10 8 10 8 8 10 10 8 2 8 8 8 8 10 8 8 10 10 8 8 8 10 10 10 10 10 8 10
left_child=1 2 7 4 -4 6 -5 23 17 13 14 -12 26 28 15 -11 -3 -9 19 -18 -21 -10 -14 25 -25 -1 -13 -7 29 -2
right_child=9 16 3 5 -6 27 -8 8 21 10 11 12 22 -15 -16 -17 18 -19 -20 20 -22 -23 -24 24 -26 -27 -28 -29 -30 -31
leaf_value=0.00038812548661452023 -0.0049204000611537818 0 -0.021842120275418167 0.005097058814693827 0.016912541934126231 0.015152291202883805 -0.016212484043781485 0.0028191539641466718 -0.007523248836361302 -0.0011684963441143984 0.013588610149613059 -0.02391693437816015 0.0065957728185016967 0.019561396765464881 -0.0053907810575545972 -0.026865143175813941 0.0010876318535379137 -0.0039217891372019045 0 -0.032297884009983013 -0.0010156188539683197 0.00061465600942085634 -0.0057244367813411206 0.0069354371853790862 0.0010611039557881495 -0.007168513531803292 -0.006930741450358175 0 0.0082373408109934296 0.0041351165832717264
leaf_weight=529.59736667457037 62.045668899780139 14.950279558310283 9.2384612455498409 43.274740796070546 3.9030003561638287 35.190370705444366 3.8524800618179134 36.492566376691684 20.492775446502492 4.2023905792739269 4.6871598453726619 6.292641062987971 14.698605536716057 3.0956657929345957 14.914855198003353 12.199603015324099 2.2599652248900375 275.26201271940954 5.7618482790421686 7.04659618996084 3.1885352600365868 411.35893162153661 18.921878360211849 81.91614755988121 307.74144318047911 20.021160435862839 13.743546342942862 5.5572310064453623 6.511972378473728 14.467407148564233
leaf_count=46733 5523 861 255 2035 67 1508 173 3826 1981 324 213 225 1224 130 646 448 75 22628 693 166 167 33621 1976 4907 18746 1713 1086 472 477 1214
internal_value=-0.000199259 0.000202262 0.00036229 0.00548982 -0.00935703 0.00789047 0.00284058 4.63604e-05 -0.00118163 -0.00436551 -0.00758042 -0.0035788 -0.00547962 -0.000874387 -0.0143977 -0.0212359 -0.0078893 -0.00310098 -0.0139582 -0.0194991 -0.0243377 0.00019139 -8.10681e-05 0.00102678 0.00233273 8.42234e-05 -0.0136687 0.0133039 -0.00199325 -0.00307422
internal_weight=1992.89 1817.11 1783.9 101.016 13.1415 87.8748 47.1272 1682.88 743.606 175.781 89.6607 58.3438 53.6567 86.1207 31.3168 16.402 33.2072 311.755 18.2569 12.4951 10.2351 431.852 33.6205 939.276 389.658 549.619 20.0362 40.7476 83.025 76.5131
internal_count=154113 140627 138665 4510 322 4188 2208 134155 62056 13486 6142 4724 4511 7344 1418 772 1962 26454 1101 408 333 35602 3200 72099 23653 48446 1311 1980 7214 6737
is_linear=0
shrinkage=0.025


Tree=2
num_leaves=31
num_cat=0
split_feature=32 9 1 14 18 14 9 31 3 21 32 24 4 27 27 38 31 1 31 32 22 24 26 9 4 32 31 25 18 27
split_gain=18.9742 8.34054 4.94311 8.28479 7.09522 4.81963 4.69717 8.45042 4.50851 3.92597 3.79127 3.71629 3.54438 4.18837 5.61491 3.40254 3.27139 3.88002 3.09995 3.08656 2.87859 3.52615 2.71514 3.20362 2.18673 2.0838 2.02525 2.02011 1.86804 1.82724
threshold=0.95933218432826739 0.32969390002533178 0.037563075776089423 57.924881804277241 -0.012725875344337645 55.084436585348257 0.44883151252855108 0.903828425201049 -0.028573841520305784 -0.011530528902503221 0.62344387623327668 0.0086241277224008445 -0.18690598913568232 119.08110000000001 117.26100000000001 0.56473521743408128 0.28189600505571005 -0.020181567919939022 -2.1015296390078411 0.37553195342351647 0.23341980872888515 0.0076816179409272553 -0.69106136444022959 0.20889892649820244 0.17924868969867827 0.80846584546472566 1.2924016727759629 0.0052993450783871783 0.011809070141876229 123.69855000000001
decision_type=10 10 10 8 10 10 8 10 10 10 8 10 10 2 2 10 10 10 8 10 10 10 10 8 10 8 10 8 8 2
left_child=10 16 3 6 -5 11 7 -3 -8 -7 12 -4 29 14 -14 -6 -2 -18 -12 -15 21 -19 23 26 -11 -24 -20 -27 -25 -1
right_child=1 2 5 4 15 9 8 -9 -10 24 18 -13 13 19 -16 -17 17 20 22 -21 -22 -23 25 28 -26 27 -28 -29 -30 -31
leaf_value=0.0046116004402740668 0.011085657610570725 -0.0074394222538101034 -0.00020387485435209454 -0.013146671097658436 0.010400527631185538 -0.019213744260917105 0.011507142204207539 0.017126080584983921 -0.0032681916020028154 -0.0088836716422584644 0.018517504751762282 0.025350246130603077 -0.003287681458151464 -0.023549504317165404 0.0066020093655161875 0.020038719873963565 0.0086579391420266976 -0.01992241256248814 0.0019744279739124545 -0.0032402171778340774 0.0041095043253617149 -0.001422399166052074 -0.0046200558069425714 -0.0013842673813308649 0.0032120132901368782 -0.0018039588034305023 0.0092342836407973885 0.0047604696754058543 0.0096701105288796128 -0.0094788043324715143
leaf_weight=54.877225258620456 6.0175919274333856 10.966236506123094 5.5451380389276874 5.0037316898815325 71.112143402220681 6.5918313437141469 15.076301190070806 29.401025475701317 60.917173279216513 11.527937665581701 4.3331928469706327 6.4618766377680004 622.03905719483737 9.7186136151431146 36.504955854965374 43.950282921083272 6.8739890751894555 18.325224396074194 234.96728850889485 10.70785775745753 5.8629971605259916 11.275334243895484 125.51508456235752 285.90992625907529 33.908878805814311 131.24049853498582 26.729863694403321 36.235126283019781 8.5612227958627027 4.9878718431573352
leaf_count=5166 101 220 98 86 1176 52 278 382 853 263 190 107 77592 1061 4510 691 151 276 12325 1175 112 191 13277 15876 1046 12001 852 3209 601 407
internal_value=-0.000100486 0.00516597 0.00672431 0.00838764 0.0129903 0.000426828 0.00349053 0.01025 -0.000106448 -0.00281824 -0.00126189 0.0140346 -0.00257196 -0.00309231 -0.00271709 0.0143154 -0.00429407 -0.00689761 -0.000117019 -0.0140204 -0.010302 -0.0134489 -0.000246927 0.000769084 0 -0.00219633 0.00278325 -0.000315448 -0.000999573 0.00315159
internal_weight=1941.15 348.818 300.463 236.427 120.066 64.0357 116.361 40.3673 75.9935 52.0286 1592.33 12.007 738.836 678.97 658.544 115.062 48.3551 42.3375 853.492 20.4265 35.4636 29.6006 849.159 556.168 45.4368 292.991 261.697 167.476 294.471 59.8651
internal_count=154325 6083 5252 3686 1953 1566 1733 602 1131 1361 148242 205 89911 84338 82102 1867 831 730 58331 2236 579 467 58141 29654 1309 28487 13177 15210 16477 5573
is_linear=0
shrinkage=0.025


Tree=3
num_leaves=31
num_cat=0
split_feature=33 4 33 29 12 26 4 18 15 19 18 24 13 13 26 29 33 18 29 24 24 24 22 23 16 18 2 37 26 24
split_gain=39.1418 6.29836 6.59324 5.88482 6.41131 10.4238 4.69228 4.16474 3.83435 3.9339 3.26996 3.20617 3.45314 2.90767 2.69513 2.66232 2.42826 2.33084 1.85026 1.64421 2.66137 1.53652 1.52891 1.31 1.26633 1.24538 1.19779 1.10375 1.04102 1.01266
threshold=1.7141006135769687 -0.1957636220457524 -0.016548956142339307 -1.0555605314386314 0.13490999458331546 0.1447329500656864 0.61440839756171106 0.0026296697606813615 1.8928531717401926 0.65933980712610485 0.0026296697606813615 -0.0067839119799723005 0.84212784336863944 0.38222110191366138 -0.50495558721093292 0.30770278662135753 -1.5925282448527731 -0.0054054075116425253 -3.0734073757243388 0.015670882025268121 -0.0013371485254227709 -0.054272879783843035 0.10569949966262539 0.14358993028778436 -1.0855327668122918 0.019109650552529282 0.041016070276306056 0.94522103575154259 0.32131205223518117 -0.014492460235348335
decision_type=10 8 8 10 8 8 10 10 10 8 8 10 2 2 8 10 10 10 8 10 10 10 8 8 10 10 10 10 8 8
left_child=1 11 19 10 5 -5 8 27 9 -6 -2 29 14 18 16 -16 -13 -10 -4 20 -3 -15 -20 -9 -23 28 -22 -8 -21 -1
right_child=3 2 13 4 6 -7 7 23 17 -11 -12 12 -14 21 15 -17 -18 -19 22 25 26 24 -24 -25 -26 -27 -28 -29 -30 -31
leaf_value=0.00045822727471751834 0.024614690024464484 -0.0053799216528154954 -0.01888312878898633 0.013259481235581709 0.0053841144494834181 -0.02636749515895356 -0.0010517758068509821 -0.023167875841128283 -0.015928051290801448 0.011071631302398256 0.0034988583207797262 -0.012208837671769574 -0.0073538187409752445 0.0068865689739453333 0.014961817035131783 -0.0053828015252592142 0.009020311311071982 0.0019555402113083978 -0.0012081145279241661 -0.0080358720052966411 -0.0011993039013660457 -0.013872458581057401 0.0010632844787334247 -0.0021351057446356088 -0.0044690482325074688 -0.016837633197181404 0.0060815943630259392 0.013639947891550059 -0.0042831764491817808 -0.0099992405493236746
leaf_weight=35.239615539554507 16.7855772273615 133.22200414864346 2.1993593382649124 6.0411494916770589 171.03833780402783 8.3947907718829793 5.0756863318383711 5.3558889189735037 4.1122147839050731 156.13503206020687 7.9527064333669868 4.980585545534268 6.7427011779509476 4.86027493700385 37.610806023236364 3.3051925397012374 6.1332334121689183 29.504587453091517 489.1506685751956 84.117610961897299 90.772036982001737 10.640533830272032 293.8916722262511 4.1535691095050424 81.919936969294213 6.3663135035894802 15.464550785953177 4.4726447109133005 153.08554703020491 5.4880641892086706
leaf_count=2486 168 18778 64 109 2822 109 81 70 96 1771 131 253 422 367 1367 213 414 737 44742 12579 13448 977 18409 105 7641 951 2067 96 22490 187
internal_value=0.000117058 -0.00180665 -0.0022535 0.00684745 0.00603746 -0.00955982 0.00667815 -0.00493847 0.00732682 0.00815172 0.0185916 0.00420588 0.0078988 -0.000955255 0.0101375 0.0130338 -0.000146966 -0.000490257 -0.000435918 -0.0046021 -0.00304222 -0.00500898 -0.000345727 -0.0159501 -0.00579375 -0.00608259 -1.35465e-05 0.00588686 -0.00567918 -0.00101789
internal_weight=1884.21 1465.19 1365.69 419.022 394.284 14.4359 379.848 19.0578 360.79 327.173 24.7383 99.5002 58.7725 882.662 52.0298 40.916 11.1138 33.6168 785.242 483.028 239.459 97.4207 783.042 9.50946 92.5605 243.569 106.237 9.54833 237.203 40.7277
internal_count=154150 147855 142513 6295 5996 218 5778 352 5426 4593 299 5342 2669 72200 2247 1580 667 833 63215 70313 34293 8985 63151 175 8618 36020 15515 177 35069 2673
is_linear=0
shrinkage=0.025


Tree=4
num_leaves=31
num_cat=0
split_feature=32 8 32 25 27 39 39 29 27 25 27 25 2 8 11 16 11 38 3 3 29 11 10 8 37 14 38 32 3 9
split_gain=40.2277 18.9084 7.89295 7.09995 6.57288 4.76535 7.08592 8.07948 4.52643 4.46666 4.60597 4.03308 3.96766 4.9476 4.65999 3.87525 3.63606 3.91766 3.47046 3.3893 4.03702 3.30497 4.28891 3.19695 2.8876 2.74399 2.40892 2.39875 2.63811 2.28425
threshold=0.95933218432826739 -0.18690598913568232 0.57999946805916969 -0.0077799450803218888 118.87420000000002 0.68268631334265739 1.2663659781514764 0.19602078279354154 117.26100000000001 0.0018784177182164107 108.02950000000001 0.0024674260255744987 0.026372568626937491 0.093004199909478738 0.049971715035608939 -0.52132029913345146 0.027519779572811379 0.66760169958297289 0.07878586587912341 -0.027735237713396917 0.26257898359718645 0.082134919161744105 0.033563876134175559 0.15664068333968131 0.2820557403414195 38.137681657775133 1.0000000180025095e-35 0.016931235890636762 -0.098396960547926335 -0.32459048273431573
decision_type=10 8 8 10 2 10 10 10 2 10 2 10 10 10 10 10 10 8 10 10 10 10 10 10 10 10 10 10 10 10
left_child=1 19 4 16 8 9 21 -8 -3 12 -11 -12 13 -5 -14 -9 25 -18 23 27 29 -7 -23 26 -25 -2 -4 28 -1 -21
right_child=3 2 18 5 -6 6 7 15 -10 10 11 -13 14 -15 -16 -17 17 -19 -20 20 -22 22 -24 24 -26 -27 -28 -29 -30 -31
leaf_value=0.0027662790260775702 0.0088091224071000993 -0.005866345776185289 0 -0.0079656711840564633 -0.022910611998955926 0.021220958281127852 0.020542253563364858 0.0064381525976339353 0.0034613125313966106 0.014953233648634826 0.016999066346150473 0.0025535280153530498 0.0083727360752023413 0.0064864821132330263 -0.0083394646286054676 -0.0087015278162057789 0.016236609367184553 -0.0034013814562159684 -0.0053457355140892407 0.023579916627150987 -0.0036707290571547178 -0.0023709654464762037 0.014990630962296497 -0.00092605569973574142 0.0060512567002455261 0.02892323637052276 -0.0037237062296028947 0.00035577899609888931 0.017237834106696753 0.0095024720883593143
leaf_weight=24.513584866421297 9.4742598258890229 449.41282749467064 224.15328466612846 17.015221704728901 12.684313321253283 29.668002472259104 10.729449756676329 15.946048347279428 33.236796483863145 30.814813504461199 12.706135008716954 119.53816484182607 11.902081599691881 72.883508459082805 46.317559465300292 25.41196814016439 12.209878965048121 10.435786151792852 125.41834971844219 11.464331370312719 8.8431880765128863 12.362475312780587 23.580700930673629 73.44259938201867 70.081058048410341 14.847344754729418 212.37383753305767 76.717893110588193 12.185437113977967 34.113681817660108
leaf_count=571 91 72004 19531 284 2211 287 93 170 3923 382 157 1745 145 808 695 334 169 113 12276 232 623 110 293 5020 3739 123 23367 3467 229 809
internal_value=-1.84202e-05 -0.0021998 -0.00330306 0.00622978 -0.00572439 0.00516316 0.00946817 0.00232478 -0.00520152 0.00348072 0.00632187 0.00413805 0.000277087 0.00359988 -0.00469661 -0.00267108 0.0154425 0.00715657 -0.00158552 0.00561657 0.0107392 0.0148833 0.0089336 -0.000750223 0.00245099 0.0221644 -0.0018237 0.00300644 0.00816293 0.0137178
internal_weight=1844.48 1368.64 1200.8 475.843 495.334 428.876 117.699 52.0875 482.65 311.177 163.059 132.244 148.118 89.8987 58.2196 41.358 46.9673 22.6457 705.469 167.838 54.4212 65.6112 35.9432 580.051 143.524 24.3216 436.527 113.417 36.699 45.578
internal_count=154001 148002 142071 5999 78138 5503 1287 597 75927 4216 2284 1902 1932 1092 840 504 496 282 63933 5931 1664 690 403 51657 8759 214 42898 4267 800 1041
is_linear=0
shrinkage=0.025


Tree=5
num_leaves=31
num_cat=0
split_feature=33 4 32 9 29 36 2 23 38 14 19 9 21 19 26 38 26 18 7 4 30 21 4 38 9 32 17 26 9 16
split_gain=41.5712 21.6314 7.65381 5.67139 4.96754 8.09812 5.20776 4.60652 4.33482 3.87772 4.22794 3.59107 3.42788 2.89495 2.74566 4.42304 2.7256 2.70498 2.66191 2.53879 2.45861 2.41626 2.60578 2.1983 4.99458 3.32747 2.14591 2.13069 2.09255 2.53517
threshold=1.7141006135769687 -0.18690598913568232 0.62344387623327668 -0.32459048273431573 0.27140850763825058 0.50426441171122038 -0.099689536408511789 -0.069425193147422501 0.84492824747850814 52.207504992820674 0.50000014901166534 0.70992672529609457 -0.08931648322832951 0.88607568195298836 -0.21610159116602726 0.54488171786933404 -0.60730395627140943 0.015546188447251268 0.048258582342509022 0.1464445816042779 0.02098638197417332 0.031627927009297958 0.15450184917871904 0.37054101628775032 0.70992672529609457 0.97486908239256875 0.12737716074875191 0.51819027729139699 0.10380636392564492 2.5275232201597011
decision_type=8 8 8 10 8 10 10 10 8 10 8 8 10 10 8 10 10 10 10 8 10 8 8 10 8 8 10 8 10 8
left_child=1 3 -3 7 6 13 11 14 -4 10 19 -2 -8 -6 -1 -16 -15 26 -9 -7 -20 22 -10 24 -14 -25 -11 -12 29 -5
right_child=4 2 8 28 5 9 12 18 21 17 27 -13 23 16 15 -17 -18 -19 20 -21 -22 -23 -24 25 -26 -27 -28 -29 -30 -31
leaf_value=-0.0050301449439880304 0.0067145093946047885 -0.0058808063560806282 -0.0045139532407175026 0.00046955800551019074 -0.0057406211238741518 -0.0044892932480254623 0.019870744621816649 0.021805904547892968 -0.00047221509856058467 0.010060472216730086 -0.00079494195373259471 -0.015606940764391558 0.0085263176782076917 -0.0076751608819776163 0.020038945598753247 -0.0033532167958204248 0.013135293231656587 -0.0054946901967728688 -0.011537188187560447 0.01565065542627574 0.01389769156444913 -0.0024750115923781991 0.0049409930012867817 0.0044846405211034241 -0.0081692265907828462 0.015867051260492333 0.0036944914156772017 -0.021325217606246425 0.017202806640969553 0.014686916842992706
leaf_weight=11.211892981780691 7.8946452441159618 507.72384719923139 221.54259451874532 110.55027514067478 56.323784126900136 5.3814755238126981 22.829768109833822 25.479917746735737 150.7911095218733 133.87619689060375 7.1123062283731979 7.4070669759530574 63.486628137063235 4.5478095747530469 10.08288558479399 7.7591314718592903 10.236501360544931 7.7987846659962079 2.8105488298460832 7.7851874446496367 4.3186388330068439 164.31015989894513 84.777743631275371 27.995125440647826 12.100616946583612 51.216920550330542 52.086559781106189 6.1743023952003568 4.5821298237424335 7.3768347520381203
leaf_count=616 74 84267 26154 3984 1087 101 194 350 13962 1769 106 93 817 104 170 205 144 219 93 142 174 13226 3622 351 263 543 898 94 73 219
internal_value=4.44469e-06 -0.00230023 -0.00360061 0.00560352 0.00626051 0.00412599 0.00939954 0.011745 -0.00171781 0.00649714 -0.00218016 -0.00398528 0.0106135 -0.00309946 0.00392087 0.00990206 0.00616895 0.0077264 0.0181077 0.0072096 0.00275248 -0.000141111 0.00145941 0.00905783 0.00566999 0.0120645 0.00835261 -0.0118293 0.00236772 0.00156086
internal_weight=1797.57 1313.32 1129.15 184.172 484.254 291.323 192.931 61.663 621.422 220.215 26.4533 15.3017 177.629 71.1081 29.0539 17.842 14.7843 193.762 32.6091 13.1667 7.12919 399.879 235.569 154.799 75.5872 79.212 185.963 13.2866 122.509 117.927
internal_count=154114 147115 141231 5884 6999 4664 2335 1608 56964 3329 443 167 2168 1335 991 375 248 2886 617 243 267 30810 17584 1974 1080 894 2667 200 4276 4203
is_linear=0
shrinkage=0.025


Tree=6
num_leaves=31
num_cat=0
split_feature=32 4 28 32 9 25 4 21 25 18 38 25 16 22 25 37 3 37 22 17 42 38 22 31 9 22 26 15 2 38
split_gain=45.4253 22.7709 11.821 7.66207 7.21529 6.38477 4.46969 4.49632 3.27733 3.15089 3.02288 2.94377 3.31189 3.02254 2.89776 2.83658 3.26562 2.69894 2.57567 2.52441 3.53975 2.35483 2.32585 2.10833 2.27132 2.07187 2.61844 2.38337 2.00878 1.98751
threshold=0.95553201506591356 -0.18690598913568232 0.10885026826521828 0.62344387623327668 -0.30180265298752351 0.0031204792821519617 0.13537104739847552 0.048430541156176961 0.0078806224147347417 0.0031420497589536123 0.49731901558277275 0.0042987533198532027 -0.34722924343004269 0.12194151872976906 -0.010551636801906768 -0.29609720183596849 -0.098396960547926335 0.3328553184932101 -0.34519108244699315 -0.40088390671597701 1.0000000180025095e-35 0.99380485121408302 0.40197093464272676 -1.7786363828488183 -0.2679573375709432 0.20060876784053763 -0.15998423382072732 1.996745410882127 0.01716524120882568 0.31501789976133659
decision_type=10 8 10 8 10 10 8 10 10 10 10 10 10 10 10 10 10 10 10 10 2 8 10 10 10 10 10 8 10 10
left_child=1 4 9 -3 5 15 21 17 10 -2 25 13 -13 -12 29 16 -1 -8 -17 22 -21 -5 -10 24 -16 26 -4 -27 -23 -6
right_child=2 3 8 6 14 -7 7 -9 19 -11 11 12 -14 -15 23 18 -18 -19 -20 20 -22 28 -24 -25 -26 27 -28 -29 -30 -31
leaf_value=0.002232012244575623 0.023620136790124667 -0.0064047236681753121 0.005598799097080949 -0.0070385701779855066 0.00014038547687374037 0.027980560675446381 -0.00090226407863290114 -0.0052522329691483067 0.017689963564139707 0.0062369511488434377 0.0015599092123936022 -0.0073561186204448006 0.0073205027941700132 0.010521029415336905 -0.0064260384823503899 -0.017872909650031073 0.013902462812122289 0.0044104281818144481 0.0038545551042354544 0.00055673038705182577 0.01344333862086484 0 0.00069761941631360329 -0.003064449088768015 0.0072663641615127077 0 -0.0042217620177441599 -0.014845426257301012 -0.0058052219425249098 -0.012452191354363526
leaf_weight=26.667972994968295 28.981617422308773 479.71539153519552 95.337041821097955 121.77742019307334 14.060634520370515 10.340308696031569 119.38651162816677 76.839174740947783 28.98777080909349 11.35666428809054 34.549199900124222 17.61549034807831 18.426507682539523 94.697274427162483 7.2277997760102144 3.590714384103193 41.098789973068051 114.28330475534312 9.8880837231408787 35.854330777190626 21.426047798711807 93.449266311014071 7.2864205259829751 23.286206914810464 54.819128287723288 69.03798690973781 18.776212024968117 6.2096336337272069 59.422045301413164 13.696549117565153
leaf_count=936 174 84174 1591 19310 596 171 9460 7852 331 128 458 189 267 1082 158 47 576 4558 260 546 335 9233 80 1745 966 968 276 157 6852 510
internal_value=-8.87995e-05 -0.00258596 0.00637556 -0.00405778 0.00501412 0.0101877 -0.00211179 -2.99959e-05 0.00515388 0.0192283 0.00399448 0.00647174 0 0.00821949 0.000695676 0.00745795 0.00953733 0.00167339 -0.00241058 0.00936356 0.00568223 -0.00442784 0.0146085 0.0030377 0.0054611 0.00176564 0.00389076 -0.00136949 -0.00226083 -0.00607284
internal_weight=1758.09 1269.55 488.542 1064.87 204.676 91.5859 585.158 310.509 448.204 40.3383 354.649 165.288 36.042 129.246 113.09 81.2456 67.7668 233.67 13.4788 93.5546 57.2804 274.649 36.2742 85.3331 62.0469 189.361 114.113 75.2476 152.871 27.7572
internal_count=153986 147404 6582 141439 5965 1990 57265 21870 6280 302 4988 1996 456 1540 3975 1819 1512 14018 307 1292 881 35395 411 2869 1124 2992 1867 1125 16085 1106
is_linear=0
shrinkage=0.025


Tree=7
num_leaves=31
num_cat=0
split_feature=33 4 34 26 9 14 26 27 2 4 11 25 27 25 2 4 34 17 25 27 2 37 31 21 19 3 9 1 10 16
split_gain=49.8591 25.8605 7.98682 7.70038 7.4008 9.08711 4.94449 5.53788 4.01126 3.60479 3.03515 2.89157 2.64022 3.99804 3.02699 2.92677 2.80999 2.56741 2.41108 2.37127 2.18673 2.18142 2.11188 2.03407 1.91558 2.12283 1.8669 2.44778 1.84964 1.84347
threshold=1.7141006135769687 -0.18690598913568232 0.1407406246080522 -0.50495558721093292 -0.30180265298752351 66.135574728836957 0.93918354423888817 118.87420000000002 -0.072439922727784531 0.15450184917871904 -0.13528783406658498 0.0031204792821519617 112.77090000000001 0.009491389855147617 0.029780648232202615 0.20159871944563804 0.95592859785423612 2.0724306357756932 0.0054918434776049692 117.27835000000002 -0.0078792880740591303 -0.8682371935183274 -1.0014192796686672 0.052106787534922712 0.61734750478151212 -0.016682383295265998 -0.30180265298752351 -0.058866469906507228 0.12400880860323239 -0.73000913744922424
decision_type=10 8 10 8 10 10 8 2 10 8 10 10 2 10 8 10 10 10 10 2 10 10 10 10 10 10 8 10 10 8
left_child=1 3 8 24 5 11 7 19 -2 -8 -6 -5 17 14 18 -16 -15 21 -14 -3 -10 29 -12 -11 25 -1 -26 -28 -23 -4
right_child=2 6 12 4 10 -7 9 -9 20 23 22 -13 13 16 15 -17 -18 -19 -20 -21 -22 28 -24 -25 26 -27 27 -29 -30 -31
leaf_value=-0.0032947415492231751 0.003124106917070853 -0.0060171943839159286 -0.0081489859692487031 0.012531975171449751 -0.0049230198804732749 -0.014872614886723279 -0.0041907418120609042 -0.018319123054132577 0.025089461700487536 0.0010221615534727905 0.0066837056508367966 0.02641604481099423 0.006135063212227022 0.016890856243509993 -0.0088540410280153314 0.0013883017981492698 0.0030375408697251392 -0.0044894459858665862 -0.00578958040908933 0.0023319922419377482 0.010614156652016697 0.0095230893015445552 -0.0090959109633216642 -0.005377932952278279 0.013657336538283195 -0.019809417142499806 0.013039639442420295 -0.011678131218037758 -0.00159662981405048 0.0057546887945503708
leaf_weight=22.547850917442702 13.454954580403863 395.6353708805982 8.0011259159073216 60.643996499129571 22.910630491096526 5.4779672787990412 381.89081460493617 22.253925696015358 23.523099048994482 173.58019004086964 60.408326718606986 13.768984113819895 86.652498686220497 20.418579103425145 24.185654474189505 52.225799867883325 19.687928647501394 9.0944519038312119 10.451664624386465 20.523153124377131 15.901786384405566 182.31598487170413 4.379889724077656 36.486461138352752 5.2103452200535685 5.9781555021181729 2.4091321586165577 6.3492909157648665 8.3113914253190142 15.339596497593449
leaf_count=934 112 64563 92 1097 1068 100 57848 3942 154 8128 1237 112 1110 233 425 787 289 173 165 3240 114 2270 697 4445 179 207 78 272 145 204
internal_value=2.69953e-05 -0.00263506 0.00677731 0.00532202 0.00773714 0.013209 -0.00426902 -0.0062938 0.0159504 -0.00274709 0.00255707 0.0155787 0.00560871 0.003524 0.00179393 -0.00184373 0.0105578 0.00754222 0.00472027 -0.00558196 0.0199215 0.00811065 0.00535729 -7.82029e-05 -0.00398193 -0.00766797 0.00306211 -0.00337401 0.00899221 0.000517523
internal_weight=1730.02 1240.45 489.565 210.085 167.59 79.8909 1030.37 438.412 52.8798 591.957 87.6988 74.413 436.685 213.622 173.516 76.4115 40.1065 223.063 97.1042 416.159 39.4249 213.968 64.7882 210.067 42.4948 28.526 13.9688 8.75842 190.627 23.3407
internal_count=154420 148147 6273 5981 4311 1309 142166 71745 380 70421 3002 1209 5893 3009 2487 1212 522 2884 1275 67803 268 2711 1934 12573 1670 1141 529 350 2415 296
is_linear=0
shrinkage=0.025


Tree=8
num_leaves=31
num_cat=0
split_feature=33 4 9 28 39 27 4 3 26 31 31 1 18 30 12 25 17 29 30 30 23 26 24 18 10 31 31 27 27 16
split_gain=40.6498 30.5412 10.8913 7.20568 6.94481 7.02066 6.03255 5.11147 4.78775 3.29952 3.53014 3.12697 2.97088 3.5836 3.53802 3.53139 5.30288 3.54119 2.90233 2.78878 2.7209 2.65669 2.55316 2.59407 3.53334 2.59878 2.3012 2.14274 2.32162 2.04535
threshold=1.7141006135769687 -0.18690598913568232 -0.30180265298752351 0.16474657425533043 1.0708336993602032 118.87420000000002 0.15450184917871904 -0.098396960547926335 -0.78949913567166596 -0.34400497663939616 -1.3913717875410625 0.015020095969618509 0.0043884891228985418 0.99787007213174261 0.21173817444255597 0.0089491291145351679 -0.42217334868339956 0.38299489361604716 0.0085745007398149112 0.91354117830911086 0.051624523087686509 0.8493835999432322 -0.036119878947647226 0.0075761866643520087 0.033076291492097683 -2.511366157238164 -1.1343256467610507 118.19035000000001 114.62540000000003 -0.56863423734521945
decision_type=8 8 10 10 8 2 8 10 8 10 10 10 10 8 8 10 10 10 10 10 8 8 10 10 8 10 10 2 2 8
left_child=1 2 7 8 5 -3 -6 11 -2 10 -10 -1 13 15 -14 17 -17 -5 -13 -11 -8 29 -4 25 -25 -24 -9 28 -16 -15
right_child=3 4 22 12 6 -7 20 26 9 19 -12 18 14 21 27 16 -18 -19 -20 -21 -22 -23 23 24 -26 -27 -28 -29 -30 -31
leaf_value=0.0078942122490884888 -0.0038375717649594648 -0.0060659977010087424 -0.0085182751647178076 0.0086687001162781586 -0.0045535227938287492 -0.021353170205287236 0.0025468054340298876 0.017647723225061092 0.016959600497609608 0.024261729892517743 -0.0057565163145601303 0.0069417477536499713 -0.0099657661347784809 0.015752638416312009 0.0042020227327230365 0.021897579339392181 0.0052108728272179782 0.0024993726729868717 -0.01915817683004311 0.0094978237754291418 -0.0043194798456884977 -0.012068447532209269 -0.0063019545903279899 0.017041441197835374 -0.0092526642646228296 0.003470850689024696 0.0013768819571503745 0.015414179740900839 -0.0036256402523415195 -0.0057609586960269549
leaf_weight=30.264921872178093 7.6884627274703234 413.26508154394105 15.955563976662232 108.12802266748622 336.50910072447732 19.207814729772508 152.21118901018053 58.151815110468306 6.4308233240153632 27.907216542167589 8.1055039810016734 3.3141785333864373 13.820105514256282 4.4158836763817817 77.806902229320258 21.584626277908683 30.379571189871058 137.24642262537964 4.9360261040274054 17.152849365025759 45.491597641725093 10.640828517847696 25.281219460070133 11.985921003622931 2.9624960282817492 46.326546646072529 7.3313723288010797 6.910282941418699 31.829134727595374 3.8613991535967198
leaf_count=889 128 70721 1362 1259 54775 3916 6296 611 175 211 73 53 266 82 1170 173 380 2055 159 123 5148 189 440 400 309 1432 208 138 500 100
internal_value=-1.5237e-05 -0.00258787 0.00609973 0.00583559 -0.00445679 -0.00681946 -0.00251907 0.0117525 0.0134664 0.0158538 0.00434335 0.00408338 0.00463624 0.00594932 0.00136861 0.00663146 0.012621 0.00527736 -0.00832985 0.0191959 0.000912632 -0.00415516 0.000223034 0.0020143 0.0110657 0 0.0159961 0.00286421 0.00184721 0.00546638
internal_weight=1687.1 1173.19 206.51 513.908 966.685 432.473 534.212 103.998 67.2849 59.5964 14.5363 38.5151 446.623 316.257 130.366 297.339 51.9642 245.374 8.2502 45.0601 197.703 18.9181 102.512 86.5562 14.9484 71.6078 65.4832 116.546 109.636 8.27728
internal_count=153741 146719 5863 7022 140856 74637 66219 1920 710 582 248 1101 6312 4238 2074 3867 553 3314 212 334 11444 371 3943 2581 709 1872 819 1808 1670 182
is_linear=0
shrinkage=0.025


Tree=9
num_leaves=31
num_cat=0
split_feature=33 4 34 4 27 38 24 32 27 24 27 12 24 38 38 12 15 27 21 2 13 34 18 2 17 38 13 2 20 16
split_gain=35.4472 28.6182 7.62793 5.85086 5.68563 5.47744 4.45717 4.34388 5.33019 4.70905 3.47545 3.59456 3.73481 4.09507 3.41816 2.94486 2.7357 2.68992 2.6851 2.65143 2.64418 2.43291 2.39612 2.37814 2.35163 2.62378 2.31202 2.12995 2.99279 2.77014
threshold=1.7141006135769687 -0.18690598913568232 0.10885026826521828 0.15450184917871904 119.08110000000001 0.84085195662720447 0.0091400810683671691 0.036999011331660205 114.15840000000001 0.018651011508638463 112.11640000000001 0.36935549277000307 0.011359555663341682 0.73462160816529765 0.41418337374910347 0.22210906197025729 2.1197672217581607 118.87420000000002 0.053061152233932048 0.054122172587006474 -0.043268696025309868 0.78897105791116762 0.0025731480348370217 0.088563444345891154 1.5163353599681044 0.10084935261658313 0.43364466254811534 -0.016730757023300343 -0.038418785051624431 0.071519774912829778
decision_type=8 10 8 10 2 8 10 8 2 10 2 10 10 8 10 8 10 2 10 10 2 10 10 10 10 10 2 10 10 10
left_child=1 7 6 4 -3 -5 15 8 9 22 16 17 19 -14 -11 -2 20 23 -7 -13 21 -4 -1 -12 25 -10 -22 28 -9 -29
right_child=2 3 10 5 -6 18 -8 27 24 14 11 12 13 -15 -16 -17 -18 -19 -20 -21 26 -23 -24 -25 -26 -27 -28 29 -30 -31
leaf_value=0.0038557439592203633 0.013396188427579192 -0.0052643177150545426 0.0071273846890665656 -0.007273801683023275 -0.021403477990701629 0.0028064103791497546 0.019878277306197768 0.0048962878193919406 0.0033679231575046036 0.0029286263059615765 0.00022319932303073583 0.0050382043825832178 0.0016792800333840234 0.014775430952284519 -0.01499706612739859 -0.0040225812502090608 -0.0039166634665767936 0.01303844648140621 -0.0056683500494746266 -0.0097143346332459433 0.01127430186848655 -0.001462196082578128 0.017720106637400083 -0.010665533921584258 0 0.019472273849186796 0.0006682327946541997 0.0017029610697394495 -0.004711044385588609 0.012316434056857638
leaf_weight=26.483972830697894 10.553500724025069 641.65150046907365 52.082805830985308 61.267384867416695 13.229553762590511 139.86373649793677 34.133896688465029 32.925341757014394 9.7535795320291054 13.441293729934843 135.65013743564487 16.585363403894011 27.030132472515106 37.741730050416663 10.516464045736937 10.738702696515249 12.329928787192328 8.2320513469167036 26.432408366003074 11.90115111786872 105.04558731266297 30.986699745757505 11.943542209221048 12.492930342443286 5.9505728676449499 35.712888704845682 16.523356394143775 53.456697533838451 48.017200425034389 22.007806109962985
leaf_count=425 66 113619 613 10078 2960 6009 241 1653 183 192 2059 198 399 486 116 121 286 180 4081 163 1368 380 163 274 147 480 241 3167 2775 1265
internal_value=0.000186635 -0.00225638 0.00558802 -0.00443973 -0.00564034 -0.000940372 0.0143362 0.00483443 0.00854739 0.00337049 0.00449871 0.00242235 0.00627392 0.00955388 -0.00498191 0.00453169 0.00682684 4.74805e-05 0.00138363 -0.00101604 0.00752965 0.00385909 0.00876026 -0.000723151 0.014466 0.0163537 0.00991446 0.00204076 -0.000697287 0.00504035
internal_weight=1674.68 1152.65 522.028 882.445 654.881 227.564 55.4261 270.209 113.802 62.3853 466.602 249.633 93.2584 64.7719 23.9578 21.2922 216.968 156.375 166.296 28.4865 204.638 83.0695 38.4275 148.143 51.417 45.4665 121.569 156.407 80.9425 75.4645
internal_count=154388 147313 7075 136747 116579 20168 428 10566 1706 896 6647 3759 1246 885 308 187 2888 2513 10090 361 2602 993 588 2333 810 663 1609 8860 4428 4432
is_linear=0
shrinkage=0.025


Tree=10
num_leaves=31
num_cat=0
split_feature=33 31 12 39 27 26 28 39 27 30 23 30 39 12 21 24 25 28 26 12 30 12 18 18 14 18 30 18 26 30
split_gain=35.5437 31.1933 7.56917 7.3595 6.24744 5.83456 5.60073 6.04066 5.48037 4.82827 4.65615 4.58851 3.71008 3.28108 3.1687 2.98006 2.87247 3.88926 2.9926 3.13729 3.88921 2.8114 2.49858 2.38927 2.3395 1.93389 3.92632 2.88677 1.71825 1.70281
threshold=1.7141006135769687 -1.646112559363494 -0.24553936183268274 1.2968159828238583 118.87420000000002 -0.36761824486922329 0.16474657425533043 -0.37935018803402626 112.84720000000002 0.73368214577342294 -0.070871081242974851 0.796333632019116 0.085800685846400895 -0.20458320450939191 0.052106787534922712 -0.0021242790001379515 0.014799327911685195 0.9896587273069487 -0.8088270918894751 0.24815165069988046 0.98569967864446406 -0.037947835485565844 0.00051428847983476698 -0.0010931606359330618 35.686391851166505 0.0064944272243805407 0.0085745007398149112 0.0035721060662779265 0.70117516572549821 0.92099640125955917
decision_type=8 10 8 8 2 10 8 10 2 8 10 8 10 8 10 10 10 10 8 8 8 8 10 10 10 10 10 10 10 8
left_child=1 5 10 4 -4 21 7 9 -7 -2 -3 -5 -9 15 -13 -10 18 -18 -8 22 -21 25 -20 -19 -15 27 -27 -1 -14 -11
right_child=6 2 3 11 -6 8 16 12 13 29 -12 14 28 24 -16 -17 17 23 19 20 -22 -23 -24 -25 -26 26 -28 -29 -30 -31
leaf_value=-4.0173098166998832e-05 -0.0079676315392699561 -0.0047695723518734762 -0.0061404324827856183 -0.0044213966740740398 -0.019176241659217746 0.003218297750604707 -0.0051105651785739578 0.027191089185973977 0.010062267037651581 0.018137778888952395 0.014745174230046605 0.0019051438885574019 0.0038284616961048856 -0.0034357856310448021 -0.0068210116988936106 0.024667211540512841 0.017994901750414499 -0.011781094542849396 0.0038967318403694651 0.0070816085844806814 0.00046374519186517051 0.011673496203931634 -0.0051421344664704998 0.0082780261077644753 0.011771368424085705 0.01826096531961665 -0.0042304182161356299 -0.015325814664226195 0.017814741400734076 0.0015265228867151633
leaf_weight=41.122366494731978 12.64652823819779 10.504314833669925 403.32371849054471 284.22199899889529 24.232933234132361 44.536279089748859 20.035820413613692 17.172691936139017 20.425009990576655 9.3504936376120913 19.882647948688827 165.87025564955547 14.52407563547604 8.2604282272513974 29.462605227716267 25.460571283008903 20.845954977208748 4.7218063068576148 41.117594541516155 237.93705865577795 75.737595062586479 12.819549188250674 33.578066471265629 8.6133026925381255 16.134076149086468 7.8069742117077139 8.8877884114626777 8.6084153638221306 11.233003417029975 8.1576812977436912
leaf_count=1457 126 878 72477 48577 4997 1293 432 106 310 74 652 9116 110 312 5083 296 230 83 611 3130 1195 488 601 151 485 109 295 254 84 103
internal_value=0.000230181 -0.0022441 -0.00413811 -0.00455733 -0.00694837 0.00683652 0.00566672 0.0121033 0.0104207 0.00304016 0.00783686 -0.00239794 0.0180437 0.0147493 0.00051718 0.0187475 0.00455709 0.0115368 0.00392253 0.00442211 0.00551538 0.00147225 -8.47634e-05 0.000273092 0.00640926 -0.000557802 0.00638737 -0.00313214 0.0107278 0.0113933
internal_weight=1647.23 1131.56 937.498 907.112 427.557 194.061 515.672 73.0845 114.816 30.1547 30.387 479.555 42.9298 70.2801 195.333 45.8856 442.587 34.1811 408.406 388.37 313.675 79.2451 74.6957 13.3351 24.3945 66.4255 16.6948 49.7308 25.7571 17.5082
internal_count=154115 147079 141780 140250 77474 5299 7036 603 2696 303 1530 62776 300 1403 14199 606 6433 464 5969 5537 4325 2603 1212 234 797 2115 404 1711 194 177
is_linear=0
shrinkage=0.025


Tree=11
num_leaves=31
num_cat=0
split_feature=32 4 9 27 3 37 19 30 13 27 39 21 4 25 20 26 24 26 2 25 29 29 5 27 28 37 26 18 27 12
split_gain=27.7744 36.1931 8.07599 4.51382 3.70844 5.07404 3.97038 3.59099 3.56865 3.57286 5.27879 4.31809 3.37806 3.11031 2.73646 2.7065 2.69879 2.51299 2.46574 2.44638 3.98095 2.37504 2.12271 2.08392 1.9297 1.8649 2.54406 1.77755 1.73973 1.5492
threshold=0.95933218432826739 -0.18690598913568232 -0.32459048273431573 119.26805000000002 -0.23118861251298675 -3.5101129199609384 0.91428508369337835 0.056876337184424482 0.43364466254811534 108.19290000000001 -0.58334097249728833 -0.080489866386327699 0.15450184917871904 0.016656837165982163 0.014700742883595465 1.8484155518033942 0.082894945459941152 1.0990684665634449 -0.057186618202434696 0.00095522335115980636 0.23819818115360972 0.72231058103969459 -0.046749439334483049 117.7634 0.053069890376532786 0.73507548749011664 0.45169090227045217 0.004689862274940307 116.01235000000001 0.12375032820254007
decision_type=10 10 8 2 10 10 10 10 2 2 8 10 10 10 8 8 10 8 10 10 10 8 10 2 10 10 10 10 2 8
left_child=1 2 4 12 5 -1 16 21 9 10 -2 18 -3 22 -15 -5 -6 24 -11 20 -12 23 -13 -4 -14 -10 -27 -21 -7 -19
right_child=8 3 7 15 6 28 -8 -9 25 11 19 13 17 14 -16 -17 -18 29 -20 27 -22 -23 -24 -25 -26 26 -28 -29 -30 -31
leaf_value=0.018096321067329373 -0.0065425559519353277 -0.0054694699130792895 0.0037439023738195 -0.019948699604370637 0.017018464386211275 -0.02168911107676107 -0.0016923785937248239 -0.008676124441052863 -0.0067603767335099084 0.0036741353987204718 0.012781013631087888 -0.0041745915425591999 0.010821162039881337 0.022319037036824554 0.001667623892602168 0.0034066697092067378 0 -0.0060103898914930284 0.018918194850675772 0.018275788962927666 -0.0051834340897178562 -0.005611591745590061 0.0034012374121851364 0.021846071560875702 -0.0068266833803377032 0.0085329398461718737 -0.0063340564966687003 0.0044560949628796552 -0.00048877424051879225 0.0010105990926945149
leaf_weight=5.0652285967953494 9.1763894374016655 629.33978352020495 162.95319853443652 17.295805877540261 63.33632674079854 3.4873195376712811 8.5125450228806567 15.393386744195594 21.415950569091365 13.219506181543695 18.58688935497776 23.4844954732107 2.7486610165797165 8.9380645877681655 8.3925145524553972 2.7137830010615316 7.2735088481567791 21.850922035519034 18.368846822530031 39.108046469977126 11.047287132823838 15.0045732044382 260.46250210900325 3.1473978672875083 63.848076299997047 17.395285614533353 10.142626493936403 9.6841843635775131 6.7256929785944521 131.51232543867081
leaf_count=70 120 114031 6136 3715 742 57 110 2297 421 97 159 318 171 85 94 239 214 2034 106 366 175 944 3590 45 9857 284 151 121 368 7224
internal_value=-0.000198375 -0.00227872 0.00532726 -0.00483638 0.0113121 0 0.0134595 0.00236293 0.00492009 0.00566575 0.0102101 0.00441495 -0.00453202 0.00342735 0.0134787 -0.016414 0.0153884 -0.00180078 0.0131353 0.0123335 0.00589974 0.00339329 0.00273343 0.00428598 -0.00580903 -0.00131724 0.00276038 0.0158557 -0.00990428 0
internal_weight=1629.63 1160.21 290.899 869.309 94.4006 15.2782 79.1224 196.499 469.423 420.469 87.6028 332.866 849.3 301.278 17.3306 20.0096 70.6098 219.96 31.5884 78.4264 29.6342 181.105 283.947 166.101 66.5967 48.9539 27.5379 48.7922 10.213 153.363
internal_count=154341 148254 10983 137271 1561 495 1066 9422 6087 5231 941 4290 133317 4087 179 3954 956 19286 203 821 334 7125 3908 6181 10028 856 435 487 425 9258
is_linear=0
shrinkage=0.025


Tree=12
num_leaves=31
num_cat=0
split_feature=33 4 9 38 27 4 21 27 17 37 26 27 11 5 30 27 32 11 40 0 3 20 38 18 5 5 21 37 24 38
split_gain=35.3914 32.7554 6.35449 6.26492 6.33625 6.19231 5.89798 5.35287 4.87795 3.60114 4.1062 3.47349 3.76893 3.56439 3.17521 3.49671 3.15178 3.4616 2.81377 2.78393 2.70368 2.6433 5.44655 3.57393 2.52623 2.42986 2.26099 2.16332 2.11596 2.22094
threshold=1.7141006135769687 -0.18690598913568232 -0.32459048273431573 0.91981657351767032 118.87420000000002 0.15450184917871904 -0.042155422443864936 108.19290000000001 0.17509464937035796 1.1754997473307867 -0.030005115765736366 113.48480000000002 -0.14689428315147177 -0.049682804617674263 0.056876337184424482 117.69545000000001 0.96319682362627157 0.09204044862293749 1.0000000180025095e-35 0.00029372240629543805 0.085435017033061347 -0.018147880350911968 0.29542703059652214 -0.001271495050158898 0.017540243357481392 0.042051275258261141 0.052106787534922712 -1.3098197730505501 0.04261866036830509 0.94342047824610764
decision_type=8 8 10 8 2 8 8 2 10 10 8 2 10 10 10 2 8 10 2 10 10 10 10 10 8 10 10 8 10 10
left_child=1 2 11 4 -3 -5 8 16 21 28 -11 13 24 -1 15 -4 -8 -18 -15 -14 -19 22 -2 -23 -13 -12 -7 -25 29 -9
right_child=6 3 14 5 -6 26 7 9 -10 10 25 12 19 18 -16 -17 17 20 -20 -21 -22 23 -24 27 -26 -27 -28 -29 -30 -31
leaf_value=0.014713414853874935 0.0051881960486680652 -0.0062339473420400301 0.0021631464689812652 -0.0050212155820186094 -0.021160790329827067 0.0017993167936397913 -0.0008451973076051035 0.001220549805570484 0 0.017146417160703916 0.0068722193898184793 0.0098976362974396801 0.025438299326033777 -0.0090195107691868164 -0.009079136777999498 0.02259457467402971 0.015544250835272347 -0.0068590089108855421 0.0066016326006571729 0.010006825409948758 0.0087155536922469273 -0.0010574673661043628 0.028423229398532458 0.023491776727585567 -0.006693129636996982 -0.0027016383513543637 -0.0066488533120163049 0.0051974922383049276 -0.0042848793608095386 0.011428823035161842
leaf_weight=11.420292460359631 11.37725136941299 389.82200929615647 99.761816197773442 285.90581769600976 18.222098167811055 167.1041474903468 14.216221090406178 180.04755145777017 18.486986462492496 18.41462494013831 51.615319167030975 25.695522666210309 20.464918026584201 13.458055700175464 13.201065054512581 4.4890446451026937 48.886968337930739 8.1820563026703912 12.70066068531014 18.094209974166006 23.381610465003178 12.276106623932721 18.984723964473233 9.5388919147662801 5.8185417831409749 22.017383550060913 21.038219873327762 9.9882430534344184 38.123969278647564 13.569991523632778
leaf_count=112 139 73247 1963 53164 4130 7279 256 2879 156 221 620 623 255 118 2248 43 569 103 116 243 303 93 138 76 157 392 3754 100 729 198
internal_value=-2.61179e-05 -0.00252201 0.00595372 -0.00469861 -0.00697896 -0.00270731 0.00548843 0.00424397 0.0116967 0.00266342 0.00682651 0.0103228 0.0136225 0.00374548 0.00182203 0.00336116 0.00947069 0.0113711 -0.00120406 0.0189062 0.004346 0.0149947 0.0204825 0.00897415 0.00647202 0.00391184 0.000778874 0.0153387 0.000950998 0.0020405
internal_weight=1606.3 1107.2 225.104 882.092 408.044 474.048 499.108 418.456 80.6522 323.789 92.0473 107.652 70.0732 37.579 117.452 104.251 94.6669 80.4506 26.1587 38.5591 31.5637 62.1652 30.362 31.8032 31.5141 73.6327 188.142 19.5271 231.742 193.618
internal_count=154424 147452 5878 141574 77377 64197 6972 6270 702 5039 1233 1624 1278 346 4254 2006 1231 975 234 498 406 546 277 269 780 1012 11033 176 3806 3077
is_linear=0
shrinkage=0.025


Tree=13
num_leaves=31
num_cat=0
split_feature=32 4 28 32 22 26 27 25 17 27 17 7 17 4 27 26 22 26 37 13 25 21 16 39 11 2 39 10 26 27
split_gain=26.8626 32.4805 6.70894 6.30212 4.50657 4.11939 3.75498 3.7476 4.29333 3.75096 3.34728 3.34554 3.3302 3.29421 3.28044 5.43901 3.17474 3.13302 3.06596 2.9657 2.87228 2.7042 2.69936 2.63211 2.61221 2.60645 2.33508 3.01303 2.3104 2.36806
threshold=0.95933218432826739 -0.18690598913568232 0.63455615226662465 0.02098638197417332 0.18832131700622703 1.0608360456064923 119.26805000000002 0.0080639583418372403 -0.43631398297987461 112.11640000000001 -0.82542621701776775 0.018072688051846812 -0.92886875496675858 0.15450184917871904 110.85855000000002 -0.43542261557535406 0.18832131700622703 1.9294379571442557 -0.039796366978344815 -0.013907114236854886 -0.0073641257586687303 0.048430541156176961 -0.61684647100938139 -0.5375902547327196 0.10567682416779102 0.02685686025812695 0.36598784067785389 -0.0010527580515144461 -0.45702208883363388 110.31430000000002
decision_type=10 10 10 8 10 10 2 10 10 2 10 10 10 8 2 10 10 8 10 2 10 10 8 8 10 10 8 10 8 2
left_child=1 3 4 11 5 12 13 9 19 18 -6 14 -2 -3 23 -16 25 -8 -4 -9 -14 -15 -5 -1 -20 -11 -12 -28 -24 -30
right_child=2 6 7 22 10 -7 17 8 -10 16 26 -13 20 21 15 -17 -18 -19 24 -21 -22 -23 28 -25 -26 -27 27 -29 29 -31
leaf_value=0.014026832848466328 -0.00075837599863339596 -0.0052006908926391128 -0.0035098778027974897 -0.0025929592763548333 0.014343444246923451 0.02493242828147359 -0.019651110491799607 0.002584721998156043 0.0021685449278927328 -0.0010624277326516955 0.0069359106646495238 -0.00095249249292225975 0.01842518880736228 0.00013219467606783637 0.0048570903187353303 0.020361501637369106 0.00071418449388170407 0.0049731867841930934 0.0099128572976979815 0.01901876965137482 0.0081608138010174028 -0.0063080286292192412 -0.002958385198157415 -0.0033322872711694582 0.00013692697121631784 -0.014938538669644475 -0.011345645413965946 0.0036368189527563885 0.0019037095115204473 0.0090439385708384855
leaf_weight=7.1383637897670269 14.795642534503711 606.8236489421688 24.143486213404685 48.128633475513197 11.717281204299068 13.063028115546329 15.974325757299082 11.973960916628128 52.568390500498936 17.34962909296155 17.840037962887436 13.150883207563309 27.633026735624298 155.72647315193899 25.087574214441702 40.369858449092135 53.291620538919233 2.8990277005359557 47.764976572943851 22.013020439771935 65.492096482077613 52.97075083386153 22.291852656169794 13.736821398139002 28.717557478696108 18.541350077604875 16.043605413753539 14.446750549832361 63.568358061369509 59.415247702971101
leaf_count=105 163 113979 434 2585 120 97 3708 110 756 325 210 159 211 10958 366 334 932 223 593 201 799 8370 1312 156 415 446 127 142 3734 2163
internal_value=3.85047e-05 -0.00203016 0.00514519 0.00510637 0.00889034 0.011675 -0.00454792 0.00263709 0.00691847 0.000614262 0.00303853 0.0102065 0.00974503 -0.00426475 0.0119817 0.0147261 -0.00305034 -0.0154239 0.00393344 0.0137276 0.0114817 -0.00149343 0.00239767 0.00270381 0.00639757 -0.00868444 0 -0.00414118 0.00410992 0.00546772
internal_weight=1584.68 1127.28 457.395 292.888 181.031 120.984 834.394 276.364 86.5554 189.809 60.0477 99.4835 107.921 815.521 86.3326 65.4574 89.1826 18.8734 100.626 33.987 93.1251 208.697 193.404 20.8752 76.4825 35.891 48.3304 30.4904 145.275 122.984
internal_count=154233 148152 6081 10914 1869 1270 137238 4212 1067 3145 599 1120 1173 133307 961 700 1703 3931 1442 311 1010 19328 9794 261 1008 771 479 269 7209 5897
is_linear=0
shrinkage=0.025


Tree=14
num_leaves=31
num_cat=0
split_feature=33 22 28 38 4 38 9 13 19 31 32 17 7 12 36 28 38 13 13 32 36 12 13 22 4 17 21 17 36 19
split_gain=27.6196 31.1321 6.69151 4.72799 5.11543 4.17735 3.77187 4.3266 3.37279 2.96626 3.28898 2.84047 2.44013 2.80254 2.3678 3.79967 3.29869 3.00131 2.73705 2.18225 2.10795 2.0975 2.02819 2.01612 1.96451 1.96435 2.06496 1.91646 1.77528 1.76849
threshold=1.7141006135769687 -0.20155603166573369 0.16474657425533043 0.91981657351767032 0.15450184917871904 0.33488916725668544 -0.32459048273431573 -0.41805296107266871 0.91428508369337835 0.61030377736081665 0.98274000148953611 2.2382658696142812 0.06975741833565198 -0.24553936183268274 0.90179360784418805 0.68685814301680692 0.92766626522146411 -0.18518551978914174 -0.0033518738857197662 0.99371727059814219 0.13291786389169322 0.3515027719989578 0.79784672108739529 0.31621420381125503 0.17924868969867827 -0.61293610445604874 0.052106787534922712 -0.3366201973541641 0.036999011331660205 0.70805428020329808
decision_type=8 8 8 8 8 8 10 2 10 10 10 8 10 8 10 10 10 2 2 8 10 10 2 10 8 8 10 10 10 8
left_child=1 6 5 12 -5 21 7 -1 20 -7 -11 14 13 28 15 17 18 -4 -16 -17 -9 27 29 -18 -13 -6 -27 -2 -3 -8
right_child=2 3 11 4 25 9 22 8 -10 10 -12 24 -14 -15 16 19 23 -19 -20 -21 -22 -23 -24 -25 -26 26 -28 -29 -30 -31
leaf_value=-0.0037875265767170403 0.0049398936312601595 -0.011647401538450508 0.00086165382524478861 -0.0045553271225743982 -0.0035584132725479372 0.020931964017831709 0.0061037296137097701 0.0092772904608587631 -0.0033914088366889133 0 0.016620435762236398 -0.016628052737722204 -0.010467898178173889 -0.0057017141460136735 0.0025447175864707319 0.0014401914907513781 -0.011376232226388717 0.0088397823555439476 0.011647241467530687 -0.0064373961464149407 0.018609808763559804 0.011707438819158575 -0.010278382667700321 0.0051498610085296565 0 0.0033827551116395772 -0.0059111116147865664 -0.011906237561178654 0.0076377986642018787 -0.0015360379710492112
leaf_weight=10.679319726303218 6.690106063382701 2.2821713993325856 50.076826488832012 278.37153701344505 46.835425793193281 28.88746724743396 70.592719560721889 44.179742361186072 6.7325087341014287 13.82353320438415 13.13359221536666 5.0726812670473009 70.273073360440321 338.79462764598429 33.854442276642658 118.65078651066869 7.9424377579707635 80.324083718005568 68.376983995782211 25.71405558520928 34.499619684414938 7.4476746213622382 5.1209295011358327 7.5998257314786315 18.183549589593898 124.55142385675572 15.339925194974056 7.2634437403175989 15.156835201894863 23.225380220799707
leaf_count=195 94 147 633 52916 2832 196 2181 648 113 105 75 132 13607 64118 404 2134 108 1055 831 519 479 59 238 109 485 5342 2869 81 740 838
internal_value=1.55211e-05 -0.00220624 0.00492079 -0.00419096 -0.00241123 0.011674 0.00679908 0.0103398 0.0122207 0.0152306 0.00822292 0.00361822 -0.00610197 -0.00518748 0.00413366 0.00279632 0.00713095 0.00586879 0.0087699 0 0.0136814 0.00174551 0.00320271 -0.00305745 -0.00455101 0.000753948 0.00226886 -0.00358276 0.00412425 0.004138
internal_weight=1579.68 1086.64 493.041 891.605 465.098 77.2458 195.03 96.0912 85.4119 55.8446 26.9571 415.796 426.507 356.234 392.539 274.766 117.774 130.401 102.231 144.365 78.6794 21.4012 98.939 15.5423 23.2562 186.727 139.891 13.9535 17.439 93.8181
internal_count=154283 147263 7020 142571 63959 610 4692 1435 1240 376 180 6410 78612 65005 5793 4341 1452 1688 1235 2653 1127 234 3257 217 617 11043 8211 175 887 3019
is_linear=0
shrinkage=0.025


Tree=15
num_leaves=31
num_cat=0
split_feature=32 4 31 27 1 32 6 27 27 23 13 36 38 27 24 38 27 24 12 14 14 1 38 4 38 16 32 36 12 27
split_gain=26.1736 31.2828 7.01671 5.09415 5.8198 5.50327 4.61109 4.50745 4.09736 3.27123 4.97988 3.73446 3.56257 3.13183 3.1836 4.20921 3.78596 3.25134 3.21572 2.96005 2.93446 2.73722 2.6528 2.50684 2.45992 2.3975 2.39366 2.22425 2.17468 2.05667
threshold=0.95553201506591356 -0.18690598913568232 -1.0369313578773449 116.39900000000002 -0.1096840510912354 0.02098638197417332 0.019750342629338061 119.08110000000001 112.23140000000001 0.019946234906670027 -0.056394736788623216 0.52029053339573916 0.29542703059652214 119.08110000000001 0.0093529945004973154 0.15632222995627018 115.06735000000002 -0.0021242790001379515 0.36935549277000307 56.319949956911735 40.583602601843388 0.030143673082133175 0.91981657351767032 0.15450184917871904 0.91981657351767032 0.1481167777000672 0.97870072131742514 0.67894769528321575 0.23856575632587776 109.91080000000001
decision_type=10 10 10 2 8 10 8 2 2 10 2 10 10 2 10 8 2 10 10 10 10 10 8 10 8 10 10 8 10 2
left_child=1 2 3 5 -5 6 -1 23 9 10 12 -11 25 14 15 -10 18 -17 -16 -7 -18 -15 -9 -3 -25 -2 -14 -4 -13 -12
right_child=8 7 27 4 -6 19 -8 22 13 11 29 28 26 21 16 17 20 -19 -20 -21 -22 -23 -24 24 -26 -27 -28 -29 -30 -31
leaf_value=0.011164821680916107 0.0046095972981796234 -0.0051608907624418263 -0.0064413760830263874 -0.0066551952176382035 0.018232640823707711 -0.0022183740793167944 -0.00033187984297971027 -0.020756397266597906 0.013571565284183474 -0.0033308525588111033 0.024161290054673847 0 0.0032903511370594857 0.021892794482927302 0.0026723854699632322 8.202677251530634e-06 0.011926954119740962 -0.010439599143499748 0.013043502477263059 0.012541572865779657 -0.0026947260971006285 0 0 -0.0060156632234342903 5.9692776804034538e-06 -0.011300553738973125 0.019210980766868224 0.0021212230552209335 0.0086527126983940404 0.0091004997724617748
leaf_weight=86.777627401519567 14.538792826700957 588.83623917645309 35.03446583612822 5.8106653430731967 37.210694054840133 65.647719194181263 27.236186442663893 15.633958141785117 8.3344887876883131 25.722895547980443 20.113456076942384 22.055795819265768 13.303824567003177 8.4303243660833669 42.449104776373133 46.318318781675771 8.910796460695563 28.411777028115466 37.086793351918459 8.5012227734550816 54.281184381106868 6.7114621915388843 4.5811881170375264 58.91212181490846 135.55982933496125 8.1256838380359095 13.197005715221165 37.085166829521768 89.180468767182902 13.458312160801141
leaf_count=1000 170 113835 4456 230 733 1755 389 3851 150 545 168 355 119 149 731 842 76 463 432 204 869 157 482 10150 8674 96 100 2296 1082 139
internal_value=0 -0.00208647 0.00472958 0.00685229 0.0146122 0.00495711 0.00837848 -0.00467185 0.00499763 0.00748042 0.0114648 0.00494047 0.00593598 0.00267687 0.00186252 -0.00195037 0.00413141 -0.0039674 0.00772322 -0.000253815 -0.000332582 0.0133329 -0.016163 -0.00434146 -0.00180556 -0.00106166 0.0119781 -0.00197339 0.00693502 0.0188618
internal_weight=1567.46 1106.83 303.304 231.184 43.0214 188.163 114.014 803.523 460.63 219.696 82.7371 136.959 49.1653 240.934 225.792 83.0646 142.728 74.7301 79.5359 74.1489 63.192 15.1418 20.2151 783.308 194.472 22.6645 26.5008 72.1196 111.236 33.5718
internal_count=154698 148055 11063 4311 963 3348 1389 136992 6643 2774 792 1982 485 3869 3563 1455 2108 1305 1163 1959 945 306 4333 132659 18824 266 219 6752 1437 307
is_linear=0
shrinkage=0.025


Tree=16
num_leaves=31
num_cat=0
split_feature=33 4 34 12 39 4 14 37 24 13 32 13 25 17 11 12 39 14 9 9 10 15 9 34 26 4 36 20 39 1
split_gain=29.1051 30.0325 10.4668 6.80623 3.68161 4.22541 3.67856 3.68701 3.83694 3.58853 4.07198 3.02651 2.92313 4.23216 3.21418 2.31143 2.96881 2.04553 2.01447 1.9668 1.90481 1.9269 1.9023 2.0291 1.78624 1.68103 2.4783 2.13545 1.5277 1.6857
threshold=1.7141006135769687 -0.18690598913568232 0.16474657425533043 -0.22942323645092214 1.2968159828238583 0.15450184917871904 69.053923601412109 0.82438977692759907 -0.0033064686172787901 -1.3353329844651514 0.98274000148953611 -0.16212538989386791 0.0082679718204118641 -0.43631398297987461 0.09367700728012153 0.23856575632587776 0.60149061624724365 43.218358248144739 -0.2309426261610176 0.48353801805347291 0.025817842422451446 1.073034064503414 -0.16307485569364491 0.02098638197417332 -0.15155102221692426 0.34593927739007441 0.97116371812820856 0.017955845638553018 0.10157049492135102 -0.02872663139049297
decision_type=8 8 8 10 8 8 10 10 10 2 10 2 10 8 8 8 10 8 10 8 8 10 10 10 8 10 10 10 8 10
left_child=1 3 9 6 -3 -6 7 8 -1 -2 11 19 14 -14 15 24 -17 -13 28 -11 21 -7 23 -20 -4 27 -27 -15 -5 -30
right_child=2 4 12 18 5 20 -8 -9 -10 10 -12 17 13 25 -16 16 -18 -19 22 -21 -22 -23 -24 -25 -26 26 -28 -29 29 -31
leaf_value=0.0033748220627660011 0 -0.0062306035693693298 0.0077609276376669105 -0.012184276675301232 -0.0048515181106539226 0 -0.010820624990615958 0.023434424220154147 0.012410711619749564 0.024552356193911277 0.023650481747310388 -0.0052534841789743788 0.013746413614144566 0.0061379799148188743 -0.0011118552280347225 0.0033050189381541189 0.011294668375887038 0.0093407906762246681 0.020553000919555767 0.0064041054931972992 -0.0029180748242772841 0.0074875717299222105 -0.00078548341499550325 0.0031997542503323264 -0.0037211611747381664 -0.0042365311482375186 0.012097631841439914 -0.0055187322879548277 0.011861376199035677 -0.0059869493521841032
leaf_weight=57.925013384548947 11.502579023130236 392.25180930516217 9.8402075616177154 10.95955373207107 265.40677471191157 75.725272675510496 4.2941378003451964 11.247736979974432 68.160894997883588 9.8556326879188401 25.612982112914324 9.218322522472592 37.599541014293209 16.12826675362885 112.01685454254039 112.9689364254009 41.232756174169481 12.127638676436616 5.0176732458639917 9.4938879427500087 75.009965099627152 29.952492115786299 39.133910871343687 19.9223645797465 33.492549383547157 6.5486199741717455 19.512479883152992 21.274581737350672 3.9088131895987308 8.140389581909405
leaf_count=1449 91 77927 201 405 52402 3481 92 97 1081 70 153 92 327 239 2131 1690 459 113 96 105 6294 1135 1520 896 666 89 240 364 106 170
internal_value=5.61047e-05 -0.00225247 0.0051081 0.00574279 -0.0044477 -0.00285071 0.00910264 0.00986807 0.00838942 0.0134833 0.0156843 0.00995775 0.00346813 0.00717195 0.00221173 0.00412953 0.00556039 0.00276139 0.000144064 0.0169068 5.96113e-05 0.00225238 0.00250784 0.00776121 -0.00080647 0.00297807 0.00771226 -0.000263469 -0.00592671 0
internal_weight=1555.48 1067.06 488.426 228.71 838.346 446.095 141.628 137.334 126.086 77.811 66.3085 40.6955 410.615 101.063 309.551 197.534 154.202 21.346 87.0827 19.3495 180.688 105.678 64.0739 24.94 43.3328 63.4639 26.0611 37.4028 23.0088 12.0492
internal_count=154181 147151 7030 5912 141239 63312 2719 2627 2530 624 533 380 6406 1259 5147 3016 2149 205 3193 175 10910 4616 2512 992 867 932 329 603 681 276
is_linear=0
shrinkage=0.025


Tree=17
num_leaves=31
num_cat=0
split_feature=12 22 26 27 30 3 12 21 14 25 25 21 18 10 27 18 22 27 27 24 0 25 12 24 24 27 4 18 17 1
split_gain=15.3874 19.7057 4.93103 4.46544 4.20877 3.99643 3.60637 3.46005 3.23786 2.94078 4.49404 4.08171 2.99738 2.85587 2.38437 2.39908 2.36943 2.36675 2.25096 2.12548 2.11228 3.59581 2.08375 2.07031 2.54996 2.2628 1.9454 2.64129 1.93897 1.92882
threshold=0.22598151166235528 -0.20155603166573369 -0.38716322145131393 110.31430000000002 0.796333632019116 -0.013816145284192225 -0.33478705252220742 -0.042155422443864936 48.913003825844818 -0.0071725914240974653 -0.0016435271578260342 -0.047353565861084961 -0.0055478522770091845 0.054196298633398594 119.08110000000001 -0.0084786948709780503 0.093487594477758076 109.91080000000001 120.75105000000001 -0.0076121574876612521 -0.019273804147379166 -0.014477780855013316 0.12244867987683962 0.0091400810683671691 0.0083654858716447639 119.26805000000002 0.23244214205788219 0.0010617319196133156 2.1533585538655831 0.064856048186635276
decision_type=10 8 10 2 8 10 10 10 10 10 10 10 10 10 2 10 8 2 2 10 10 10 8 10 8 2 10 8 10 10
left_child=1 2 5 6 23 7 -4 -1 -7 11 16 12 -2 22 15 -12 19 -13 -16 -11 -5 -22 -6 24 -3 -25 -18 -28 -17 -24
right_child=9 4 3 20 13 8 -8 -9 -10 10 14 17 -14 -15 18 28 26 -19 -20 -21 21 -23 29 25 -26 -27 27 -29 -30 -31
leaf_value=0.00089122800002362421 0 -0.0030720663532251401 0.010367492109673535 0.016996822168890889 -0.0048701688196833796 -0.022080604082271096 -0.0096232163205010809 0.017616856937347436 0 0.0085501466057698369 -0.0031753793285916113 0.018688986487494917 0.022402698739928853 -0.0083373706876113274 0.020492943232451669 0.0052089587344805455 0.0056366696783817782 -0.0017947835689673193 0 -0.014213686353442027 -0.0032377291261031123 0.010597820505601529 0.00062436785325837652 -0.0052102514366477682 0.011362354656025213 -0.016460129409532644 0.0044515826241730031 -0.010043540801300028 -0.0048079678059437803 0.014513465584633246
leaf_weight=54.331335819442756 4.9768376606516567 266.75663313141558 7.9762029093690243 26.803266538889147 42.999481065548025 6.5371454241685596 13.074279409367589 8.0925094569101912 10.164708127151242 1.827549688518048 24.274871206143871 3.0521359159611192 16.717699293745682 26.465675723506138 9.700089284218846 253.73217504378408 22.007141875335947 17.628118827356957 3.8184906767564817 13.657661520177495 12.860236666281706 62.479109576437622 222.53999538591597 328.19407784193754 6.5142754274420431 11.410996893479021 11.857387360185385 17.345430138288066 10.994070390937848 5.3211596193723372
leaf_count=1532 80 45662 98 480 7070 176 305 122 378 44 756 52 263 3628 197 8077 654 634 137 781 319 1309 15306 60834 1249 2432 427 546 504 215
internal_value=-5.10405e-05 -0.00158394 0.00543852 0.00854608 -0.00315822 0.000451518 -0.00156088 0.00346876 -0.00988319 0.00406676 0.00329852 0.0103132 0.0176339 -0.000683616 0.00459944 0.00404344 -0.00246882 0.00174476 0.0146774 -0.0106559 0.0106955 0.0081244 7.01379e-05 -0.00434284 -0.00265248 -0.00566689 5.10446e-05 -0.00396791 0.00474493 0.00105579
internal_weight=1524.11 1112.52 202.319 123.193 910.202 79.1257 21.0505 62.4238 16.7019 411.59 369.215 42.3748 21.6945 297.326 302.52 289.001 66.6952 20.6803 13.5186 15.4852 102.143 75.3393 270.861 612.876 273.271 339.605 51.21 29.2028 264.726 227.861
internal_count=154267 141115 4719 2511 136396 2208 403 1654 554 13152 12123 1029 343 26219 9671 9337 2452 686 334 825 2108 1628 22591 110177 46911 63266 1627 973 8581 15521
is_linear=0
shrinkage=0.025


Tree=18
num_leaves=31
num_cat=0
split_feature=32 8 32 27 8 2 28 25 24 30 8 42 13 3 38 27 25 25 18 8 13 13 21 32 14 0 17 24 24 24
split_gain=20.9554 26.6894 4.54207 4.19063 3.67951 4.61489 3.49114 3.45453 3.20708 3.60786 3.00048 2.95469 4.00875 3.27513 2.79085 2.64662 2.94879 2.60467 2.58305 2.43156 2.29304 2.20504 2.08397 2.1228 1.86776 1.46552 1.06135 1.05403 2.06421 1.84205
threshold=0.95933218432826739 -0.18690598913568232 0.02098638197417332 119.08110000000001 -0.002405705504743338 -0.087364221778011605 0.13688578292203543 0.0025698974797186348 0.019251009915920218 0.092707174638487225 0.16347473027129103 1.0000000180025095e-35 0.13749967398096638 -0.079624261146859207 0.91981657351767032 112.24695000000001 0.010962129281673403 0.0075445827355597886 1.0000000180025095e-35 -0.23336220962815138 -0.15355969958036098 -0.36711788099177267 0.048430541156176961 0.0043243293783250597 43.218358248144739 -0.00099952703250910636 -0.046745886287860146 0.0091400810683671691 0.0083654858716447639 0.01034891778955749
decision_type=10 10 8 2 10 10 10 10 10 10 10 2 2 10 8 2 10 10 8 8 2 2 10 10 10 10 10 10 10 10
left_child=1 2 7 10 26 18 20 11 17 19 27 12 -1 -13 -5 21 -17 24 -6 -10 -7 -8 23 -12 -4 -19 -2 28 -3 -29
right_child=4 3 8 14 5 6 15 -9 9 -11 22 13 -14 -15 -16 16 -18 25 -20 -21 -22 -23 -24 -25 -26 -27 -28 29 -30 -31
leaf_value=0.014046395118238103 0.02031960664586438 -0.0038380569519785817 -0.0037767449411123784 -0.020165444970047922 0.0011015175618954681 0.017584191727975939 -0.0021875705862409857 0.018953125676819945 0.014966458201866657 -0.01040445058520828 0.011836088354498599 -0.0042057225433848348 -9.7856292803717219e-05 0.01067730210074515 0.00027966631711017387 3.6361535299710719e-05 0.0081477034601489633 0.019394775517758402 -0.017895611716853988 0.0039589087258723003 0.0039862406695062207 0.0069642821301888341 -0.0055614038700447727 -0.00022461818931036187 0.0025542311557779657 0 0.0042351938356057642 -0.016349077912663657 0.0076666028422896623 -0.0052667356132835774
leaf_weight=40.859224463580176 11.366842708084734 248.99402894300874 72.211223896825686 15.263176955864767 7.382240620441733 20.507462991168723 16.378519578371197 16.654050347395241 22.607249436085112 5.5884167854674152 8.5666793987620604 25.425820556934923 16.324416853720322 12.828070074785499 4.5925006038742131 142.12859646754805 34.286473511368968 5.0702933743596077 7.6724556523840874 34.671921854838729 16.078218459617347 164.76445046346635 44.362158502452075 124.01224232220557 45.910212377668358 4.8028094002511335 5.8534698993898919 9.5060744497459364 8.639358797343446 331.12915043951944
leaf_count=379 125 48470 4279 3864 77 126 218 134 419 835 186 330 207 106 490 2597 454 144 87 1205 104 2141 7424 9250 2693 199 99 1799 1471 64004
internal_value=6.0096e-05 -0.00176172 0.00452869 -0.00417126 0.00476055 0.00422875 0.00476749 0.00852011 0.00210692 0.00667567 -0.00385243 0.00640917 0.00996111 0.000768014 -0.015334 0.00395591 0.00169943 -0.000120235 -0.00872514 0.00864964 0.0121232 0.00608671 -0.00093137 0.00059781 -0.00125229 0.0114143 0.0158915 -0.00470024 -0.00338953 -0.00565426
internal_weight=1524.44 1098.02 302.954 795.065 426.419 409.198 394.144 112.092 190.862 62.8676 775.21 95.4375 57.1836 38.2539 19.8557 357.558 176.415 127.995 15.0547 57.2792 36.5857 181.143 176.941 132.579 118.121 9.8731 17.2203 598.269 257.633 340.635
internal_count=153916 147888 10930 136958 6028 5804 5640 1156 9774 2459 132604 1022 586 436 4354 5410 3051 7315 164 1624 230 2359 16860 9436 6972 343 224 115744 49941 65803
is_linear=0
shrinkage=0.025


Tree=19
num_leaves=31
num_cat=0
split_feature=12 4 25 17 19 27 27 14 37 25 18 13 39 28 25 25 17 24 13 21 27 17 31 14 14 25 1 10 19 1
split_gain=11.4585 15.6512 4.06463 4.33049 3.94895 4.68243 3.70827 3.6971 4.21051 3.50016 3.36896 2.99803 2.9404 3.3388 2.73214 2.49868 2.29472 2.17118 3.22627 3.46936 2.16503 2.1338 2.04143 1.90913 1.85865 3.07899 1.75923 2.75969 1.99259 1.73982
threshold=0.21173817444255597 -0.18690598913568232 0.0082679718204118641 0.36481976636854879 0.84250249135337008 110.85855000000002 118.87420000000002 64.887027273653572 0.85290581656345543 -0.0082615330866283795 -0.0084786948709780503 -0.006766135808437739 1.4010028927381895 0.65036316674467398 0.0029484959935397342 0.010962129281673403 -0.6640977943299321 -0.0050192383886583083 -0.70695549994958629 -0.045523838847701663 116.39815000000002 -0.48493721555538483 2.6586587305958598 21.384851319129655 76.597826858717667 0.010962129281673403 -0.058866469906507228 0.029029995569107573 0.96335097878846876 0.064856048186635276
decision_type=8 10 10 10 10 2 2 10 10 8 8 2 10 8 10 8 8 8 2 8 2 10 10 10 10 10 10 8 10 10
left_child=1 4 9 11 5 14 -3 8 -7 17 20 16 21 -14 23 -8 -4 -2 -19 -20 -11 -12 -18 -1 -13 -26 -6 28 -28 -5
right_child=2 6 3 29 26 7 15 -9 -10 10 12 24 13 -15 -16 -17 22 18 19 -21 -22 -23 -24 -25 25 -27 27 -29 -30 -31
leaf_value=0.0054047693051723781 0.016739512272666134 -0.0035994457714547956 0.011964788142688094 0.0024057493378289549 0.0059697272028527495 0.006575868107731077 -0.01748185117108159 -0.0089893147445260987 0.022955240150834631 -0.0093295160529272957 -0.0013151848011012865 0.016006699472533172 0.017968290911895304 0.00099119115507289701 0.012896377881093359 0.0034677139709407253 -0.0085374260279935665 -0.011481674604840571 0.012457699832605217 -0.00066100633958994775 0.0084728352508024046 0.002316136985781259 0.0075446299977497341 -0.0092069993249392808 -0.0068252299229676072 0.011911371053332401 -0.016584830789150445 0.0048888303988164697 0.0027312187292799963 -0.011002786222483978
leaf_weight=5.6516569401137557 10.857437989674507 637.93336765957065 8.6280726464465243 13.606565356953071 6.2626632570754763 132.76487246784382 18.4357789211208 7.1168625722639254 10.231324338354169 29.116726757376455 184.09012590744533 36.611680295551196 12.441320367390292 17.925920137320645 4.3094522554893038 3.2206604916136738 12.449445034610113 5.6578489923849693 26.543495879275724 20.98681434453465 3.5725174075923851 218.13347843440715 6.2229059268720439 23.619443593081087 6.8075156572740552 14.913122321944682 14.02286074135918 6.4634970320039491 3.0781122837215653 8.5143739752238599
leaf_count=114 314 113021 169 500 240 3671 4056 282 142 1581 11393 931 298 715 56 413 347 150 607 802 137 12044 73 514 270 393 352 238 115 312
internal_value=-0.000205596 -0.00206915 0.00233573 0.00675347 0.00378111 0.00516866 -0.00397776 0.00706206 0.0079811 0.00140904 0.000629139 0.00929464 0.00123535 0.00860286 -0.00303126 -0.0140197 0.00200217 0.00684415 0.00436152 0.00663765 -0.00693151 0.00063659 -0.00266843 -0.00603788 0.0124725 0.00566198 -0.00439191 -0.00760439 -0.0127471 -0.00273421
internal_weight=1510.19 873.111 637.079 107.754 213.521 183.694 659.59 150.113 142.996 529.326 465.28 85.6327 432.591 30.3672 33.5806 21.6564 27.3004 64.0456 53.1882 47.5303 32.6892 402.224 18.6724 29.2711 58.3323 21.7206 29.8271 23.5645 17.101 22.1209
internal_count=154250 123214 31036 2995 5724 4779 117490 4095 3813 28041 26168 2183 24450 1013 684 4469 589 1873 1559 1409 1718 23437 420 628 1594 663 945 705 467 812
is_linear=0
shrinkage=0.025


Tree=20
num_leaves=31
num_cat=0
split_feature=33 4 9 36 28 38 27 17 1 25 24 19 24 32 18 36 37 42 17 15 20 12 17 15 29 26 19 11 28 27
split_gain=20.2966 24.7591 8.00328 4.43013 3.67311 4.44832 3.63783 3.10975 3.61218 3.01956 3.51963 2.83838 2.84446 2.48461 3.453 3.36977 2.45146 3.44624 2.70396 2.60633 5.12036 2.29393 2.27121 3.02021 2.24801 2.20357 2.08531 1.86147 1.78001 1.63876
threshold=1.7141006135769687 -0.18690598913568232 -0.30180265298752351 0.90179360784418805 0.69464875578066521 0.92368773117179515 119.26805000000002 -0.67160792010749992 0.0044900842972068764 0.0025698974797186348 -0.089579873421684317 0.95535948447570329 -0.0067839119799723005 0.98274000148953611 -0.0071033258410640497 0.10481264819239608 1.1754997473307867 1.0000000180025095e-35 -0.84288650658331044 0.87367995299305046 0.010362173295410894 0.16459585488044051 0.3494330274925298 1.1372575902816482 0.63426234291884376 -0.8088270918894751 0.46912735267657668 0.10567682416779102 0.55543957318487602 111.99370000000002
decision_type=8 10 8 10 8 10 2 10 10 10 10 10 10 10 10 10 8 2 8 8 10 10 8 10 8 8 10 8 10 2
left_child=1 2 7 11 5 13 -3 8 -1 10 -9 12 -4 14 21 29 18 19 -6 -18 -21 -2 23 -19 -5 -20 -16 -27 -17 -15
right_child=4 6 3 24 16 -7 -8 9 -10 -11 -12 -13 -14 15 26 28 17 22 25 20 -22 -23 -24 -25 -26 27 -28 -29 -30 -31
leaf_value=-0.013151962176297992 0.0039256702191765849 -0.0038850858298723557 -0.0063795864118657529 0.0172970934230488 -0.0078460304117366712 0.018080636607154962 -0.015346248046482439 -0.0047886901254482316 0.01044635393231714 0.020658382132576938 0.010557784404176852 0.012855904468423083 0.0010520010681199852 0.023992423461380377 0.0087094156047665457 0.0012169918628758421 -0.0067343974707410256 0.0039823803176736094 -0.012399448680090156 0.014263505213458101 -0.00023183496029669992 -0.014183774712873866 0.0010696711043601409 0.024286679310966466 -0.0034038577261623782 0.0052624458696311641 0.001249117196851448 -0.00087359015129314798 0.012241706093100652 0.0094689093203675096
leaf_weight=6.8939243317581695 5.6857769896741948 739.23819455958437 45.149958171881735 13.065442726714535 20.77514928416349 19.816680243704468 17.189639666234143 9.2677980745211226 6.8033806585008278 17.607792919501662 72.841394435148686 8.2940746701788139 100.96659284108318 10.674595738761129 46.734706714283675 33.858078784076497 14.695329173933713 9.3415247318334895 5.275856378255412 21.002934530144557 45.289927540579811 9.7830829520244134 9.8351463875733334 12.160644826013593 3.0715599325485554 65.438010327983648 52.070444043260068 53.730546653154306 12.596694215782916 17.863841559737921
leaf_count=122 106 132492 3665 254 417 177 3948 455 128 135 990 400 4099 75 657 360 175 115 167 222 638 133 190 121 250 1251 754 1160 165 155
internal_value=0.000125189 -0.00181266 0.00445653 0.000966835 0.00445539 0.00692989 -0.00417933 0.00957367 -0.00103004 0.0110995 0.00869155 -0.000328765 -0.00122671 0.00561644 0.00314161 0.00918027 0.0023947 0.00514984 0.000187662 0.00223716 0.00442141 -0.00727406 0.0120867 0.0164727 0.0129613 0.00165065 0.00491499 0.0024524 0.00459682 0.0159025
internal_weight=1507.02 1040.39 283.962 170.548 466.629 209.084 756.428 113.414 13.6973 99.717 82.1092 154.411 146.117 189.267 114.274 74.9932 257.545 112.326 145.22 80.9882 66.2929 15.4689 31.3373 21.5022 16.137 124.444 98.8052 119.169 46.4548 28.5384
internal_count=153976 146938 10498 8668 7038 2582 136440 1830 250 1580 1445 8164 7764 2405 1650 755 4456 1461 2995 1035 860 239 426 236 504 2578 1411 2411 525 230
is_linear=0
shrinkage=0.025


Tree=21
num_leaves=31
num_cat=0
split_feature=33 22 12 11 18 26 37 39 8 25 24 30 12 13 24 8 3 26 18 24 12 26 12 6 23 3 10 12 16 16
split_gain=17.3764 23.9416 3.54968 3.33777 5.20072 3.33743 4.42994 3.29753 3.83594 3.29006 3.28793 2.78608 2.29092 2.27021 2.19662 2.15268 2.9115 2.55598 2.13513 3.29725 5.104 3.04276 2.06819 1.972 1.89816 1.83725 1.75263 2.41786 1.60851 1.5697
threshold=1.7141006135769687 -0.20155603166573369 -0.20458320450939191 0.041344418314590022 0.0045391693852391791 0.95523014939905238 0.89859621070335272 1.2393917239431176 0.15664068333968131 1.0000000180025095e-35 0.0086241277224008445 0.67492267975359777 0.23032075072945971 -0.049592006318127511 -0.057004896860813108 -0.0072525248700555647 -0.048244882858510411 0.44251413266114659 -0.0028858407384387253 0.0075487429918751356 0.1502795539118488 -0.6767625360471573 0.24815165069988046 0.048092617526025012 -0.036301087633523792 0.033874387973240612 0.046831593045968851 -0.22942323645092214 -0.29657848240860046 -0.92239784611835129
decision_type=8 8 10 10 10 10 10 8 8 10 10 8 8 2 10 10 8 8 8 10 10 10 8 10 8 8 10 8 8 10
left_child=1 2 5 4 18 6 14 26 -9 10 28 -11 -13 -14 -1 17 -17 -6 21 20 -20 -2 -23 -10 -18 -21 27 -3 -5 -12
right_child=3 7 -4 9 15 -7 -8 8 23 11 29 12 13 -15 -16 16 24 -19 19 25 -22 22 -24 -25 -26 -27 -28 -29 -30 -31
leaf_value=-0.0017318734277048224 -0.0046095373938366026 0.00375357992937296 0.00072657341998797105 -0.015572240868787788 0.016102745613796998 -0.0044319622983244747 0.023344321390520791 -0.0039463256361089629 0.002207518772941008 0.015562238489348172 0.0083406881987478938 -0.0059063668538517668 -5.8516551621947185e-06 0.0057027334280326933 0.0085980797761328175 -0.014914579589007326 0.012553841960401449 -0.0042837519897050745 -0.0082956953052045028 0.020812437908091182 0.013302732065247845 0.016368815993982936 0.0033460034568791202 -0.0049980069279411676 -0.0033799165946658718 0.0041960842771312781 -0.0097175093524305214 -0.005097975867383398 -0.00034376992486644223 -0.00086743466346710866
leaf_weight=12.85714280232787 12.223955948138608 18.64180648769252 62.912167646223679 12.051146155456079 7.6828253674320859 10.942909675417466 11.928514490835367 264.04990468337201 133.39440977654886 11.703637291211633 13.428412954322992 13.956123812822627 58.308309077634476 144.85066796699539 107.07623880624305 9.2251936732791346 5.359330840408802 5.2480695822741836 9.2136477741878497 28.947361697908491 17.89503128756769 13.983493712032216 20.741172881564122 27.25604416267015 14.285610828548675 7.0321787300053975 51.783531184308231 333.30826860788511 8.0720786990132201 50.240791898104362
leaf_count=375 207 1218 2371 209 123 126 113 53155 7811 174 203 300 827 2048 1703 108 53 84 185 309 206 191 265 2914 272 128 10319 66951 153 933
internal_value=2.97326e-05 -0.00176917 0.00582777 0.00404554 0.00710358 0.00799822 0.0091168 -0.00367038 -0.00209407 0.00251484 -0.00164306 0.00407068 0.00333473 0.00403721 0.00742258 -0.000234104 -0.004173 0.00763688 0.00993091 0.0130212 0.00565649 0.00540146 0.00917061 0.000910694 0.00107963 0.0180068 -0.00529891 -0.00459673 -0.0101785 0.00107739
internal_weight=1498.6 1034.15 205.717 464.449 151.838 142.805 131.862 828.434 424.7 312.611 83.7924 228.819 217.115 203.159 119.933 41.801 28.8701 12.9309 110.037 63.0882 27.1087 46.9486 34.7247 160.65 19.6449 35.9795 403.734 351.95 20.1232 63.6692
internal_count=154034 147056 4688 6978 2131 2317 2191 142368 63880 4847 1498 3349 3175 2875 2078 640 433 207 1491 828 391 663 456 10725 325 437 78488 68169 362 1136
is_linear=0
shrinkage=0.025


Tree=22
num_leaves=31
num_cat=0
split_feature=33 4 34 9 12 37 27 39 21 36 38 0 38 39 7 22 22 12 0 22 7 36 19 22 25 39 29 4 23 27
split_gain=15.6599 20.7504 4.96361 4.79214 3.25128 3.19345 3.05993 2.92994 2.92425 2.80633 2.66776 2.59748 2.51672 3.34852 2.50023 2.40853 2.36447 4.97591 2.28427 2.42133 2.15271 2.18478 2.14206 1.89603 2.37312 1.62358 1.55897 1.23326 2.32914 2.1561
threshold=1.7141006135769687 -0.18690598913568232 0.67087280736671728 -0.30180265298752351 -0.22942323645092214 1.0899753113679955 118.87420000000002 1.2116419744231293 -0.12089185850558447 0.016895478184851164 0.053273726828881048 0.020037119900178538 0.93149218268751299 0.38409650488816965 0.074057276503832328 0.041590439761297178 -0.16650381213753176 -0.095500927076311901 0.040970471781467961 0.017519537614676176 0.031301080332309168 0.95567068191098425 0.98305047760442632 0.093487594477758076 0.0072177009923801586 1.2116419744231293 1.5923626298144615 0.15450184917871904 0.047995737750623275 94.683850000000021
decision_type=8 10 8 8 10 8 2 8 10 10 8 10 10 10 10 10 8 8 10 8 10 10 8 10 8 10 10 10 10 2
left_child=1 3 10 4 8 16 27 -8 9 -1 -2 12 13 -12 -10 -13 17 -5 19 -4 21 -7 -18 24 -21 -25 -20 -3 29 -29
right_child=2 6 18 5 -6 20 7 -9 14 -11 11 15 -14 -15 -16 -17 22 -19 26 23 -22 -23 -24 25 -26 -27 -28 28 -30 -31
leaf_value=0.0098880141150195899 -0.0066461129736344257 -0.0042873773885383744 0.015354149520189554 -0.0011561869310546856 -0.0085330205854047912 0.023498142174483049 -0.01863935822801303 8.5095562749251858e-05 0.014226528716670895 -0.0027939124698080887 0.0091439713090385785 0.011384272211322218 0.018133499876351499 0.00030366197720838191 0.0015774437985754484 -0.005576649314771827 -0.0061248625068546702 0.011471432740689597 -0.020604790819522732 -0.0096349919004374718 -0.001323152452461929 0.0015011291497884821 0.012805881136407791 0.0031281514634252656 0.0056666980400519118 -0.0028491929095531242 -0.00068706137496251491 0.010189642394180416 -0.0068946857643855013 -0.0010678874589962323
leaf_weight=18.970051317242905 7.5921853329055002 552.98906237166375 7.0088055909145641 73.430855636834167 5.8256793982582158 7.65252194972709 15.571446679998187 6.4276202279143062 56.2736363443546 21.530769928358495 121.20723344653379 6.141473721945661 15.056894874898715 36.66344467154704 13.815599501831455 16.713773908908479 45.471406925003976 24.90405506407842 3.4816732041072083 18.262856325833127 5.4834054396487764 5.5380855407565832 2.7169005207251749 182.30665166280232 7.7817085457500097 31.335234790574759 7.14891424740199 10.491254976019261 39.96372523100581 116.01846713433042
leaf_count=221 118 113432 138 1762 94 112 4078 687 726 573 1504 80 117 401 244 208 5892 373 115 460 322 81 137 2996 142 479 169 268 7817 10374
internal_value=-9.38638e-05 -0.00182203 0.00372238 0.00393043 0.0077993 0.00112235 -0.00401978 -0.0131238 0.00880911 0.00307989 0.00663974 0.00723037 0.00827313 0.00715585 0.0119069 -0.000366718 -0.000101764 0.00206625 0.00136755 0.00189898 0.0105308 0.0156792 -0.00462046 0.00139987 -0.00473958 0.00220552 -0.00927267 -0.00370961 -0.0017287 0
internal_weight=1483.78 1023.07 460.701 281.613 116.416 165.197 741.462 21.9991 110.59 40.5008 203.375 195.783 172.928 157.871 70.0892 22.8552 146.523 98.3349 257.326 246.695 18.674 13.1906 48.1883 239.686 26.0446 213.642 10.6306 719.463 166.473 126.51
internal_count=154120 147193 6927 10537 1858 8679 136656 4765 1764 794 2428 2310 2022 1905 970 288 8164 2135 4499 4215 515 193 6029 4077 602 3475 284 131891 18459 10642
is_linear=0
shrinkage=0.025


Tree=23
num_leaves=31
num_cat=0
split_feature=33 8 36 31 11 27 25 19 11 27 33 19 26 11 5 11 16 19 27 24 16 23 2 10 11 26 16 31 9 27
split_gain=21.6394 18.0877 4.8407 5.97394 3.89992 3.70784 3.0936 3.65573 3.08764 3.01306 3.6454 2.98211 2.6739 2.56427 2.40739 3.94032 2.3065 2.8301 2.13391 1.97633 1.94796 3.42405 2.99306 1.87193 1.76953 1.64156 1.60529 1.54604 2.0203 1.61497
threshold=1.7141006135769687 -0.1957636220457524 0.91354117830911086 -1.0369313578773449 0.041344418314590022 119.79685000000002 0.014799327911685195 0.73542337016515724 -0.05626672022639622 111.40005000000001 2.2046455762204746 0.94964651487193164 -0.38716322145131393 -0.064813938710903671 0.026423082371924481 -0.007750009390470213 -0.42017299340339398 0.28409218369744399 109.07075000000002 -0.033574991267660274 0.44511395584613211 -0.052392163069055024 -0.095151971409657851 -0.03182965620284544 0.09204044862293749 -0.15155102221692426 -0.70566903058118802 1.2924016727759629 0.98299996180921445 107.89460000000001
decision_type=8 10 10 10 10 2 10 10 10 2 10 10 10 10 10 8 8 10 2 10 10 8 8 10 10 10 10 10 8 2
left_child=1 2 3 12 9 27 19 25 -4 10 16 26 -1 -14 20 -16 18 -18 -2 -6 21 -11 -22 -21 -25 -8 -5 29 -29 -3
right_child=4 5 8 11 6 -7 7 -9 -10 14 -12 -13 13 -15 15 -17 17 -19 -20 23 22 -23 -24 24 -26 -27 -28 28 -30 -31
leaf_value=0.00065600358725613006 0.00063568069879156282 -0.0066365460215358236 0.019065440643752023 -0.012783187558327878 -0.0087279180925897894 -0.016493696451574086 0.02400543706704323 -0.00063404956184045331 0 0.015462691789453515 0.018696688027952633 0.0086637253697045315 0.0045642579001814333 0.013563395281205351 -0.017180766848362845 0.0051344125061045512 0.011302374904681887 -0.007461542619087479 0.020553787228411544 -0.010675340849782972 -0.014433287324910647 0.0031803843283170438 0.006167345208741906 0.0049561068889703089 0.00075094112032713333 0.0078433790263292297 -0.0026878885062848862 -0.0019332901034563961 0.0094072127978160752 -0.0033932205722292212
leaf_weight=71.52087832801044 6.6269104087259612 127.00459419563413 18.242165290517736 19.123310831491835 9.0455953066702914 13.621032110240774 9.0208349726162851 11.904008331475778 7.989921874832361 26.305019023129717 28.369620305020362 7.1245050532743326 85.88991809124127 27.818595284945332 6.5281620416790247 12.017405560589397 7.0691785037051913 11.597173073096199 8.183695850428192 5.3468852669466278 5.3509473951999098 35.02711976133287 12.134933159453796 117.89751399029046 143.32133747276384 12.611735241254792 25.420319688972086 62.725924242287874 10.3762820137199 537.12337807111908
leaf_count=1434 105 23376 340 2615 161 3362 82 162 149 225 236 319 1524 384 78 216 95 194 91 66 71 612 204 1749 2462 153 3166 7392 324 102655
internal_value=0.000102906 -0.00194463 0.00366955 0.00246567 0.00454538 -0.00392477 0.00285116 0.00994277 0.0136848 0.00774246 0.0121129 -0.00490329 0.00457973 0.0069498 0.00477656 -0.0029076 0.00586328 0 0.0128256 0.00192179 0.00669483 0.00876378 -0.000257444 0.00234868 0.00269145 0.0158189 -0.00740757 -0.00365596 -9.6724e-05 -0.00403558
internal_weight=1482.34 1013.98 263.13 236.898 468.358 750.851 309.148 33.5366 26.2321 159.21 61.8466 51.6681 185.229 113.709 97.3636 18.5456 33.477 18.6664 14.8106 275.611 78.818 61.3321 17.4859 266.566 261.219 21.6326 44.5436 737.23 73.1022 664.128
internal_count=154002 147040 9931 9442 6962 137109 4835 397 489 2127 721 6100 3342 1908 1406 294 485 289 196 4438 1112 837 275 4277 4211 235 5781 133747 7716 126031
is_linear=0
shrinkage=0.025


Tree=24
num_leaves=31
num_cat=0
split_feature=33 4 33 26 11 25 17 18 23 39 37 27 27 4 39 11 11 12 1 4 3 3 27 33 24 38 37 12 19 3
split_gain=17.3386 19.8231 5.30359 5.27785 5.12766 4.09358 4.1219 3.69782 4.27719 3.61217 3.49238 3.20701 3.14342 3.11742 3.04174 3.01314 2.56736 3.5323 2.53017 2.44633 2.35667 2.13187 2.11166 2.08343 1.97919 1.97839 1.81308 1.71587 1.72856 1.65625
threshold=1.7141006135769687 -0.1957636220457524 -1.283863352098942 -0.38716322145131393 0.051968387427303815 0.0078806224147347417 0.36481976636854879 0.004244490262009913 -0.093462680750884916 -0.17824936484424561 -1.341653545169214 107.65070000000001 119.79685000000002 0.095542337649659817 0.54858852298461802 0.056780292241439108 0.082134919161744105 0.3515027719989578 0.02965329405261408 0.02940737926404036 -0.021988807240866211 0.33563799313521786 114.80905000000001 2.2046455762204746 0.039196358594700283 0.78586960118363913 0.49195649728350771 -0.041509500265954728 0.96335097878846876 -0.077406692598545754
decision_type=10 10 10 10 10 10 10 10 10 10 10 2 2 10 10 10 10 8 10 10 10 10 2 10 10 8 10 10 10 10
left_child=1 2 3 18 7 14 21 8 -2 -5 -11 -9 -3 19 15 -6 17 -16 20 -10 -1 -7 -17 -15 -8 27 -18 28 -4 -13
right_child=4 12 25 9 5 6 24 11 13 10 -12 29 -14 23 16 22 26 -19 -20 -21 -22 -23 -24 -25 -26 -27 -28 -29 -30 -31
leaf_value=0.0011732526466608315 0.02169301155937052 -0.0034410211460128969 -0.0069637868651465061 0.017013750740717499 -0.015815709609730607 0.011207120763591592 -0.0074901884961064051 0.014074402118300109 0.0087715383433002083 0 0.010643558052220985 -0.012830635193621888 -0.015433687615215505 0.0052741175344684817 0.00098418111710771978 0.0010361583989180439 0.0056362753426648024 0.023133652029550755 0.010906979799028374 -0.0046044025816446531 -0.011204631515017964 -0.001495630289591353 -0.0063026213900487021 0.015036063659758892 0.009001908738078452 0.0027402347971103706 -0.0052514876086056372 0.0096217139506320024 0.0097388643409861229 0.00047634023798727134
leaf_weight=46.474472950212657 17.421600393950939 737.2050540773198 43.046414345735684 32.05437619634904 7.8003675166983149 60.478722001193091 15.187659300165253 8.6475843472871912 14.080836090724917 31.103350713383406 51.696642352151684 5.8992295663338146 13.233315920690073 28.966688218293712 9.9293740901630354 96.65804990241304 21.412200601538643 8.5891098163556325 11.916694661835207 17.696981671499088 10.670327436411752 8.0573961553163809 31.13816288439557 37.069057027343661 4.8593523274175814 54.809811899322085 15.010758325690402 3.7530503317248067 2.8454500732477745 27.696072444552556
leaf_count=828 106 134116 4245 387 129 625 265 104 189 380 679 82 3317 391 145 1640 343 79 229 276 177 90 695 352 87 3167 256 75 182 424
internal_value=0.000209735 -0.00154205 0.00400554 0.00654981 0.00438771 0.00229793 0.00670164 0.00799909 0.0103105 0.00981418 0.00673448 0.00141049 -0.00368678 0.00796907 0.000182349 -0.00178927 0.00511617 0.0124204 0.000939278 0.0011986 -0.00119237 0.00960614 -0.000735826 0.0110361 -0.00285692 -0.000426745 0.000925445 -0.00405287 -0.00554713 -0.00200669
internal_weight=1475.41 1038.81 288.371 183.916 436.599 279.121 88.5831 157.478 115.235 114.854 82.8 42.2429 750.438 97.8136 190.538 135.597 54.9414 18.5185 69.0615 31.7778 57.1448 68.5361 127.796 66.0357 20.047 104.455 36.423 49.6449 45.8919 33.5953
internal_count=154060 147782 10349 2680 6278 4354 1067 1924 1314 1446 1059 610 137433 1208 3287 2464 823 224 1234 465 1005 715 2335 743 352 7669 599 4502 4427 506
is_linear=0
shrinkage=0.025


end of trees

feature_importances:
usd_index_pit=57
return_60d=39
relative_strength_down_days_20d=37
gap_down_absorption_20d=35
spy_return_20d=34
cs_rank_gap_down_absorption_20d=30
price_to_sma_200d=29
close_open_gap=29
cs_rank_momentum_120d=28
cs_z_momentum_120d=24
volume_zscore_60d=23
momentum_120d=22
macd_hist=21
cs_z_gap_down_absorption_20d=20
return_20d=19
price_to_sma_50d=19
excess_return_20d_vs_spy=19
close_location_in_range=18
return_10d=17
volume_zscore_20d=17
excess_return_60d_vs_spy=17
cs_z_momentum_60d=17
cs_z_relative_strength_down_days_20d=17
rsi_14=16
cs_z_momentum_20d=16
cs_rank_momentum_60d=16
return_5d=15
cs_rank_momentum_20d=14
cs_rank_relative_strength_down_days_20d=13
momentum_60d=10
relative_momentum_20d_vs_spy=10
price_to_sma_20d=9
bollinger_z_20d=7
excess_return_5d_vs_spy=7
cs_rank_excess_return_20d_vs_spy=7
return_1d=6
momentum_5d=5
momentum_20d=5
stress_flag=3
momentum_10d=2
regime_calm=1

parameters:
[boosting: gbdt]
[objective: lambdarank]
[metric: ndcg]
[tree_learner: serial]
[device_type: cpu]
[data_sample_strategy: bagging]
[data: ]
[valid: ]
[num_iterations: 25]
[learning_rate: 0.025]
[num_leaves: 31]
[num_threads: 0]
[seed: 211]
[deterministic: 0]
[force_col_wise: 0]
[force_row_wise: 0]
[histogram_pool_size: -1]
[max_depth: 6]
[min_data_in_leaf: 80]
[min_sum_hessian_in_leaf: 0.001]
[bagging_fraction: 0.78]
[pos_bagging_fraction: 1]
[neg_bagging_fraction: 1]
[bagging_freq: 1]
[bagging_seed: 211]
[bagging_by_query: 0]
[feature_fraction: 0.72]
[feature_fraction_bynode: 1]
[feature_fraction_seed: 211]
[extra_trees: 0]
[extra_seed: 21137]
[early_stopping_round: 0]
[early_stopping_min_delta: 0]
[first_metric_only: 0]
[max_delta_step: 0]
[lambda_l1: 0.3]
[lambda_l2: 1.2]
[linear_lambda: 0]
[min_gain_to_split: 0]
[drop_rate: 0.1]
[max_drop: 50]
[skip_drop: 0.5]
[xgboost_dart_mode: 0]
[uniform_drop: 0]
[drop_seed: 22258]
[top_rate: 0.2]
[other_rate: 0.1]
[min_data_per_group: 100]
[max_cat_threshold: 32]
[cat_l2: 10]
[cat_smooth: 10]
[max_cat_to_onehot: 4]
[top_k: 20]
[monotone_constraints: ]
[monotone_constraints_method: basic]
[monotone_penalty: 0]
[feature_contri: ]
[forcedsplits_filename: ]
[refit_decay_rate: 0.9]
[cegb_tradeoff: 1]
[cegb_penalty_split: 0]
[cegb_penalty_feature_lazy: ]
[cegb_penalty_feature_coupled: ]
[path_smooth: 0]
[interaction_constraints: ]
[verbosity: -1]
[saved_feature_importance_type: 0]
[use_quantized_grad: 0]
[num_grad_quant_bins: 4]
[quant_train_renew_leaf: 0]
[stochastic_rounding: 1]
[linear_tree: 0]
[max_bin: 255]
[max_bin_by_feature: ]
[min_data_in_bin: 3]
[bin_construct_sample_cnt: 200000]
[data_random_seed: 727]
[is_enable_sparse: 1]
[enable_bundle: 1]
[use_missing: 1]
[zero_as_missing: 0]
[feature_pre_filter: 1]
[pre_partition: 0]
[two_round: 0]
[header: 0]
[label_column: ]
[weight_column: ]
[group_column: ]
[ignore_column: ]
[categorical_feature: ]
[forcedbins_filename: ]
[precise_float_parser: 0]
[parser_config_file: ]
[objective_seed: 22542]
[num_class: 1]
[is_unbalance: 0]
[scale_pos_weight: 1]
[sigmoid: 1]
[boost_from_average: 1]
[reg_sqrt: 0]
[alpha: 0.9]
[fair_c: 1]
[poisson_max_delta_step: 0.7]
[tweedie_variance_power: 1.5]
[lambdarank_truncation_level: 30]
[lambdarank_norm: 1]
[label_gain: 0,1,2,3,4,5,6,7,8,9,10,11,12,13,14,15,16,17,18,19]
[lambdarank_position_bias_regularization: 0]
[eval_at: 5,10,25]
[multi_error_top_k: 1]
[auc_mu_weights: ]
[num_machines: 1]
[local_listen_port: 12400]
[time_out: 120]
[machine_list_filename: ]
[machines: ]
[gpu_platform_id: -1]
[gpu_device_id: -1]
[gpu_use_dp: 0]
[num_gpu: 1]

end of parameters

pandas_categorical:[]
