tree
version=v4
num_class=1
num_tree_per_iteration=1
label_index=0
max_feature_idx=84
objective=lambdarank
feature_names=return_1d return_5d return_10d return_20d return_60d momentum_5d momentum_10d momentum_20d momentum_60d momentum_120d vol_5d vol_20d vol_60d downside_vol_20d upside_vol_20d beta_20d_spy beta_60d_spy price_to_sma_20d price_to_sma_50d price_to_sma_200d macd_hist rsi_14 bollinger_z_20d volume_zscore_20d volume_zscore_60d dollar_volume_ratio_20d intraday_range close_open_gap close_location_in_range distance_to_20d_high distance_to_20d_low distance_to_60d_high distance_to_60d_low excess_return_5d_vs_spy excess_return_20d_vs_spy excess_return_60d_vs_spy relative_momentum_20d_vs_spy skew_20d kurtosis_20d spy_return_20d spy_vol_20d spy_drawdown_60d relative_strength_down_days_20d gap_down_absorption_20d downside_vol_decay_60d beta_stability_price_floor beta_60d_ff_mktrf beta_60d_ff_smb beta_60d_ff_hml beta_60d_ff_rmw beta_60d_ff_cma dgs10_pit dgs2_pit vixcls_pit usd_index_pit yield_10y_2y_spread_pit cs_rank_momentum_20d cs_z_momentum_20d cs_rank_momentum_60d cs_z_momentum_60d cs_rank_momentum_120d cs_z_momentum_120d cs_rank_vol_20d cs_z_vol_20d cs_rank_vol_60d cs_z_vol_60d cs_rank_downside_vol_20d cs_z_downside_vol_20d cs_rank_beta_60d_spy cs_z_beta_60d_spy cs_rank_excess_return_20d_vs_spy cs_z_excess_return_20d_vs_spy cs_rank_relative_strength_down_days_20d cs_z_relative_strength_down_days_20d cs_rank_gap_down_absorption_20d cs_z_gap_down_absorption_20d cs_rank_downside_vol_decay_60d cs_z_downside_vol_decay_60d cs_rank_beta_stability_price_floor cs_z_beta_stability_price_floor regime_calm regime_drawdown regime_high_vol regime_rebound stress_flag
feature_infos=[-0.43452090331350879:0.52290083351866889] [-0.61014499786032883:0.88260863646066867] [-0.76666670795573144:1.0566034133703051] [-0.82992956002177165:1.6011328544898928] [-0.85304846129940903:3.1843478105994496] [-0.61014499786032883:0.88260863646066867] [-0.76666670795573144:1.0566034133703051] [-0.82992956002177165:1.6011328544898928] [-0.85304846129940903:3.1843478105994496] [-0.83371665409748386:3.8670393633078328] [0:0.30584445364328161] [0:0.22421856781514868] [0:0.15098312624435092] [0:0.14329584310333965] [0:0.16337929811143656] [-13.695037798663515:20.575205365344527] [-4.0149274431247379:4.8863263853067735] [-0.69421673038056464:0.66131114246219425] [-0.79930206832555228:0.90110352904013702] [-0.82425537243447611:1.8446390551514207] [-132.53715276993563:80.364006761273146] [0:99.861064002984776] [-4.3588989435444114:4.3588989435883247] [-3.1806480089076707:4.3588989435433447] [-3.1101259120259019:7.6809377036926092] [0:20] [0:0.56348448091986825] [-0.47064726396441403:0.4210822666140121] [0:1] [-0.81943928948557032:0] [0:1.7305034091738194] [-0.85817267691977117:0] [0:3.9900962607604482] [-0.61785372931017601:0.89255912114692015] [-0.76226676485515399:1.4709261398977567] [-0.82324954741436951:2.9093527779374631] [-0.77334040331749898:1.3346611088982128] [-4.4721359549995769:4.4721359549995841] [-1.8537485942068546:20.000000000000025] [-0.3098674839759894:0.19880920041384464] [0.0021730140768461124:0.057214790451066776] [-0.31978067271172672:0] [-0.099256665172816158:0.19912924481561101] [-9.4243009236246778:13.933826240627525] [-1:87.127119856643347] [-1.0247428570212176:1.0007807340328658] [-4.1112792539993421:4.848421174419931] [-5.4434395281946788:7.7689924118407419] [-6.7072038827376153:7.6752434274945651] [-13.325735436189344:9.7109719643899926] [-11.504606375379524:8.6540722051089762] [0.55000000000000004:3.2400000000000002] [0.11:2.98] [9.1899999999999995:75.469999999999999] [93.247799999999998:125.0587] [-0.030000000000000027:2.6099999999999999] [0.0020161290322580645:1] [-10.036419127683077:15.738424952473304] [0.0020161290322580645:1] [-8.1746382519581609:16.457532645463687] [0.0020202020202020202:1] [-5.9157233637200122:14.200215155348952] [0.0020161290322580645:1] [-2.7783658620320608:17.573692755422847] [0.0020161290322580645:1] [-2.9782850486284773:14.693670814366223] [0.0020161290322580645:1] [-3.0058206930267617:18.050318432270245] [0.0020161290322580645:1] [-6.3974491418552946:8.9620500168724586] [0.0020161290322580645:1] [-10.036419127683077:15.738424952473304] [0.0020161290322580645:1] [-11.668006201344122:17.853621002907023] [0.0020449897750511249:1] [-9.434540891693187:11.345435387552476] [0.0020161290322580645:1] [-2.3143884498676961:20.623654562246884] [0.0020161290322580645:1] [-16.633473857690657:14.830513071902569] [0:1] [0:1] [0:1] [0:1] [0:1]
tree_sizes=3576 3530 3560 3572 3542 3550 3551 3576 3550 3569 3559 3590 3546 3554 3552 3560 3573 3521 3575 3574 3533 3539 3540 3519 3547

Tree=0
num_leaves=31
num_cat=0
split_feature=63 69 45 9 50 57 60 16 76 33 51 26 75 68 68 16 19 50 32 78 47 8 65 68 66 51 65 50 9 61
split_gain=6.82611 4.10823 3.00976 2.35136 2.03296 2.34069 3.07721 2.72499 1.99355 1.86064 3.00264 2.87743 2.17753 1.77456 1.60993 2.80792 1.58018 1.48904 1.47272 1.36292 1.36041 1.31628 1.12724 2.3187 1.55317 1.11243 1.10176 1.12653 1.07692 1.00341
threshold=-0.5636993141820047 -0.33679612058314096 -0.037776241531357425 0.14001528687206502 -0.26022882755329413 0.42045337066627159 0.80490309009866301 0.63515775143923736 0.088912991082188489 0.0069857969097283376 1.8150000000000002 0.010130039313129625 0.53721776515300357 0.52351082795868087 0.85149640971295992 1.0476160613951222 -0.029169311056598698 -0.17588624025455582 0.16372454755683466 0.45391993140568959 -0.13888164840086853 0.025022840835824626 -0.89892259962003096 0.59541176265908136 0.13796764038362988 1.8250000000000004 -0.72953336835506122 0.40172159874392738 0.18065313375247274 0.64377348139849777
decision_type=10 10 8 10 10 8 10 10 8 10 2 2 8 8 8 8 8 10 10 10 8 10 10 8 8 2 8 10 8 8
left_child=4 26 3 17 5 6 8 -8 -1 11 18 13 -12 -4 15 25 -13 -3 -11 -17 -10 -9 -7 -24 -25 29 -2 -28 -5 -6
right_child=1 2 9 28 14 22 7 21 20 10 12 16 -14 -15 -16 19 -18 -19 -20 -21 -22 -23 23 24 -26 -27 27 -29 -30 -31
leaf_value=0.014683906156704042 -0.0021196952025874941 -0.015575794816809908 -0.0032111688478368458 0.0077714904674543771 0.0011564177201947045 0.0065924635769757647 -0.0036009536634246421 0 -0.0014516747782186078 0.0044382552827068053 -0.0086802466977712947 0.0018827909529067833 -0.0021125481247650491 0.0099737132069800463 0.017069513890468124 -0.00100426838780858 -0.0021706406444700764 -0.0032147901489538149 -0.0026074589432611827 -0.013886434657066495 0.0056244943852427126 0.023497218019943297 -0.0066034755483300733 0.014904941199026304 -0.0033017375181217767 0.0043220790003032838 0.0049473896136311077 -7.6958513617467327e-05 -0.003986451222027885 -0.0072149865451340209
leaf_weight=11.644355615717357 23.931571450957563 21.553863640176132 6.8480017755646285 4.7156192355323583 53.925892084895167 11.881838427274486 2.3676522923633483 1.1734184517990787 21.318518001702614 34.845982488594018 66.97050006169593 80.594096990535036 67.67441446101293 24.216587882954627 2.7818920622812575 13.237038191407921 213.5983100454323 11.697688130545428 36.019510648562573 9.274222271749748 56.662041599513032 12.717844437691381 21.824948445311751 5.5665653678588543 3.5541716910665864 72.282162116724066 90.718112796137575 35.829457927611656 22.244805168127645 9.4401210222858918
leaf_count=1387 4316 2766 935 625 8350 1552 434 181 3300 4734 8607 12489 9536 2708 293 1845 28909 2255 5692 1295 7294 1249 2987 619 387 11288 16670 6919 3271 1471
internal_value=0.000172128 -0.00112249 -0.00206822 -0.00734159 0.00328856 0.00540094 0.00738026 0.017266 0.00529987 -0.00144069 -0.00329836 -0.000236155 -0.00548226 0.0068234 0.00126493 0.00081343 -0.00103167 -0.0117084 0.000769202 -0.00706197 0.00360259 0.0213231 0.000269265 -0.00208073 0.00752449 0.00222565 0.00252925 0.00347877 -0.00142002 -8.54904e-05
internal_weight=1051.11 741.459 590.979 60.212 309.653 148.711 105.884 16.2589 89.6249 530.767 205.51 325.257 134.645 31.0646 160.941 158.159 294.192 33.2516 70.8655 22.5113 77.9806 13.8913 42.8275 30.9457 9.12074 135.648 150.479 126.548 26.9604 63.366
internal_count=154364 110432 82527 8917 43932 19390 13845 1864 11981 73610 28569 45041 18143 3643 24542 24249 41398 5021 10426 3140 10594 1430 5545 3993 1006 21109 27905 23589 3896 9821
is_linear=0
shrinkage=0.025


Tree=1
num_leaves=31
num_cat=0
split_feature=69 48 26 44 60 11 55 54 79 51 51 2 61 55 62 65 51 12 24 14 61 52 15 35 44 48 2 32 45 60
split_gain=12.5907 9.58626 5.75565 5.38734 5.01625 5.48645 4.87598 4.64647 4.4699 4.19737 4.04318 3.22522 3.22876 3.21264 3.07399 3.04622 3.02204 3.94428 2.92474 2.75412 2.58892 2.56576 2.47199 2.45947 2.88915 2.67012 2.35495 4.06624 3.82083 3.30618
threshold=-0.24355476080463845 0.064650132164241536 0.0098653227497950084 -0.69413195161276042 0.65887345957862031 0.010332200576981488 0.55500000000000005 118.87420000000002 -0.73510828168916797 1.905 1.635 1.0000000180025095e-35 0.96310885260586465 0.03000000000000003 0.31832125047144116 -0.74325438482403805 1.3500000000000003 0.014528011208482849 -1.0205965569644302 0.03214498918679308 -0.0083843550067530925 2.7200000000000002 0.85155053759304578 -0.10595980919339353 -0.36889046592551217 0.59222521729760114 0.042986502635640307 0.13630417331747949 -0.012048754185140792 0.93659018491376889
decision_type=8 10 2 10 10 10 2 2 10 2 2 8 8 2 10 10 2 10 10 10 8 2 10 8 8 10 10 10 10 10
left_child=3 2 10 22 21 9 13 26 16 -6 -2 20 -13 -3 18 -7 -8 -18 -9 -20 -12 -4 -1 24 -15 -25 27 29 -29 -5
right_child=1 6 4 7 5 15 8 14 -10 -11 11 12 -14 23 -16 -17 17 -19 19 -21 -22 -23 -24 25 -26 -27 -28 28 -30 -31
leaf_value=0.012357943537889517 0.018329752597808838 0.01032487896967299 -0.0035095909303906013 0.0012735864045801111 0.017922933771725557 0.013364204903176261 0.012570050397297156 -0.0050229936836093123 -0.004084806971815797 0.0039110831424516825 0.0016195078489130623 0.0025770140747543545 -0.010207067195168201 0.0094808990188089345 -0.002500762323446495 -0.002475502694673132 0.0090593997374872719 -0.0042367091888115055 0.017379976388088386 -0.0068473063143657592 0.014208569596893648 0.0055197204091072946 -0.0022178527960678967 -0.0058594387586809581 -0.0069988317580828661 -0.014116027764481807 -0.0019410825313151616 0 0.0085611296621797475 -0.010977279039851977
leaf_weight=45.691223562578671 11.49097085255198 4.4045888471882781 288.96050330391154 430.46252208761871 16.065851906314492 6.8386416360735884 14.476603704271836 3.8754544113762668 255.72805315256119 76.396854046499357 20.170932945096865 83.74094548006542 13.165313248289747 8.2496451125480217 8.9307618646416795 113.7548437109217 19.769414157373831 40.298372420482337 30.175972785102203 2.1376667781732968 24.137461259029806 19.42820983659476 7.2208124285098156 52.615402440307662 20.26174645754509 60.007256949320436 104.20758865703829 49.394854250946082 96.605273984139785 12.934656410943715
leaf_count=1841 248 463 28579 36473 373 322 942 179 23622 2110 611 2866 283 903 1060 12436 1295 2855 1301 167 618 1919 425 4340 2442 6115 9004 3260 6838 528
internal_value=0.00014373 -0.00152198 0.00038621 0.00257151 -0.000853699 0.00206903 -0.00423548 0.00199747 -0.00250637 0.00662422 0.00464251 0.00333102 0.000660165 -0.00805569 0.0096963 -0.00139286 0.00278845 0.000108601 0.0128905 0.0153657 0.00883616 -0.00289734 0.0102251 -0.00876422 -0.00178773 -0.010427 0.00146998 0.00208849 0.00569874 0.000870675
internal_weight=1941.6 1149.96 674.151 791.637 521.445 213.056 475.811 738.725 330.272 92.4627 152.706 141.215 96.9063 145.539 45.1199 120.593 74.5444 60.0678 36.1891 32.3136 44.3084 308.389 52.912 141.134 28.5114 112.623 693.605 589.397 146 443.397
internal_count=154418 93342 50365 61076 45739 15241 42977 58810 28714 2483 4626 4378 3149 14263 2707 12758 5092 4150 1647 1468 1229 30498 2266 13800 3345 10455 56103 47099 10098 37001
is_linear=0
shrinkage=0.025


Tree=2
num_leaves=31
num_cat=0
split_feature=63 50 44 69 79 12 30 68 39 47 0 47 1 0 10 47 48 52 9 12 12 79 4 68 16 50 20 39 58 35
split_gain=28.515 9.28706 5.33092 5.32185 5.10216 4.85993 4.6446 4.50941 4.43738 3.84065 3.61617 4.04578 3.83955 3.28314 3.50929 3.89974 3.08765 4.25795 2.97751 3.78358 2.96725 2.94755 3.45145 2.73857 2.9072 2.70827 3.53287 2.39627 2.32301 3.10099
threshold=-0.5636993141820047 -0.77436083861988814 -0.70611138710310128 -0.46437062255745282 0.18362067806205679 0.021479490401286997 0.13190332759107828 0.46298253856393395 0.051227593454310501 0.12573331580872482 -0.0091448284169086663 0.86304896030502587 0.019512069393163415 -0.00018898429918018375 0.016294624472158792 0.51150670459302339 -0.096563624324836103 0.13500000000000004 0.14699960045036789 0.022008605817510032 0.013475378401844176 0.36277655999914216 0.1426372233144422 0.83991786447638617 1.5849861815858806 0.041064597479662089 -0.22840343432403823 0.044095192764344267 0.10062247362235742 -0.062087328247675148
decision_type=8 10 10 10 10 8 8 8 10 10 10 10 10 10 10 8 10 2 10 8 8 10 8 10 8 10 2 10 10 10
left_child=1 7 28 5 23 -2 -7 10 16 -10 18 12 -12 21 15 -15 20 -18 19 -1 -5 22 -9 27 -25 26 -6 -4 -3 -30
right_child=3 2 4 8 25 6 -8 13 9 -11 11 -13 -14 14 -16 -17 17 -19 -20 -21 -22 -23 -24 24 -26 -27 -28 -29 29 -31
leaf_value=0.00017885239087664202 -0.0016512389846515597 0.014945180047008372 -0.0025483457111720371 0.0021025747690440141 0.015486387055590157 0.010030467837368939 -0.0051838208686749128 -0.0086380594678153819 0.00036764108587611003 -0.013810830859540664 0.010976978219051293 -0.0098802619802540737 0.00084400427692303797 0.011737243870602933 -0.016204572983739955 0 0.0063221887133291911 -0.0058172771337172292 0.027168921785205753 0.022629128881045988 -0.0031203977241895005 0.012398380085172783 0.0059037922129211162 0.016239170529801915 -0.0021883304374982369 -0.00026355667721947795 0.0038857069177089636 0.0032250548781052137 -0.0055101289897408244 0.006903773979561584
leaf_weight=12.217966920929035 225.15005302522331 17.576519841793925 288.89184633432887 94.521884648827836 22.607186045031995 47.293587093241513 15.348922900855539 31.050899053690955 14.458162572700529 46.828869519755244 103.04396736156195 6.4562741764821103 32.522743365494534 49.123573390068486 2.7876538631971917 27.912288847146556 17.676799599081278 296.53162640263326 12.054166640387846 7.2156345492694518 224.70368029526435 6.6763899240177116 13.305952805792911 10.164110887562854 8.4599624637048709 45.113796156132594 66.620829306077212 51.062208527466282 13.680225017713381 69.41578856180422
leaf_count=535 19775 307 20895 9238 634 2502 1211 1076 1914 6718 2984 199 1117 1352 107 1144 2044 39375 188 93 27764 113 420 141 116 4271 3315 3268 268 1323
internal_value=0.000144841 0.00336651 0.00152381 -0.00279246 0.000430486 4.10692e-05 0.00615776 0.00691557 -0.0039751 -0.0104032 0.00957319 0.00766008 0.00862963 0.00327991 0.00642931 0.0075802 -0.00332285 -0.0050891 0.0173747 0.00970932 -0.0015484 -0.00153715 -0.00407063 -0.00111124 0.00786441 0.00457433 0.00707435 -0.00165088 0.0067353 0.00472174
internal_weight=1880.47 897.96 593.592 982.514 492.92 287.793 62.6425 304.368 694.721 61.287 173.511 142.023 135.567 130.857 79.8235 77.0359 633.434 314.208 31.4878 19.4336 319.226 51.0332 44.3569 358.578 18.6241 134.342 89.228 339.954 100.673 83.096
internal_count=154407 43866 34538 110541 32640 23488 3713 9328 87053 8632 5116 4300 4101 4212 2603 2496 78421 41419 816 628 37002 1609 1496 24420 257 8220 3949 24163 1898 1591
is_linear=0
shrinkage=0.025


Tree=3
num_leaves=31
num_cat=0
split_feature=62 69 50 12 26 50 77 39 60 53 12 1 35 39 75 36 13 32 64 38 20 47 47 51 40 48 48 76 48 13
split_gain=30.1899 14.6641 10.3173 10.1109 7.6467 7.06622 4.39825 4.60232 6.35023 4.35562 3.99551 3.55223 3.79855 3.52567 3.50275 3.28953 3.15133 3.04615 3.44959 2.83653 3.05903 2.73268 2.49268 2.48926 3.6863 3.68314 2.21581 2.1762 2.15918 2.07914
threshold=0.29837050311960711 -0.4741392721132775 -1.7164495229957086 0.022184451606961652 0.0098653227497950084 0.15000064587930748 -1.2589708883245441 0.035983787431615018 0.66700473292765394 21.610000000000003 0.022954333583557283 0.031131509315604159 -0.031045565758475831 0.051227593454310501 -0.26264915180673593 -0.022504688118536561 0.0025121674135301355 0.12705191194440238 0.69069980779311557 2.0857525162501016 0.1910465121607354 -0.048895187587759258 1.0377390262604529 1.7850000000000004 0.017937732423117535 -0.16745628584611322 -0.083939772652862579 0.2122840271873708 -0.55343850000212325 0.0067286344008731253
decision_type=8 8 8 10 2 10 10 10 8 2 10 10 10 10 8 8 10 10 10 10 2 10 10 2 10 10 8 10 10 10
left_child=2 3 17 27 15 6 11 14 -9 10 16 12 -4 23 -8 -3 -7 -1 -19 20 21 -5 -21 24 -6 -25 -17 -2 -22 -28
right_child=1 4 5 19 13 9 7 8 -10 -11 -12 -13 -14 -15 -16 26 -18 18 -20 22 28 -23 -24 25 -26 -27 29 -29 -30 -31
leaf_value=0.0027626716941499012 0.0029907602569056442 0.0083083319856345102 0.019470312336743515 0.0015623226586675269 -0.0024390981797065983 0.0069665632909896276 0.0080611273147406081 0.0004831898701035848 0.010790959250372337 -0.0098116676477979087 0.018887129505456082 -0.006329228176179297 0.004918665005772988 -0.013291311457773795 0.0010012018465841975 0.0017868725480083534 -0.0030654932304797966 0.021040379574908254 0.0015274459461132146 0.004747132244551912 -0.015548214675173458 0.01415930218661047 -0.0098849712830021783 -0.0048994803213921962 -0.018074300862789976 -0.010678993728372957 -0.0018919201856440035 -0.0040135287168867649 0.0048350978364895469 -0.016664456246524042
leaf_weight=14.000027327099813 32.752975253853947 26.36019719671458 24.136643969453871 15.504248887766151 161.27664295723662 22.903714587911963 48.085774229606614 64.869131732266396 92.64450923842378 35.650059383595362 5.4084030152298501 5.8639506637118748 25.213022565469146 47.37098932696972 457.32033498142846 39.879105142550543 98.783881552983075 30.643692681100219 8.1624848779756558 26.500263458583504 3.5415142974816254 53.877476674271747 8.5679833348840457 176.65973402396776 9.1051019330043328 125.9432430556044 19.837729264749218 132.98323056451045 8.6188337812200171 8.5927340984344465
leaf_count=589 2596 1416 278 314 23436 838 1952 3710 2541 3877 71 135 409 8362 19799 1886 10274 661 164 779 100 1097 248 26517 1638 21237 1555 16595 488 761
internal_value=-5.72055e-05 -0.00333337 0.00308375 0.00135832 -0.00549785 0.00241946 0.00348863 0.00289626 0.0066289 -0.00224358 0 0.010255 0.0124774 -0.00668636 0.00170521 0.000958489 -0.00106666 0.0137261 0.0172924 0.00697859 0.00951401 0.011525 0.000756601 -0.00597707 -0.00343891 -0.00736228 -0.00186434 -0.00257286 -0.00140319 -0.00710392
internal_weight=1831.06 897.372 933.686 282.347 615.025 880.879 718.133 662.92 157.514 162.746 127.096 55.2136 49.3497 520.356 505.406 94.6698 121.688 52.8062 38.8062 116.61 81.5421 69.3817 35.0682 472.985 170.382 302.603 68.3096 165.736 12.1603 28.4305
internal_count=154323 109025 45298 22217 86808 43884 28824 28002 6251 15060 11183 822 687 81190 21751 5618 11112 1414 825 3026 1999 1411 1027 72828 25074 47754 4202 19191 588 2316
is_linear=0
shrinkage=0.025


Tree=4
num_leaves=31
num_cat=0
split_feature=63 68 12 50 26 44 52 60 47 28 19 15 52 70 37 18 57 39 16 2 52 19 50 50 67 39 47 48 51 28
split_gain=30.9762 19.5992 17.7415 13.9527 11.3008 9.90291 7.44827 7.40415 5.37875 6.26575 6.17795 5.67787 5.3419 4.92868 5.63715 4.67145 6.29801 4.63205 4.56958 4.51165 3.84536 3.67879 3.3161 5.486 3.29451 3.16759 3.07179 3.04168 3.12743 2.98702
threshold=-0.56994586763429378 0.32760466661744075 0.022382759923138346 -1.1163803093536357 0.0098653227497950084 -0.70611138710310128 2.7200000000000002 0.73801850221064214 0.46884472202362376 0.075191021419639084 -0.057173462075877139 0.73265148319654416 2.7200000000000002 0.49898785010346886 -0.64437013819449418 -0.020265224287914937 0.06408861013966656 0.018318429008599816 -0.055937828098538277 0.02018157862442416 0.13500000000000004 -0.08328656303151892 -2.200690082510647 0.073106014952590712 -0.40544069224829316 0.011650002654805426 -0.16227267156979783 0.090865458147435033 1.6950000000000001 0.31314706796610076
decision_type=8 10 10 8 2 10 2 10 8 10 10 8 2 10 10 10 10 10 10 10 2 10 10 10 10 10 10 10 2 8
left_child=3 2 -2 6 27 8 15 -7 10 -10 11 -5 20 14 25 -1 21 24 -16 -19 -6 -17 -15 -24 -9 -4 -18 28 -3 -12
right_child=1 4 13 5 12 7 -8 17 9 -11 29 -13 -14 22 18 16 26 19 -20 -21 -22 -23 23 -25 -26 -27 -28 -29 -30 -31
leaf_value=-9.8068691124557144e-05 -0.0036946774181053649 0.014871905253272203 -0.0079905561510853554 0.025951728511219269 0.0015861784244077734 -0.0023275657964741099 -0.014293614392691903 0.0013442224732204495 -0.024675418396994542 0.0033349134531630675 -0.0042532527843316672 0.00081119075036869377 0.0045998988979312899 -0.0099082784389046899 -0.0045522269187426231 0.0017121205882088552 0.014383842093133568 0.012096829521843136 0.017205920650527656 0.0014987101807076499 -0.0090006321713937201 0.018879346967044949 0.011744918564600462 -0.0028189720714601576 -0.013913622134109172 0.0093173177858614925 0.0035871414918587537 -0.007391148319073621 0.001428037309459815 0.0083645659810309327
leaf_weight=22.863808852387592 201.10930976422969 12.637222075136377 11.664362593321131 22.365698889829218 21.012785461964086 326.62889209052082 6.8424692687112829 98.893610724480823 4.4996858865488312 38.873974080663174 12.699607343878595 8.2982732269447315 19.002257883315906 10.191589431371538 5.6279741621110579 10.174823087640105 23.254478911403567 56.582373621407896 58.821069730911404 48.245617224602029 411.10557413008064 68.306166048394516 31.705987260327674 29.785296429879963 8.5020466644782555 12.24645986757241 63.859714423073456 16.446137456456199 59.131849315017462 63.18404328590259
leaf_count=767 25314 234 189 193 3020 27445 92 4398 67 1220 202 111 3003 244 56 293 512 1636 870 1916 71172 1226 674 766 288 279 1502 2315 2868 1021
internal_value=-7.05003e-06 -0.00327265 0.00121545 0.00331063 -0.00628789 0.00161789 0.00919595 1.77804e-05 0.00727365 0 0.0102666 0.0196704 -0.00788788 0.00741359 0.0113514 0.0101734 0.011627 0.00365539 0.0151432 0.0073621 -0.00846555 0.0168071 0.0023498 0.00465187 0 0.000597015 0.00671045 0.00180637 0.00410368 0.00612226
internal_weight=1784.56 900.488 361.152 884.075 539.336 688.774 195.301 538.853 149.921 43.3737 106.548 30.664 451.121 160.043 88.3599 188.459 165.595 212.224 64.449 104.828 432.118 78.481 71.6829 61.4913 107.396 23.9108 87.1142 88.2152 71.7691 75.8837
internal_count=153893 111004 28392 42889 82612 38497 4392 35683 2814 1287 1527 304 77195 3078 1394 4300 3533 8238 926 3552 74192 1519 1684 1440 4686 468 2014 5417 3102 1223
is_linear=0
shrinkage=0.025


Tree=5
num_leaves=31
num_cat=0
split_feature=63 69 64 50 44 26 31 48 60 57 45 78 8 20 20 54 20 76 39 43 54 65 45 55 66 21 47 55 67 50
split_gain=27.8756 30.8249 23.3452 16.5777 12.9303 11.9709 9.47299 7.05797 6.40046 6.16664 5.2714 5.02465 4.94153 4.90629 4.41042 4.12178 4.06704 4.99702 3.97746 5.73228 4.47135 3.90561 3.62055 3.61379 3.52158 3.41734 3.3757 5.34097 3.17446 2.9077
threshold=-0.56994586763429378 -0.4741392721132775 0.6308664652778383 -0.71170151321162523 -0.69413195161276042 0.0099550572882106548 -0.11134384099687004 0.16408839552231144 0.76947193841350947 -3.0734073757243388 -0.077114690913729619 0.65437227705165835 0.033588675710608869 0.51535072011010996 0.036696316272728763 117.90000000000002 0.18181283284685876 0.012806844896397137 0.017643471792524904 0.33750050664593251 111.25885000000001 0.14823909590619619 -0.035461861110504624 0.015000000000000015 0.3699487787689717 47.618943722769529 0.71874184972489308 1.3600000000000003 -0.97636704389134343 0.041064597479662089
decision_type=8 8 10 8 10 2 10 8 10 10 10 10 10 2 2 2 2 8 10 8 2 10 10 2 8 10 10 2 10 10
left_child=3 2 -2 8 7 -3 9 12 15 -4 -8 21 -5 -11 -12 16 17 -1 20 -20 28 -6 -14 -7 -22 -21 27 -9 -10 -13
right_child=1 5 6 4 11 23 10 26 18 13 14 29 22 -15 -16 -17 -18 -19 19 25 24 -23 -24 -25 -26 -27 -28 -29 -30 -31
leaf_value=0.018868321235538523 -0.0058023446812054714 0.0010395101942461257 -0.010433177162302154 0.016595217777093243 -0.0054485848796296194 0.015179705508194736 -0.014950160061240511 -0.010882755947829666 -0.001650098194593789 0.017124694582859291 0.0081402902431777276 0.0039999084144963486 -0.013337871402917917 -0.0086296206381720527 -0.0027379537493353642 0.015659133753286574 -0.0042636036303751353 0.0033226980685096968 -0.0021679837463151022 0.031143900402167409 -0.0023285228558108566 0.0089611986992341863 0.0072669824742857339 -0.0086013079507569635 0.018063694751160406 0.014059373751406271 0.013902724490072696 0.0057026092900475979 0.016254028881918178 -0.0044223716358073716
leaf_weight=13.391705339075996 116.3049880474573 101.00812207232229 4.8397946259938172 46.109797236742452 212.97789547778666 2.7550075077451757 7.8794214411173007 24.456692084204406 6.6610878743231288 81.558430988807231 73.484386678319424 88.500582676380873 5.1089690499939016 3.7995930295437566 31.866985127562657 17.066062317229807 36.655831611016765 152.41397908725776 10.583857331192119 9.4068895506206882 36.312911215703934 11.002294037723912 29.637530623935163 450.28787733672652 4.9406581798102698 71.938658429076895 7.4872107796836636 21.375007235445082 27.961765758693218 34.086741247563623
leaf_count=116 16170 6164 122 475 22573 457 435 589 119 1786 2307 3704 79 141 2020 407 1386 5318 140 72 636 582 490 81539 49 925 277 645 372 3997
internal_value=4.43729e-05 -0.0031014 0.00305648 0.00321937 9.95649e-05 -0.00666744 0.00816226 0.00666932 0.00705998 0.0141804 0.00320436 -0.00243662 0.0112735 0.0157879 0.00478564 0.00415835 0.00306554 0.00474974 0.0107551 0.0143142 0.00618993 -0.00466346 0.00368458 -0.00840046 0.000378609 0.0165499 -0.000269689 -0.00304006 0.0126602 0.00157725
internal_weight=1741.86 873.785 319.734 868.076 480.743 554.051 203.429 134.175 387.333 90.1978 113.231 346.568 80.8563 85.358 105.351 219.528 202.462 165.806 167.806 91.9294 75.8764 223.98 34.7465 453.043 41.2536 81.3455 53.3189 45.8317 34.6229 122.587
internal_count=154092 111141 22981 42951 33411 88160 6811 2555 9540 2049 4762 30856 1044 1927 4327 7227 6820 5434 2313 1137 1176 23155 569 81996 685 997 1511 1234 491 7701
is_linear=0
shrinkage=0.025


Tree=6
num_leaves=31
num_cat=0
split_feature=68 12 63 63 44 50 26 17 19 48 17 50 76 19 19 40 19 44 15 78 48 51 31 14 47 5 25 47 51 55
split_gain=27.3254 22.8961 21.5516 17.9037 10.0876 14.5374 9.59893 6.74915 6.61546 5.05365 5.02436 4.8612 4.79602 4.77628 4.09008 5.59462 4.03901 3.96295 3.34535 3.21914 3.20093 3.52294 3.1464 3.07284 3.55223 2.883 2.56404 2.54688 2.26794 3.06373
threshold=0.4750789821873791 0.022382759923138346 -0.56994586763429378 -0.5636993141820047 -0.68310963310455552 -0.81394906053050531 0.0099550572882106548 0.043835458528983857 0.017903304263951262 0.30710515610771139 -0.032653663422656069 -1.7476024476826086 0.14472263271569855 -0.045302928185529605 -0.063502146460525641 0.0040242472151703441 0.28679485901481899 -0.46930178520669802 0.18352079578690447 0.62219940679899621 -0.02588582228378259 2.3150000000000004 -0.13283375891148894 0.0085916866053729456 0.31793449125459433 -0.0083165179461199817 1.0306828191383202 0.040788147169883306 2.8650000000000007 0.2349999999999999
decision_type=8 10 8 10 10 10 2 10 10 10 10 8 10 10 10 10 8 8 8 10 10 2 10 10 10 8 10 10 2 2
left_child=1 3 10 4 13 8 20 9 -6 14 -2 17 27 18 -3 -16 -14 -12 -1 -7 21 -4 -5 24 -13 -23 -15 -11 -8 -30
right_child=2 7 6 22 5 19 28 -9 -10 12 11 23 16 26 15 -17 -18 -19 -20 -21 -22 25 -24 -25 -26 -27 -28 -29 29 -31
leaf_value=0.029002434916180056 -0.016176054349052751 0.019591129317026793 0.010229487982084524 0.0013983146367230245 -0.00037025726120859688 -0.0051056801067080933 -0.0095262075893475361 -0.0012130025901585732 0.010192060804500094 -0.0018095350237348645 0.017709239318751235 0.0049021788740192251 -0.00050576136087710757 0.009403235262632044 -0.01384696978440407 0.011688749985711977 0.017022614493054346 0 0.010266988734454908 0.00048107405166395421 -0.0090222957395669472 0.0073959770428260159 -0.0064130639914734017 -0.0097740886769037399 -0.0019652071610224246 -0.0067405639836709934 6.9526163857953612e-06 0.019677867829499113 0.012931404709490366 -0.0059397089419043888
leaf_weight=10.997329363133757 7.8267547154100603 52.875585679663345 25.726777374278754 36.093595473095775 52.028053278336301 137.55142737366259 327.29977951361798 31.516430610325187 116.43075191788375 3.2485523503273752 21.181582607794553 112.96736672194675 52.971944357035682 53.228468958288431 4.5385043600108466 70.637296781176701 8.3674702739808691 13.112874138168989 20.09059587796219 115.84511132445186 15.220724931918083 12.699929869500918 200.83055516565219 13.387025865493341 77.317006726749241 23.635623957496136 29.649903200101107 17.134759340435266 5.433908608043569 25.255286305909976
leaf_count=63 565 693 777 2955 1743 18001 62549 1931 2329 161 332 4447 1993 877 60 1261 153 283 183 7415 2167 345 30069 866 4074 1389 558 296 865 4665
internal_value=1.40862e-05 0.0026187 -0.00385072 0.000504496 0.0030426 0.00122816 -0.0071895 0.00932263 0.00690617 0.0109389 0.00203775 0.00274632 0.00579702 0.00961098 0.0140782 0.00985557 0.00204615 0.0113126 0.0179585 -0.0025319 0.000703234 0.00333286 -0.00519051 0.0012095 0.0020778 -0.00152129 0.00617898 0.0159957 -0.00891093 -0.00200228
internal_weight=1695.1 1014.04 681.065 772.746 535.822 421.855 435.272 241.291 168.459 209.774 245.793 237.966 81.7227 113.966 128.051 75.1758 61.3394 34.2945 31.0879 253.397 77.2831 62.0623 236.924 203.671 190.284 36.3356 82.8784 20.3833 357.989 30.6892
internal_count=154065 70741 83324 64193 31169 29488 72757 6548 4072 4617 10567 10002 2603 1681 2014 1321 2146 615 246 25416 4678 2511 33024 9387 8521 1734 1435 457 68079 5530
is_linear=0
shrinkage=0.025


Tree=7
num_leaves=31
num_cat=0
split_feature=68 63 12 63 30 60 60 40 76 49 19 47 78 20 47 41 78 48 52 55 48 17 18 43 32 20 65 24 52 16
split_gain=24.1597 16.6329 14.7784 17.8344 6.09603 4.89289 4.71601 3.95687 3.78794 4.9585 4.56243 3.64304 4.714 4.54649 4.33757 3.10223 3.05572 2.99454 3.84894 3.54817 2.98346 3.94282 2.92966 2.90867 2.70511 5.87312 2.9779 2.81437 2.54792 2.64521
threshold=0.45908561049663854 -0.56994586763429378 0.021166156251801117 -0.5636993141820047 0.10814618911721986 0.77729725180703746 0.74949080123618128 0.012472091198049711 0.088912991082188489 -0.91157514658220518 0.073555757359488286 0.92925757682929988 0.012806844896397137 -0.24740341305768329 -0.048895187587759258 -0.017055115039912135 0.057112654787073398 -0.032286229199013132 0.13500000000000004 0.015000000000000015 -0.85481293377331458 0.019185420170865445 -0.04432573158525293 0.13060251053127744 0.13111813446209766 0.049270321961465142 -0.82343228058198525 -0.93884569874656776 0.14500000000000005 0.80236160921033928
decision_type=10 10 10 8 10 8 10 10 8 10 8 10 10 2 10 10 10 10 2 2 10 10 10 8 10 2 10 10 2 10
left_child=2 6 3 5 11 8 20 16 10 -10 -1 12 -4 23 -14 -15 -7 -3 -19 -20 21 -2 -5 -13 25 26 -8 -26 -6 -30
right_child=1 17 4 22 28 7 24 -9 9 -11 -12 13 14 15 -16 -17 -18 18 19 -21 -22 -23 -24 -25 27 -27 -28 -29 29 -31
leaf_value=0.0089473227743030632 -0.0025317540132481888 -0.0047880284151413282 -0.010938539347670246 -0.00080042949663689281 -0.014289406940176611 -0.0026445557277100036 0.021854148607639151 -0.0034943319201146844 0.0091836624056172312 -0.0021566972154308892 -0.0016710628510352274 0.001659503184522018 0.0051911728313303665 0.013530042363004591 0.014310476100842901 0.00010337064766177227 0.0082177888825508624 0.0038762930930769492 0.016515806608810139 -0.010640889706734068 -0.0034046280018056444 0.020035125077675374 -0.0071464325655177978 -0.018252523983657769 -0.0033263354576774959 -0.012066728713033216 0.0016951082608530001 0.010571935427211555 0.0055964269074694102 -0.007697159731406427
leaf_weight=65.689117979956791 9.5450231535360235 214.21397779113613 4.7975974511355153 67.555590877076611 6.2666744692251077 16.212361824698746 5.5896505026612422 22.647976178443059 26.134646082529798 196.47892905632034 38.445142148761079 8.4587223780108598 52.448331270599738 23.288109520450231 113.6403428040212 21.255661799339581 169.24788377154619 11.606193490326403 1.8197591912467022 174.5325494161807 104.22770412953105 7.3148820674978188 160.78770461329259 7.1291125414427361 9.3193098588380945 14.144983052276073 17.871923636179421 56.340619669528678 29.621940925950184 11.996436062734572
leaf_count=1873 281 33138 84 7722 339 622 95 1128 1333 19115 1327 199 1328 394 2108 419 5770 2108 277 34815 7630 160 27217 123 247 319 402 1280 1121 1240
internal_value=-8.8358e-06 -0.00388867 0.00231838 0.000504427 0.00723193 0.00300948 0.00153322 0.00600227 0.0010655 -0.000749738 0.00498156 0.00890957 0.0107871 0.00334489 0.0115335 0.00745777 0.00721716 -0.00692745 -0.00928024 -0.0102087 -0.00176264 0.00752457 -0.00531563 -0.00765427 0.0054455 0 0.00763175 0.00846284 -0.000728871 0.00148109
internal_weight=1668.63 626.527 1042.1 763.199 278.903 534.856 224.354 208.108 326.748 222.614 104.134 231.018 170.886 60.1316 166.089 44.5438 185.46 402.172 187.959 176.352 121.088 16.8599 228.343 15.5878 103.266 37.6066 23.4616 65.6599 47.8851 41.6184
internal_count=154214 80752 73462 66107 7355 31168 10414 7520 23648 20448 3200 4655 3520 1135 3436 813 6392 70338 37200 35092 8071 441 34939 322 2343 816 497 1527 2700 2361
is_linear=0
shrinkage=0.025


Tree=8
num_leaves=31
num_cat=0
split_feature=62 69 64 60 76 26 4 18 54 31 39 48 3 32 42 37 53 52 0 48 52 60 37 54 17 35 75 1 40 69
split_gain=25.3347 30.3186 18.8324 11.5765 7.63905 7.51824 6.33909 6.25506 4.73686 6.09948 4.145 4.22656 4.03812 3.94605 3.91172 4.13615 4.05145 3.88256 3.65819 4.08992 3.14616 3.14517 3.2003 2.92855 2.90853 3.91213 2.90527 2.8773 2.7543 2.62041
threshold=0.28629444554390138 -0.4741392721132775 0.6308664652778383 0.78121804703476494 0.016859871196979796 0.0098653227497950084 -0.054840659534695406 0.061165812391554726 108.19290000000001 -0.0018453223705804376 0.031293367560276238 0.12398930383331062 -0.014498386002684825 0.060924992651014816 -0.0021312514056094573 0.0272665062897871 21.220000000000002 2.7200000000000002 -0.024918712740003842 -0.49753019107243485 0.13500000000000004 0.89025652678887057 0.48852277407904771 112.77090000000001 0.01849462641736677 0.12654824739946394 -0.087976842616488901 -0.016111777278393521 0.0050436044019060355 -1.6383012990822652
decision_type=8 8 10 10 10 2 8 10 2 8 10 10 10 8 10 10 2 2 10 10 2 10 8 2 10 10 8 8 10 8
left_child=3 2 -2 4 6 27 29 14 9 -8 23 21 -9 -10 15 -4 -16 20 -6 28 -7 -12 -23 24 25 -5 -14 -3 -20 -1
right_child=1 5 7 10 18 17 8 12 13 -11 11 -13 26 -15 16 -17 -18 -19 19 -21 -22 22 -24 -25 -26 -27 -28 -29 -30 -31
leaf_value=0.026613316452379493 -0.0061483306206033955 0.010382100919342885 0.0077506569825945282 0.0067149479296088679 0.013700217111549232 0.00088462954770180367 0.022150258367039953 -0.021345143090946206 -0.018296017683394127 0.0014306073579074558 0.019185018449283237 0.0011521646762453267 0.010186130750619271 0.00082396445931779382 0.002680546605904166 0.021237463296911663 0.012425582269707308 0.0025150300990462509 0.0087349188508083469 -0.0023786031889743834 -0.0091153540161219015 0.01145907649100935 -0.0081251495246034422 0.0015906447691729467 0.0012903185933578832 0.019996232716215593 -0.0025696245592043859 -0.0018683787198605032 0.0001270980175255726 0.0093082064414173309
leaf_weight=10.781034015584735 103.81207634403836 13.571018930291755 39.638170176651329 56.044590167934075 9.8081015698844549 19.065122370840982 13.118125709006561 4.2897231997922054 7.2970215973909935 26.17312311148271 41.670249338028952 19.769239431712776 14.620872792089356 29.324822824681178 89.413570145377889 26.469469622941688 39.297360073775053 18.94769836589694 36.835540608270094 297.23204653826542 388.10338064050302 22.832364999921992 5.2681338924448964 85.723728091921657 32.264658705564216 20.036765484139323 35.540942515479401 61.125716282054782 64.500109580811113 17.948803198290992
leaf_count=62 16121 618 819 1207 542 3186 193 43 79 892 808 913 394 579 2984 382 558 2989 1416 28264 75791 401 107 3164 1089 315 1632 5203 3010 233
internal_value=0.00010936 -0.00287567 0.0027144 0.00331788 0.00105431 -0.00682877 0.00704436 0.00644713 0.00302802 0.00898491 0.00736441 0.0118686 -0.00090628 -0.00324707 0.00853363 0.0135446 0.00580088 -0.00810884 -0.000478423 -0.000886174 -0.00862753 0.0147286 0.00734916 0.00518767 0.00791658 0.0105659 0.00115345 0.00038745 0.0033948 0.0168593
internal_weight=1650.52 853.895 353.082 796.628 513.019 500.813 104.643 249.27 75.9131 39.2912 283.61 89.54 54.4515 36.6218 194.819 66.1076 128.711 426.116 408.376 398.568 407.169 69.7707 28.1005 194.07 108.346 76.0814 50.1618 74.6967 101.336 28.7298
internal_count=153994 110720 22933 43274 35270 87787 2038 6812 1743 1085 8004 2229 2069 658 4743 1201 3542 81966 33232 32690 78977 1316 508 5775 2611 1522 2026 5821 4426 295
is_linear=0
shrinkage=0.025


Tree=9
num_leaves=31
num_cat=0
split_feature=46 12 62 63 12 50 76 78 22 35 50 37 69 52 16 62 42 52 47 51 53 12 41 55 46 62 31 51 50 50
split_gain=23.1317 16.2371 14.9236 9.96276 9.37501 8.44098 10.7228 5.92051 5.65471 5.3873 4.99335 4.74766 4.72569 4.45588 4.37539 4.01137 3.95955 3.65688 3.99071 3.40812 3.0845 2.98866 2.89678 3.45683 2.80475 4.39558 2.74712 2.49558 2.47323 2.11827
threshold=0.98013513811363329 0.026261173496707157 0.2782342421379404 -0.56994586763429378 0.021166156251801117 -0.69907197828299694 0.049197917238602472 0.65437227705165835 1.5391237024764444 0.0059833542251203639 -0.4780936864676521 -0.47453001404647921 -0.43366741245037616 2.7200000000000002 0.80681641837514628 0.9896587273069487 -0.0022436943782717894 0.13500000000000004 0.77365919615114676 2.5150000000000001 16.285000000000004 0.0076395617834194261 -0.028549359549449257 0.03000000000000003 1.1875356623626303 0.0621717804494442 -0.13474023485831141 1.7650000000000003 -1.6871244817054347 -1.2351300031836756
decision_type=10 10 10 8 10 8 10 10 8 10 10 10 8 2 10 10 10 2 10 2 2 10 10 2 10 10 8 2 10 10
left_child=1 3 9 5 26 11 20 -8 14 28 24 21 -4 22 17 16 -6 -3 -19 -13 -7 -1 23 -14 25 -11 -5 -24 -2 -16
right_child=2 8 12 4 15 6 7 -9 -10 10 -12 19 13 -15 29 -17 -18 18 -20 -21 -22 -23 27 -25 -26 -27 -28 -29 -30 -31
leaf_value=-0.0076117694167281398 0.0064964166103132952 -0.0023715247527144791 0.017137716142346899 0.0011252349226096858 0.010850196851061665 0.0093248444858296271 -0.0061800480558193843 0.001746624644880027 -0.0049980145611715904 0.019598920015207053 -0.0032608043591401945 0.0062517229805201845 0.011185990178300985 0.0059605007052432688 0.0104362190049751 -0.019725390005494392 0.0010214474015624415 0.018710591905364029 0.0073087754123782366 -0.0010848579587154083 3.1271954751693557e-05 0.013496099560168768 -0.003215782398705712 -0.013919862662130035 0.014701076083936702 0.00060477940756747137 -0.0061281421613211262 -0.00871714796400027 -0.0087496181867230786 -0.0041401082607083802
leaf_weight=3.2833749677520236 6.8164230945985755 7.1818233495578161 3.5587580725550652 35.858428174629807 35.901649185921997 77.722764216596261 134.31552775506862 101.36228421749547 13.193046322790904 8.4441309012472612 31.060541543643922 136.49799319566227 2.4050660731736562 12.782715098699553 8.8175824882928264 3.3687576865777364 90.46747334394604 62.970792624633759 34.413844702299684 52.819479380967095 33.406064096605405 60.593002939131111 84.301007744972594 71.470718127093278 27.629865339491516 41.055005161790177 221.63245768775232 168.43780558928847 31.800855764187872 14.691507463809105
leaf_count=123 232 132 56 3201 892 1639 18257 6665 715 129 2181 3385 359 2004 332 74 2560 967 461 1844 1241 1456 15279 14436 484 1130 38637 31079 2774 1357
internal_value=-2.94117e-05 0.00193493 -0.00456453 0.000787085 -0.00232417 0.00280814 0.00024761 -0.00274764 0.00982958 0.00205421 0.00494292 0.00626817 -0.00741685 -0.00775581 0.0114472 0.00310127 0.0039484 0.0136252 0.0148955 0.00417151 0.00662808 0.0121755 -0.00833535 -0.0128369 0.00834173 0.00438014 -0.0050885 -0.00693557 -0.00575546 0.00126484
internal_weight=1618.26 1128.5 489.763 987.229 387.229 600 346.807 235.678 141.269 146.807 108.19 253.194 342.956 339.397 128.076 129.738 126.369 104.566 97.3846 189.317 111.129 63.8764 326.615 73.8758 77.129 49.4991 257.491 252.739 38.6173 23.5091
internal_count=154081 83938 70143 79974 45364 34610 27802 24922 3964 6930 3924 6808 63213 63157 3249 3526 3452 1560 1428 5229 2880 1579 61153 14795 1743 1259 41838 46358 3006 1689
is_linear=0
shrinkage=0.025


Tree=10
num_leaves=31
num_cat=0
split_feature=68 63 64 63 50 44 60 20 3 18 64 78 60 54 26 19 77 29 50 26 48 33 15 0 19 20 51 29 65 67
split_gain=21.6014 19.6758 11.2139 11.9707 7.31482 12.7719 6.86449 5.94273 6.15566 5.7313 5.64215 5.09544 4.87672 4.86153 4.53488 4.35258 4.23679 4.13691 3.86312 3.59271 3.31815 2.90912 2.80362 2.76141 2.74843 5.06291 3.87457 2.71999 2.61896 2.42753
threshold=0.41517515781986314 -0.56994586763429378 0.87863095545568826 -0.56994586763429378 -0.81394906053050531 -0.69413195161276042 0.76947193841350947 0.2881070291750642 0.1279501848208783 0.040766195111501931 0.6308664652778383 0.65437227705165835 0.025130917607431389 118.73545000000001 0.013268075264023712 -0.073052601147370319 -0.08421046351428059 -0.055563571757854695 -1.7476024476826086 0.0099550572882106548 -0.41976461535194393 0.0064933625899958889 0.65304475182706712 -0.0064771013758607712 0.16075851078692086 0.01554454430197469 1.635 -0.10693635767367919 0.57121193866990805 1.0269662365885834
decision_type=10 10 10 8 8 10 10 2 10 8 10 10 10 2 2 10 10 10 10 2 10 8 10 10 8 2 2 10 10 10
left_child=2 6 3 4 13 9 20 8 14 -6 -5 -7 -9 15 22 -1 -16 27 -8 -3 23 -14 -4 -2 25 -20 -26 -12 -19 -10
right_child=1 19 7 10 5 11 18 12 29 -11 17 -13 21 -15 16 -17 -18 28 24 -21 -22 -23 -24 -25 26 -27 -28 -29 -30 -31
leaf_value=-0.0035739973376918244 -0.01223269694153041 -0.00041891390449889509 -0.0089081611623569399 -0.0063929136407995003 0.013897474353652016 -0.0057556940081536006 0.015690636869835638 0.012082884820436103 0.00087979503079067302 0.0019614748176848685 -0.00050591979738192835 0.0016887192357910843 -0.023813530434547904 0.017216561366200433 0.015698916377875183 0.0070533104256411908 0.0061139703652637488 0.00041258947561862775 0.014814193498377141 -0.0080592771840680647 -0.0054748502233099242 -0.00026830320670153421 0.009316198127030436 0.0046466597221543086 0.010414541175936994 -0.0053011306380178914 -0.0031540903540724628 0.010624649685842414 -0.010449031660925078 -0.022014748175414975
leaf_weight=26.944701704196632 5.5670582125894716 45.969835698371753 10.560394676635044 152.90024942357559 52.201031040865928 125.6810914715752 21.133927096379921 5.8692384429741677 5.4323284497950208 51.545644396799617 21.593468592502177 102.09207741450518 6.373652619775382 24.948353457730263 85.219745376612991 148.0807304980699 51.492671934189275 34.40245017549023 26.393571702763438 333.73543898714706 75.369546688860282 7.0075362036004671 8.2823249492794258 48.087289036717266 16.998236003099009 9.539617258589713 45.656064356211573 30.987854485400021 20.659525844734162 3.7137672768440098
leaf_count=940 334 4879 191 26759 598 17736 212 103 240 1375 647 6465 137 362 1038 2919 863 3386 551 69849 8079 358 141 1703 458 326 958 1366 1198 93
internal_value=2.41324e-05 -0.00358222 0.00235553 0.00104804 0.00320496 0.000893368 0.00185461 0.00790137 0.00944895 0.00812888 -0.00331782 -0.00239485 -0.00475006 0.00697168 0.0106531 0.00536151 0.0122277 0.00100357 0.00615289 -0.0071582 -0.00209612 -0.0130344 -0.000445263 0.00252928 0.00386905 0.00927322 0.00053619 0.00600493 -0.00366538 -0.00916677
internal_weight=1604.44 628.451 975.989 792.037 531.494 331.52 248.745 183.952 164.701 103.747 260.544 227.773 19.2504 199.974 155.555 175.025 136.712 107.643 119.721 379.705 129.024 13.3812 18.8427 53.6543 98.5875 35.9332 62.6543 52.5813 55.062 9.1461
internal_count=154264 87349 66915 63751 30395 26174 12621 3164 2566 1973 33356 24201 598 4221 2233 3859 1901 6597 2505 74728 10116 495 332 2037 2293 877 1416 2013 4584 333
is_linear=0
shrinkage=0.025


Tree=11
num_leaves=31
num_cat=0
split_feature=46 12 63 63 57 50 44 40 60 72 69 52 36 29 79 26 29 75 46 28 52 19 19 69 70 26 50 33 39 14
split_gain=22.2145 17.504 13.9463 12.0892 7.49466 7.20805 10.4969 5.53264 5.02722 4.60804 4.47024 4.42939 4.41777 4.33611 4.05873 3.98035 4.95019 4.89243 3.64099 3.52335 3.36734 3.31614 3.20672 3.11888 4.72075 2.84202 2.47859 2.62893 2.3498 2.34288
threshold=0.98013513811363329 0.021166156251801117 -0.56994586763429378 -0.57611216045627989 0.27140850763825058 -0.81394906053050531 -0.69413195161276042 0.013103853991238265 0.78121804703476494 0.82419748330765297 -0.43366741245037616 2.7200000000000002 0.012225459530536777 -0.059424735964361423 -3.0238861843791951 0.021968550509321848 -0.071768080191351155 -2.8780876620046194 0.16825464031057735 0.2252254883941773 0.13500000000000004 -0.06825736333500125 0.13067265510671613 -1.2294148049806126 0.81236893588024539 0.0099550572882106548 -1.7777085659123648 0.014700742883595465 -0.018678049831782725 0.003829921850952839
decision_type=10 10 8 10 10 8 10 10 10 10 8 2 10 10 10 2 10 10 8 10 2 10 10 10 10 2 10 10 10 10
left_child=1 2 5 9 14 7 18 12 -8 26 -5 20 -1 19 -3 16 -16 -17 -7 -6 -12 -4 -11 24 -15 -22 27 -2 -21 -28
right_child=3 4 21 10 13 6 8 -9 -10 22 11 -13 -14 23 15 17 -18 -19 -20 28 25 -23 -24 -25 -26 -27 29 -29 -30 -31
leaf_value=0.0097193532588871444 0.010185887162566817 -0.012691433304592468 -0.00080660868318121299 0.01618037054315534 0.0062180039749222885 0.014077954441602793 -0.0057257020444977874 -0.0052458175745717624 0.0017046316933232713 -0.0034113733908607679 0.0033960746529921359 0.0058803248481376904 0.0021583557474632448 -0.0056190782078960827 -0.0037695327788919821 -0.00016528901346990257 0.0095240153100376677 0.014437047612166715 0.0033492852252666565 -0.0044945600152464195 -0.001828960375095666 -0.0070715791915931334 0.016674163096987646 -0.00062484577592058534 0.017364199339390759 -0.0098527527926026703 0.0063379573177278605 -0.0082182777015582242 -0.026650153163172815 -0.0042318870649799356
leaf_weight=126.36647154437378 20.170772554585714 3.7636920139193526 82.300881625851616 3.6711414298042655 5.0922556701116291 27.080636112950742 158.14728302322328 25.409791389945894 85.806661000708118 5.5842250483110574 13.011336784809826 12.817865557270123 83.813082712236792 6.7400071017909822 24.32123808702454 15.154930541291831 52.020600875141099 116.06441581412219 80.008464871207252 7.8976726229302594 34.239443665603176 164.10548868239857 16.806000847369432 36.993360849563032 17.106825449038297 255.92020905343816 14.022409017663447 4.8458081539720288 5.9564344834070626 80.602384004392661
leaf_count=2583 336 78 10963 51 182 204 22389 777 4611 376 2359 2035 1951 145 465 276 1083 2836 1671 328 3755 30732 343 2013 456 55067 802 76 148 5116
internal_value=-9.13153e-05 0.00180019 -3.7757e-05 -0.00470578 0.00706384 0.00204961 -0.000202806 0.00542154 -0.00308606 0.00131176 -0.00739777 -0.00775553 0.00676911 0.000424985 0.00951852 0.0100278 0.0051994 0.0127077 0.00625754 -0.00955432 -0.00837759 -0.00502339 0.0114281 0.00377824 0.0106108 -0.0089431 -0.000614072 0.00612186 -0.0158834 -0.00252752
internal_weight=1585.84 1124.15 833.039 461.692 291.111 586.632 351.043 235.589 243.954 142.032 319.66 315.989 210.18 79.7866 211.325 207.561 76.3418 131.219 107.089 18.9464 303.171 246.406 22.3902 60.8402 23.8468 290.16 119.641 25.0166 13.8541 94.6248
internal_count=154207 83891 75881 70316 8010 34186 28875 5311 27000 7049 63267 63216 4534 3272 4738 4660 1548 3112 1875 658 61181 41695 719 2614 601 58822 6330 412 476 5918
is_linear=0
shrinkage=0.025


Tree=12
num_leaves=31
num_cat=0
split_feature=68 62 12 63 60 21 50 44 17 18 50 66 54 75 39 56 52 48 52 43 46 59 52 26 65 55 38 16 50 61
split_gain=23.6042 19.4488 18.8068 13.5951 6.5398 5.20075 6.05501 5.64647 5.09378 4.26506 4.00253 4.70319 4.61039 4.69717 4.19186 3.68408 3.35347 3.2877 3.15515 2.99691 2.81978 2.7826 2.66721 2.74971 2.46441 2.25926 2.14704 3.36009 2.09721 3.16634
threshold=0.41925505781276129 0.28223332673659218 0.021166156251801117 -0.56994586763429378 0.77344493352896715 1.0000000180025095e-35 -0.81394906053050531 -0.65360622706861049 0.043835458528983857 -0.053398272562514219 0.68046164533408149 0.92502676659528926 112.94865000000001 0.56892350493984634 0.015317282313024318 0.86320287899235282 2.7200000000000002 -0.41189310831390852 2.5650000000000004 1.0793897185790728 1.1875356623626303 -1.1556721758517698 0.13500000000000004 0.0098653227497950084 0.48722711839230287 0.015000000000000015 -0.16324317066831082 1.0396803228150551 -0.68688815302132433 0.7711595103499419
decision_type=10 10 10 8 8 10 10 10 10 10 10 10 2 10 10 10 2 10 2 8 10 10 2 2 10 2 10 10 8 10
left_child=2 4 3 5 17 -1 15 -8 10 24 11 18 19 -14 -13 -7 22 -2 -4 -12 26 -10 -3 -24 -5 -25 -6 -28 29 -22
right_child=1 16 8 9 20 6 7 -9 21 -11 12 14 13 -15 -16 -17 -18 -19 -20 -21 28 -23 23 25 -26 -27 27 -29 -30 -31
leaf_value=0.014945134273076342 0.002057217184453404 0.0013408124297501244 0.013863901335681095 -0.0022137569628689984 -0.0010328251361799217 0.0059858745124791966 0.0049789531931840342 -0.0031060725128153367 0.014830465587778285 -0.0079513135699840077 0.014311241055819882 -0.0031502302457152571 -0.0080268806618795218 0.01178079764606501 0.010847544627533703 -0.0058660226701282969 0.002929190116688032 -0.0065953097225862761 -0.00066754445490949934 -0.002537539937492137 0.0031838459612997744 -0.0042543044407307318 -0.0019616297734644959 0.0098759612958705754 0.010979186672460469 -0.009508913907844925 0.012553836499888525 0 0.0020020550548008951 0.02438311535260957
leaf_weight=18.465540362987667 48.506363436346874 16.612174327718094 135.70479511318263 46.171716462471522 37.182425534585491 186.77854614518583 74.290698898024857 186.29873206221964 4.3687184148002407 135.09223859349731 24.071486341534182 25.458285810658708 26.818414559122175 8.8573105460964126 24.831554470118135 16.375065194675699 16.938129690708593 58.052527182037011 8.8557648179121298 7.5398102919571128 8.4728148686699587 30.082810660009272 39.739525333978236 2.5078706142958245 9.6585760056041163 295.96400863095187 26.652039233129472 23.551945983897895 10.555688254069539 12.302403851179404
leaf_count=129 2021 2868 2408 5878 976 4037 1565 22838 103 25474 290 289 893 315 345 426 2637 7473 109 99 115 1804 4585 415 396 64130 598 602 314 109
internal_value=-2.80628e-05 -0.00393898 0.00237398 4.84197e-05 0.00182553 0.00229517 0.00173806 -0.000760229 0.00760536 -0.005566 0.00879211 0.0106208 0.00329364 -0.00268245 0.0037075 0.00496502 -0.00744683 -0.00260797 0.0129241 0.0101181 0.00585379 -0.00120612 -0.00797142 -0.00845404 0.000120092 -0.00928211 0.00334034 0.00667362 0.0122518 0.0167246
internal_weight=1566.76 597.038 969.72 673.131 225.276 482.209 463.743 260.589 296.589 190.923 262.137 194.85 67.287 35.6757 50.2898 203.154 371.762 106.559 144.561 31.6113 118.717 34.4515 354.824 338.211 55.8303 298.472 87.3864 50.204 31.3309 20.7752
internal_count=154241 86843 67398 60743 12208 28995 28866 24403 6655 31748 4748 3151 1597 1208 634 4463 74635 9494 2517 389 2714 1907 71998 69130 6274 64545 2176 1200 538 224
is_linear=0
shrinkage=0.025


Tree=13
num_leaves=31
num_cat=0
split_feature=68 64 63 63 64 50 58 61 29 39 30 73 68 52 50 50 68 67 77 0 52 60 1 26 47 52 1 52 32 80
split_gain=21.0676 19.0733 14.3379 9.01059 7.85064 7.54848 9.03152 6.01139 5.60408 5.41898 5.17831 5.0359 6.23473 4.5808 4.35713 4.22364 4.15396 3.86453 3.7611 3.52295 3.43845 3.07898 2.95239 2.87537 2.80591 2.78924 2.60183 2.44529 2.34431 2.06631
threshold=0.47912308228730832 0.87863095545568826 -0.57611216045627989 -0.56994586763429378 0.6308664652778383 -0.69907197828299694 0.10062247362235742 0.18398599884355465 -0.042976049062102166 0.038866935596649672 0.12377585696585237 -1.8395225310527104 0.14841379599363005 2.4950000000000006 -0.76119353001793166 -0.89253198943734569 0.21601605204916943 -0.65886055159181234 -1.2589708883245441 -0.00030554726911713454 2.7200000000000002 0.012806844896397137 0.00065043674941767115 0.0098653227497950084 0.71874184972489308 0.70500000000000007 0.016588725690895426 0.13500000000000004 0.10905687039627467 1.0000000180025095e-35
decision_type=10 10 10 8 10 10 10 8 10 10 10 10 8 2 10 10 10 8 10 10 2 8 10 2 10 2 10 2 10 2
left_child=1 3 7 5 -5 9 17 -2 25 26 11 12 -3 16 19 -15 -13 -7 -8 -9 23 -12 -11 -4 -23 -6 -1 -25 -21 -29
right_child=2 10 20 4 8 6 18 14 -10 22 21 13 -14 15 -16 -17 -18 -19 -20 28 -22 24 -24 27 -26 -27 -28 29 -30 -31
leaf_value=0.0046146304314331416 -0.0048571324930881937 -0.021592701057950844 -0.00073112703383626727 -0.0066002720319903348 0.010912760753037629 0.018790173731197415 0.0053255642073649885 9.1595357143832906e-05 -0.0050717341240490857 0.018887348682095913 0.017405216360986044 0.015524630308930318 0.010956621250088635 0.014768201426046358 -0.00082468406572268045 -0.01162931693456456 0.0062112105646862543 -0.00020730596633253075 -0.0033543520426567671 0 0.003380884445881146 0.0015313412148966951 0.0069864985758575672 0.0010556957033565023 -0.016232482322576978 0.00057648977074948639 -0.00201014360696832 -0.011272331409477703 0.015224869337047156 -0.0065140498131529964
leaf_weight=172.23251224076375 53.47932793898508 5.7314887167885873 35.963724819244817 167.11124556860887 36.832405766937882 18.698330778861418 34.716819846071303 20.790777969406918 42.161613564239815 22.58149418537505 2.9510960220359292 107.18491552188061 6.4543564384803185 4.6988389294128856 43.528505209367722 9.1251010629348439 49.045903343940154 8.8865347618702817 217.49223381944466 8.2881027332041395 17.084477379918098 11.523885506670924 41.933196095284075 14.241568159079177 8.2092614360153657 31.654000487178564 44.604950222652406 137.85937728022691 39.469320494681597 129.22010949475225
leaf_count=4062 5432 59 4100 31285 1299 535 707 530 4846 401 45 1158 133 65 2406 169 1162 605 24609 225 2535 491 1063 2579 409 1853 1344 30813 614 28714
internal_value=0.00013375 0.00215917 -0.00407536 0.00047487 -0.00318806 0.00230424 -0.000580053 0.00189723 0.00191385 0.00518938 0.00897495 0.0103764 -0.00435562 0.011499 0.00520371 -0.00169454 0.0127181 0.012656 -0.0021104 0.00908763 -0.00705112 -0.00192597 0.011535 -0.00764701 -0.00600727 0.00633522 0.00321391 -0.00849772 0.0127525 -0.00903754
internal_weight=1543.76 1043.83 499.925 838.905 277.759 561.146 279.794 165.556 110.648 281.352 204.925 182.241 12.1858 170.055 112.077 13.8239 156.231 27.5849 252.209 68.5482 334.369 22.6842 64.5147 317.285 19.7331 68.4864 216.837 281.321 47.7574 267.079
internal_count=154248 76300 77948 72609 39283 33326 26456 9207 7998 6870 3691 2746 192 2554 3775 234 2320 1140 25316 1369 68741 945 1464 66206 900 3152 5406 62106 839 59527
is_linear=0
shrinkage=0.025


Tree=14
num_leaves=31
num_cat=0
split_feature=68 12 62 62 58 50 76 18 17 58 72 51 50 58 37 12 29 18 73 47 39 39 37 60 60 0 64 61 43 47
split_gain=21.1311 16.9781 10.8288 9.20878 6.64232 5.47529 7.17128 6.14122 5.30494 5.39776 4.78268 4.55708 4.47981 4.3892 4.29498 4.07619 3.99183 6.41932 3.46982 3.44686 3.32892 3.24753 3.225 3.15738 2.85501 2.80527 2.49551 2.16375 2.12651 1.9974
threshold=0.47912308228730832 0.021166156251801117 0.28223332673659218 0.29022106436431838 0.12845035500957966 -0.97707079265569008 0.053180611756515693 0.046215654075378761 0.042500761201181299 0.18796074826410583 0.58002196808166973 2.5150000000000001 -1.7476024476826086 0.19210327191838897 0.12414504908327073 0.025324225384607452 -0.08289826332495541 -0.066756038383474756 0.16000979830641418 0.31085540154159308 0.030747224297903889 0.015670882025268121 -2.347580425194018 0.77344493352896715 0.76155482583902701 0.0046665666021710192 0.66700268817204311 0.01613197941488264 -0.88165296436045859 1.1115504584696778
decision_type=10 10 10 10 10 8 10 8 10 10 10 2 10 8 10 10 10 10 10 10 10 10 10 10 10 10 10 10 10 10
left_child=1 3 12 5 14 10 7 -7 9 15 20 -12 27 21 16 -6 22 -18 -11 23 -1 26 -3 -14 -8 -25 -5 -2 -10 -21
right_child=2 4 -4 13 8 6 24 -9 28 18 11 -13 19 -15 -16 -17 17 -19 -20 29 -22 -23 -24 25 -26 -27 -28 -29 -30 -31
leaf_value=0.0068491065465215734 -0.0022733032407556207 0 -0.0069757883931714773 -0.0021432491423197483 0.0026887705700399884 0.00955021397940925 -0.0048477773791039741 -0.00067281692377915649 0.0055314125402545029 0.011373115591892207 0.0055160987848546896 -0.006011775859664655 -0.0030269184642778774 -0.0070649147439544634 0.018511429345169472 -0.022816167902585931 -0.017867456547742726 0.0075854042415257191 0.0039420983311999162 -0.0080482863677618713 0.02121304853573152 -0.0055266774472129791 0.017754532510109496 0.012625652328699897 0.00074380547907089976 -0.00026942711900984249 0.011134861459016633 0.012185946419056477 -0.008983050078721291 0.0049308944517918486
leaf_weight=38.248341842088848 6.96465970436111 8.0972207929007727 328.96437270764727 12.791201055748386 7.4755700286477786 69.976396054262295 149.07102111913264 72.965733071789145 6.9330657843966064 68.375110983033665 72.185928455553949 28.673197886906564 35.714569427538663 143.38014201435726 39.800185086089186 5.7404593727551401 7.3929253860842463 20.876067927805707 105.97859828895889 45.534952650894411 15.319738140329717 25.68045795627404 23.745990742696449 22.284474953077734 88.170559433754534 17.039603921584785 20.991032789926976 26.091370222391561 23.062174317194149 7.2171262684278181
leaf_count=812 262 153 68343 2198 168 1423 20832 3305 419 1494 1385 844 3624 27904 476 127 90 312 2462 3825 331 3604 357 450 5062 355 1061 368 1700 486
internal_value=-9.20871e-05 0.00189518 -0.00438162 -0.000178327 0.00671772 0.00153259 -6.46496e-05 0.00431761 0.00417482 0.00575445 0.00548319 0.00213321 0.000890072 -0.00470685 0.0120656 -0.00884627 0.00739668 0.00021793 0.00695681 -0.00119991 0.0114687 0.000882714 0.0133033 0.00216236 -0.00274493 0.00701046 0.00599183 0.00894763 -0.00530405 -0.00606339
internal_weight=1544.74 1054.93 489.811 737.454 317.477 534.611 380.184 142.942 217.565 187.57 154.427 100.859 160.847 202.843 99.9124 13.216 60.1122 28.269 174.354 127.791 53.5681 59.4627 31.8432 75.0386 237.242 39.3241 33.7822 33.056 29.9952 52.7521
internal_count=154232 76519 77713 68761 7758 33994 30622 4728 6370 4251 3372 2229 9370 34767 1388 295 912 402 3956 8740 1143 6863 510 4429 25894 805 3259 630 2119 4311
is_linear=0
shrinkage=0.025


Tree=15
num_leaves=31
num_cat=0
split_feature=46 12 11 16 50 50 44 18 5 19 73 61 9 12 40 0 22 52 73 68 31 61 47 12 18 7 12 50 33 44
split_gain=18.9428 20.6214 11.0955 5.35664 5.17098 4.83156 8.72473 5.39544 4.99186 4.62108 4.51944 4.25954 3.83387 4.81769 3.56195 3.38115 3.37038 3.26086 3.24043 3.02595 2.71329 3.08816 2.51845 2.47066 2.32218 3.3563 2.29314 2.27007 2.00629 1.9857
threshold=0.94933526565226789 0.021166156251801117 0.0097938314736618973 0.79264001174423449 -0.5014253690200644 -0.76119353001793166 -0.70611138710310128 0.040766195111501931 0.036902017735157895 0.13773701354938098 0.2090016128262393 0.065558047209543793 -0.2679573375709432 0.04482431517779429 0.0045679405977427758 0.017481198006910174 -0.74861255254876735 2.7200000000000002 0.75936691672926582 0.39957034206494257 -0.13474023485831141 0.54565501941146299 1.1416194753214031 0.013795846292069433 -0.07801464505639287 0.0043296903778908833 0.035539652476200896 0.030469939091533425 0.016254416563344923 -0.7190884534383315
decision_type=10 10 10 10 10 8 10 8 10 10 10 10 10 10 10 10 10 2 10 8 8 10 10 8 10 10 8 10 10 8
left_child=1 5 4 12 11 8 7 14 9 23 -11 -2 24 15 -7 -14 -15 19 28 26 -8 -22 -6 -1 -3 -26 -4 -5 -13 -21
right_child=2 3 17 27 22 6 20 -9 -10 10 -12 18 13 16 -16 -17 -18 -19 -20 29 21 -23 -24 -25 25 -27 -28 -29 -30 -31
leaf_value=0.0031748751951536031 -0.003989091446622104 0.022858562694086544 0.013872084416127653 0.0033471971566720509 -0.0081258399738213458 0 0.0026183034163484152 -0.00052546225478501099 -0.010581301414743574 0.016717191894371489 0.003303155223970157 0.0075157979327709875 0.0097916618043141987 0.0069773647665948291 0.014332125769418159 0.00034396109073777379 -0.015876529375588099 0.0048089115562497588 0.019946585938333598 0.0031171482337299596 -0.0062935381441976681 -0.00072255807785375295 0.0073065932333501076 -0.0025687677869997358 -0.0026740554388481955 0.017658459641139539 -0.0072668910657860313 -0.0078468377979937203 -0.0046892862818300974 -0.0078434847945904242
leaf_weight=129.15442475199234 21.283450515940785 18.641647248063236 6.5290682384511429 38.259389811661094 33.438298759749159 15.369118691654874 33.466775739332661 70.866735507850535 16.406020594527945 25.897459758794867 43.601893961196765 48.234585490310565 174.22914534178562 5.6723429891280821 34.704051131615415 29.389827667735517 8.0524785544257593 13.658093067351727 11.913703154074026 9.0928789450554159 216.85275814554188 91.954361599171534 6.6766001950018099 70.711905230069533 8.0094253341667372 9.61432405002415 3.989021518966184 14.662500144797376 8.4979328329209221 302.61922452528961
leaf_count=6050 2495 164 335 1651 4536 218 2585 4410 1605 714 1378 1512 2692 45 469 631 152 2077 239 1250 39158 10092 555 5255 70 104 330 1806 303 61076
internal_value=7.50589e-05 0.00193307 -0.00411215 0.00738247 0.00203083 -0.000295402 -0.00187963 0.00383526 0.0022435 0.00309579 0.0086066 0.00538188 0.00888589 0.00748966 0.010021 0.00847463 -0.00612714 -0.00651152 0.00841331 -0.0070306 -0.00392712 -0.00466806 -0.00523816 0.00110229 0.0165456 0.00843816 0.00529184 1.99349e-06 0.00549888 -0.00748906
internal_weight=1521.45 1055.52 465.933 306.531 130.045 748.986 463.214 120.94 285.772 269.366 69.4994 89.9297 253.609 217.344 50.0732 203.619 13.7248 335.888 68.6462 322.23 342.274 308.807 40.1149 199.866 36.2654 17.6237 10.5181 52.9219 56.7325 311.712
internal_count=153957 79249 74708 7315 9640 71934 56932 5097 15002 13397 2092 4549 3858 3520 687 3323 197 65068 2054 62991 51835 49250 5091 11305 338 174 665 3457 1815 62326
is_linear=0
shrinkage=0.025


Tree=16
num_leaves=31
num_cat=0
split_feature=46 12 62 50 63 61 52 50 44 3 2 60 59 59 60 52 42 39 35 24 37 80 52 51 25 64 34 66 55 55
split_gain=17.1474 19.0882 14.7704 6.46743 6.25161 5.30356 5.21497 4.94599 8.17388 4.9024 3.88835 3.5613 3.56003 3.43973 3.15725 2.90753 2.89487 3.03425 2.55739 2.46081 2.41916 2.26441 3.62564 3.23911 2.1244 2.0942 1.96383 2.20383 1.95176 1.94726
threshold=0.91442005928152681 0.021166156251801117 0.28223332673659218 -1.7476024476826086 -0.56994586763429378 -1.8885509359715276 2.6500000000000008 -0.85309322673834653 -0.7190884534383315 0.061082357694025931 0.070702494383557149 0.52426171136085464 0.63423561874329459 1.3975122259204491 0.74949080123618128 2.7200000000000002 0.0063668492974267915 0.038620292262384955 -0.086475828327317469 0.12737716074875191 0.52175098634396588 1.0000000180025095e-35 0.13500000000000004 1.7650000000000003 0.95737190821166818 0.7924919752603149 -0.00056310053248592718 0.12579286854139013 0.80500000000000016 0.06000000000000006
decision_type=10 10 10 10 8 10 2 8 10 10 10 10 10 10 10 2 10 10 10 10 10 2 2 2 10 10 10 10 2 2
left_child=1 4 3 11 7 19 10 16 9 -9 13 -2 -5 -7 -10 21 17 -1 25 20 -3 22 -4 28 -18 -6 -14 -28 -23 -24
right_child=2 5 15 12 18 6 -8 8 14 -11 -12 -13 26 -15 -16 -17 24 -19 -20 -21 -22 23 29 -25 -26 -27 27 -29 -30 -31
leaf_value=0.0033650378635430448 -0.004829288420910266 0.011634132689919514 0.0030660194647585091 -0.0036158611077081364 -0.0027352305233960365 0.0055476571514138859 -0.011208515949353501 0.0082239394690287581 -0.0060450396418240925 -0.0055748871500136341 -0.0032124283789530411 0.014286985840883837 0.014740061069793978 0.013260133533064128 0.00014852118290485864 0.0032630122217992604 0.0025835447704507133 0.011716734234950694 -0.0062727397912979771 0.0043925501269240384 0.028984627322216627 0.010448294365920131 0.0037548532182938698 -0.0074157352696232444 -0.013323830540188175 0.0067678376242660673 0.0079766742410456015 -0.0039227496809388458 -0.002093005559840364 -0.01121069239441125
leaf_weight=132.71794038708322 6.1667488345410666 17.922742754453797 11.604035966098307 84.106659923447296 61.899813090567477 183.4407325387001 9.7712590587325376 72.096353991422802 131.13374342978932 19.026619012933224 22.837364727631211 32.138236554339528 9.1141969703603518 48.259914861759171 80.270184063585475 15.016391203040255 9.4629060169681924 35.444622805807739 131.123153868597 11.981761767063288 10.791485177353023 8.4300098614767176 4.3335417734924695 115.65902160375845 8.4659498373512161 17.475069070234895 17.957191183464602 17.848466608440503 37.893653471488506 143.48195461696014
leaf_count=2864 316 173 2118 7516 8654 3857 149 1116 20478 470 1388 406 304 709 5341 2207 275 674 26427 120 90 1869 823 24435 256 705 637 772 6918 32013
internal_value=-0.000156942 0.00172593 -0.00392008 0.00210578 -0.000543063 0.00693301 0.00554587 0.000997137 -0.000955921 0.00522647 0.00626794 0.0109664 -0.000543951 0.0072463 -0.0036705 -0.00693634 0.00419803 0.0052402 -0.00413906 0.0153463 0.0193067 -0.00744648 -0.00963114 -0.00519541 -0.00490042 -0.000480332 0.00498961 0.0019075 0.000237649 -0.0106949
internal_weight=1507.87 1004.12 503.75 167.332 699.116 305.005 264.309 488.618 302.527 91.123 254.538 38.305 129.027 231.701 211.404 336.419 186.091 168.163 210.498 40.696 28.7142 321.402 159.42 161.983 17.9289 79.3749 44.9199 35.8057 46.3237 147.815
internal_count=154080 73746 80334 9951 67260 6486 6103 31474 27405 1586 5954 722 9229 4566 25819 70383 4069 3538 35786 383 263 68176 34954 33222 531 9359 1713 1409 8787 32836
is_linear=0
shrinkage=0.025


Tree=17
num_leaves=31
num_cat=0
split_feature=68 12 62 48 62 31 46 50 46 50 69 19 19 40 78 18 66 45 65 66 52 49 55 14 50 18 0 42 46 52
split_gain=15.0631 15.0744 11.6378 7.7806 5.68172 6.12247 4.39973 4.44275 3.69755 5.18465 4.84419 3.52417 3.42075 3.41456 3.56595 3.32593 3.06629 2.89454 2.80658 2.56035 2.5213 2.35745 2.29567 2.23272 2.21392 2.19353 2.1923 2.74155 2.18907 2.04368
threshold=0.47912308228730832 0.022382759923138346 0.28223332673659218 -0.98931589894278826 0.29022106436431838 -0.13283375891148894 0.77916826954531093 0.4867203177825159 0.16825464031057735 -0.76119353001793166 -0.071401090510149215 -0.030702051173103925 0.11227342100466188 0.0033947393190157109 0.012806844896397137 0.16605225322381792 0.17794010606218158 0.063412587394044928 1.5810443128117015 0.92502676659528926 2.7200000000000002 -1.8546043588522096 0.24500000000000013 0.018534209236598858 0.095131432318826384 -0.038828628487920673 -0.00030554726911713454 0.00049326640889039021 0.50675387626698598 1.6150000000000004
decision_type=10 10 10 10 10 8 10 10 8 10 10 10 10 10 10 10 10 8 10 10 2 10 2 8 10 8 10 10 8 2
left_child=1 4 3 26 8 28 13 17 11 16 -11 25 -5 -3 23 -16 -10 19 -7 -8 29 -14 -22 -15 -23 -1 -2 -28 -6 -4
right_child=2 6 20 12 5 18 7 -9 9 10 -12 -13 21 14 15 -17 -18 -19 -20 -21 22 24 -24 -25 -26 -27 27 -29 -30 -31
leaf_value=0 0 -0.005817687649116287 -0.0057659692791417628 -0.0056589187021585021 0.010911855008753956 -0.006178797220952075 0.0044342778829848167 -0.012599317684983333 0.00017033160501933153 -0.0030942469849387379 0.0138924621051574 0.0028605875786552222 0.017972257143166834 -0.017634406927774408 0.010238255597788917 -0.005905004583997623 0.0058055292585953711 0.018608633938183131 0.011508036048453987 -0.0092737503684335119 0.013154420351329169 0.0033500946092713925 -0.0041150237666907185 0.004271488946330719 -0.0076500921749402557 0.02204814036582374 0.00040055381885201939 0.024154283920394648 9.0776322840556412e-05 -0.011071640109408185
leaf_weight=3.0326405374798924 5.3447451593820032 8.9010002664290351 236.73124444426503 48.632404029602185 17.213382168672979 175.01229806209449 38.665096052340232 11.307664645952171 121.92517306492664 206.89765642024577 9.7439902024343592 34.552040821639821 4.7112368387170127 3.878867156337944 195.26659114984795 6.9749498735181978 124.22565256105736 6.123278248589485 4.4334977390244594 9.4608371215872449 6.5198698933236328 62.499798722798005 10.882608591578899 5.0994848473928878 12.514085891190915 11.752006026450543 4.7137875619810101 13.365772338816894 35.988160206237808 63.903453722363338
leaf_count=102 157 84 51247 5696 628 32573 1979 1102 4322 22912 362 2931 73 62 2676 274 3044 127 98 270 859 1955 1599 133 1194 327 94 191 2414 14701
internal_value=0 0.00169519 -0.00370044 0.00194728 -0.000170278 -0.00340885 0.00656509 0.000735432 0.00129084 0.00057063 -0.00222348 0.00772426 -0.000461362 0.008254 0.00891182 0.00961309 0.00305895 0.00386269 -0.00562675 0.00142738 -0.00641647 0.00265337 0.00238303 -0.00541882 0.00132504 0.0175535 0.0148297 0.0187605 0.00389327 -0.00695813
internal_weight=1500.27 1030.45 469.819 151.782 744.776 232.647 285.678 65.5569 512.129 462.792 216.642 49.3367 128.358 220.121 211.22 202.242 246.151 54.2492 179.446 48.1259 318.037 79.7251 17.4025 8.97835 75.0139 14.7846 23.4243 18.0796 53.2015 300.635
internal_count=154186 76420 77766 9360 69713 35713 6707 3478 34000 30640 23274 3360 8918 3229 3145 2950 7366 2376 32671 2249 68406 3222 2458 195 3149 429 442 285 3042 65948
is_linear=0
shrinkage=0.025


Tree=18
num_leaves=31
num_cat=0
split_feature=46 64 63 21 50 63 76 18 34 9 51 31 45 49 31 14 50 0 42 49 52 16 30 45 60 17 60 79 80 51
split_gain=16.8576 14.9776 9.50596 7.32201 5.29418 6.24857 5.44521 4.85748 4.53708 5.02095 4.21421 3.85091 3.6224 3.59853 3.36253 3.58728 3.35741 3.30284 3.22691 3.14367 2.81337 3.07763 2.7902 2.52906 2.49978 2.26794 2.13274 2.07032 1.99643 3.1772
threshold=0.94554418759245729 0.88260413818248118 -0.58845536520997299 61.87100637747529 -0.69907197828299694 -0.5636993141820047 0.049197917238602472 0.037871103502801436 0.0076281327348566305 0.20654543798355332 2.9750000000000005 -0.15568595216327638 -0.0097265150298139411 1.7053401570740798 -0.087285690935575241 0.011143448042144182 -1.3504709834575925 0.025027829423904472 0.0050221070169884589 0.47441833726412136 2.7200000000000002 0.91314967301545014 0.050303647470239639 -0.016059065903467794 0.78121804703476494 0.01849462641736677 0.46751885431130719 -0.95866324864937247 1.0000000180025095e-35 1.7850000000000004
decision_type=10 10 10 8 8 10 10 10 10 10 2 10 10 10 8 10 10 10 10 8 2 8 10 10 10 10 10 10 2 2
left_child=1 4 7 10 5 8 12 -2 9 -1 13 26 -6 17 15 -7 -9 -3 19 -5 21 -4 -18 -10 -13 -14 -8 -24 -23 -30
right_child=2 3 20 18 6 14 11 16 23 -11 -12 24 25 -15 -16 -17 22 -19 -20 -21 -22 28 27 -25 -26 -27 -28 -29 29 -31
leaf_value=0.0045586804854572359 -0.0041314851066910968 0.012526953965962951 0.0090093472476929209 -0.016064427207735901 -0.001733418739701725 -0.0046118242624073671 0.008280328807577406 0.011296000513650154 -0.0054855135057177004 0.015433812239563123 -0.006129567020527131 -0.0053682204601980107 0.0094031123336233008 -0.0042205641653801319 -0.0078052523135669002 0.010130607470233283 0.008225133844581756 -0.00047707106170862771 0.0040735633916444813 0.0050662543585476257 0.003051393457947818 -0.0095182253327694283 0.0054517094882243619 0.0029283977039285388 -0.00034764462805153594 0 -0.0078621594023833927 -0.0079946773437054395 0.00043310407926321515 -0.0074232554675831564
leaf_weight=113.32938580727205 56.151713725063019 147.54136674501933 5.9921427133958787 12.560581114608793 59.325980403227732 21.158281487994827 24.90713841794059 33.221831311704591 29.572099118027836 35.846577574731782 8.5666314235422742 227.25692236283794 49.913240226916969 8.3313035217579436 45.579261902719736 17.549012100789696 18.956530924886465 12.000479146605356 23.096053538378328 5.1057489870581803 16.910711888223886 144.48759599053301 8.9156870987499151 78.68467185460031 89.811246512574144 23.993065883754753 4.8936769431456915 20.902568452176638 43.003478698199615 107.64149383292533
leaf_count=2933 4701 1848 275 349 4250 2284 1445 546 904 368 132 39900 1234 151 7878 702 1000 161 723 135 2147 33122 409 2385 9173 1224 470 1393 8673 23254
internal_value=-1.09555e-05 0.00174283 -0.00401594 0.00756287 0.00018673 0.00256827 -0.00149496 0.00140738 0.00451028 0.00732413 0.0097635 -0.00315248 0.00275421 0.0106566 -0.00325545 0.00198777 0.00529546 0.0115059 -0.0017906 -0.00962611 -0.00639165 -0.00695677 0.000885147 0.00052654 -0.00397635 0.00642651 0.00518587 -0.00367703 -0.00734142 -0.00514547
internal_weight=1495.21 1039.02 456.184 217.202 821.821 341.719 480.101 138.148 257.433 149.176 176.44 346.869 133.232 167.873 84.2866 38.7073 81.9966 159.542 40.7624 17.6663 318.035 301.125 48.7748 108.257 317.068 73.9063 29.8008 29.8183 295.133 150.645
internal_count=154169 78649 75520 3499 75150 17454 57696 8049 6590 3301 2292 50988 6708 2160 10864 2986 3348 2009 1207 484 67471 65324 2802 3289 49073 2458 1915 1802 65049 31927
is_linear=0
shrinkage=0.025


Tree=19
num_leaves=31
num_cat=0
split_feature=68 12 11 50 3 18 62 31 51 51 48 28 62 40 24 23 44 50 18 60 1 31 37 3 19 28 35 52 18 65
split_gain=16.6078 17.2249 13.4971 6.87008 4.78483 4.64722 4.3277 3.95627 3.95605 4.42274 4.19082 4.0531 3.14307 3.11723 3.05693 3.51617 2.75544 4.92954 4.03748 2.53653 2.28611 2.23264 2.4618 2.12855 2.12565 1.71379 1.70924 1.49879 1.49387 1.43588
threshold=0.38366063406494683 0.021166156251801117 0.010592932156148739 -0.76119353001793166 0.018072688051846812 -0.0130428853533035 0.29022106436431838 -0.12581294098249654 2.9550000000000005 1.7550000000000001 -0.50640761101185772 0.20454577473589369 0.2782342421379404 0.012472091198049711 -1.1493263513593197 0.33033009023802706 -0.5473473512913325 -0.85309322673834653 0.043131505417939205 0.10465168258055289 0.031131509315604159 -0.058242008925358461 -0.87551901494617546 0.037201601356585352 0.13202139788497783 0.42552874892229814 -0.22070991931827258 0.13500000000000004 -0.12586687313340469 0.23509591226372345
decision_type=10 10 10 10 10 10 10 8 2 2 10 8 10 8 10 10 10 10 8 10 10 10 10 10 10 8 10 2 10 8
left_child=1 6 3 12 8 13 16 26 9 10 -3 -11 21 -6 -7 -16 18 20 19 -1 -18 -2 -23 27 -19 -20 28 -4 -8 -28
right_child=2 4 23 -5 5 14 7 -9 -10 11 -12 -13 -14 -15 15 -17 17 24 25 -21 -22 22 -24 -25 -26 -27 29 -29 -30 -31
leaf_value=0.014914838290929528 -0.0048413365179551847 -0.0042390537650697259 0.0037225504331389499 -0.0033533805146973451 -0.019102613590388784 -0.013663960829786879 0.0062016851567211154 -0.006101900581371859 -0.00865976517265667 0.0038889640939777704 0.0084216473327568108 0.016393428521634657 -0.0042444335623935854 0.0053277636325845309 0.0082871680847714114 -0.0024584119019232906 0.004196088895848233 -0.005790404630212815 0.0044479668820695687 0.0044550683141990777 -0.0091393273400815819 0.019807421323762179 0.0064331259958369793 -0.0086748078111881059 0.00063483050638582104 -0.0030282947741029553 -0.00096720271145415461 -0.0050036201660137716 -0.013175546024642208 0.0092885110552162545
leaf_weight=21.590849977685139 7.7637493130750945 19.080033950973302 11.164210633607579 95.215427552931942 8.2777129630558157 4.1448066362645468 2.4109887555241585 119.47302170109469 6.1351091898977748 23.711490676971152 75.740844683372416 76.957779336022213 16.508052990306169 3.7014137557707736 71.811661368003115 23.815005943062715 108.58557387720793 96.075382928247564 28.855829300591722 54.417703534243628 7.2343077203258863 9.5549967868719232 95.111150654964149 132.78438966581598 44.800745652290061 51.16358922352083 11.667329464107754 228.12453295825981 5.6285413367440906 20.615803194697943
leaf_count=533 476 165 1846 12311 101 173 68 24642 74 236 1672 741 3276 174 1830 832 2249 16459 1555 1489 233 177 2565 27104 4023 2664 1507 44429 227 596
internal_value=6.93535e-05 0.00224424 -0.00314763 0.00166732 0.006945 0.0026613 -0.000324857 -0.00381202 0.00925247 0.00990214 0.00577479 0.0136023 0.00542926 -0.011187 0.00451149 0.00553631 0.0010143 -0.00055439 0.00362733 0.00770902 0.00321387 0.00694548 0.00793559 -0.0060645 -0.00370619 -0.00021405 0.00277235 -0.00454876 -0.00650201 0.00545621
internal_weight=1482.12 885.896 596.227 224.153 313.376 111.751 572.52 159.796 201.625 195.49 94.8209 100.669 128.938 11.9791 99.7715 95.6267 412.724 256.696 156.028 76.0086 115.82 112.43 104.666 372.073 140.876 80.0194 40.3227 239.289 8.03953 32.2831
internal_count=154427 62243 92184 18805 5998 3110 56245 27040 2888 2814 1837 977 6494 275 2835 2662 29205 22964 6241 2022 2482 3218 2742 73379 20482 4219 2398 46275 295 2103
is_linear=0
shrinkage=0.025


Tree=20
num_leaves=31
num_cat=0
split_feature=65 62 69 50 16 65 76 47 61 6 37 11 8 58 43 64 12 51 50 39 78 41 19 52 28 24 28 52 12 65
split_gain=14.2252 13.6694 11.3099 10.0762 9.85485 5.5632 5.24874 4.28451 6.48758 4.41942 4.91356 3.93573 3.78443 3.74826 3.5504 4.13679 3.36655 4.24325 3.29615 3.08558 2.99724 2.9245 2.49054 2.44367 2.24647 2.20621 2.0565 2.03585 2.17268 2.03251
threshold=1.5810443128117015 0.28629444554390138 -0.26258763627795245 -1.0700855254241011 0.88852686202903008 0.035114942903349537 0.02098638197417332 1.0247534808793131 -1.8885509359715276 -0.010739900441743942 0.15927900264176367 0.033789852543578976 -0.053066004276478999 0.11664866810655149 -0.8088270918894751 0.97860960120060769 0.047002483707524516 0.85500000000000009 -0.74876138246489166 0.016991671799924449 0.65437227705165835 -0.014713912986017484 0.060355719610711074 2.7200000000000002 0.20000143140883278 -0.1098415795107336 0.32576229354535852 0.13500000000000004 0.027012512433955384 1.1503165253759784
decision_type=10 10 10 8 8 10 10 10 8 10 10 10 8 10 10 10 8 2 10 8 10 10 10 2 10 8 10 2 8 10
left_child=1 3 7 16 5 -3 12 9 -9 24 -11 13 21 -7 -10 -16 17 -1 19 -8 -20 -5 -19 27 -2 -12 -14 -6 -29 -13
right_child=2 4 -4 6 23 11 18 8 14 10 25 29 26 -15 15 -17 -18 22 20 -21 -22 -23 -24 -25 -26 -27 -28 28 -30 -31
leaf_value=0.017443834822117803 0.0071841814780910888 -0.0047144711441124195 -0.00473735174129351 0.0032523568277882963 0.0017008445937431609 0.0082523613721728374 -0.0024308863597412513 0.018009331543642322 0.0066072112699999659 -0.00060846175797701918 0.017849201798736111 0 0.0063204380929141619 0.00044546347476905561 0.0008339903760533245 -0.021054744343526527 -0.01402294941397312 0.001415047161507909 -0.0055432452471664145 0.0054641966419094043 0.00029304506509224629 0.024486903466198983 0.0075430746989870682 0.0021812631692119805 0.021489729535342172 0.0016221762816316582 -0.0012041218395249164 -0.0067550462253793148 -0.013896955689383921 -0.021812750787780881
leaf_weight=19.702728915959597 12.680343267042188 108.6439890365582 42.587062048492953 9.4443950564600545 13.533389257267116 61.694645708659664 61.745514509966597 11.327537127770482 12.387224412756042 25.709901872090995 22.015149260638282 5.3999907111283374 38.139347956515849 104.96109980042093 9.9819238153286296 8.9782644337974471 3.781123128021135 71.420307427179068 165.25435886799823 58.506994982017204 78.419537194538862 8.3349716151133162 112.99126658099703 16.59471494902391 34.896754965884611 8.4681030225474405 50.016199659439735 255.82140809309203 33.061721452861093 4.7367424902040511
leaf_count=285 110 21363 8325 165 2560 1634 2191 100 169 299 236 128 1191 5945 172 134 242 2529 24177 1727 7823 72 2053 2274 254 158 2222 57311 8051 86
internal_value=0 -0.000940779 0.00638475 0.00148807 -0.00367414 -0.000267871 -0.000527649 0.00968214 0.00268744 0.0124236 0.00720786 0.00243592 0.00431766 0.00341853 -0.00307863 -0.0097953 0.00605651 0.00654479 -0.00196816 0.00136463 -0.00364214 0.0145211 0.00523467 -0.00668606 0.0181013 0.0138103 0.00200851 -0.00720404 -0.00765238 -0.0117093
internal_weight=1471.24 1282.2 189.032 677.757 604.448 285.436 469.861 146.445 42.6749 103.77 56.1932 176.792 105.935 166.656 31.3474 18.9602 207.895 204.114 363.926 120.253 243.674 17.7794 184.412 319.011 47.5771 30.4833 88.1555 302.417 288.883 10.1367
internal_count=153986 144029 9957 44677 99352 29156 39568 1632 575 1057 693 7793 3650 7579 475 306 5109 4867 35918 3918 32000 237 4582 70196 364 394 3413 67922 65362 214
is_linear=0
shrinkage=0.025


Tree=21
num_leaves=31
num_cat=0
split_feature=68 12 62 9 48 30 67 43 35 61 31 60 76 40 58 66 62 9 3 60 58 52 39 31 15 37 48 53 9 40
split_gain=14.0167 15.4825 13.0616 7.10049 4.85582 4.68874 4.01495 3.57631 3.97614 3.53954 3.4332 3.21587 2.947 3.84559 2.91081 3.75932 3.27512 3.09417 2.5421 2.47237 2.39803 2.37157 2.24554 2.10998 2.04661 1.98206 1.93827 1.92883 1.91433 1.87686
threshold=0.38777733315548446 0.022954333583557283 0.28223332673659218 -0.21142568619244292 -0.14124922708973384 0.02393100150531902 3.0470149191842184 0.9890983030786723 -0.15036442175443401 -0.024529965295926558 -0.22960367831985237 0.81236893588024539 0.75204931801384145 0.0064180154694606891 0.10062247362235742 0.037617595932949575 0.29022106436431838 -0.28372556486100187 -0.092173587446783542 0.96719734942567903 0.89772703015399336 2.7200000000000002 0.017643471792524904 -0.10049873400616875 1.135394157367432 -0.059942095281278709 0.090865458147435033 12.830000000000002 -0.10202855959957417 0.013050391651056766
decision_type=10 10 10 10 10 10 10 8 10 10 10 10 8 10 8 10 10 10 10 10 10 2 10 10 10 10 10 2 10 10
left_child=1 14 4 7 9 12 19 8 25 -2 -9 -6 23 -14 15 -1 26 -17 -18 -7 -20 -4 27 -5 -24 -3 29 -11 -19 -16
right_child=2 3 21 5 11 6 -8 10 -10 22 -12 -13 13 -15 16 17 18 28 20 -21 -22 -23 24 -25 -26 -27 -28 -29 -30 -31
leaf_value=0.0210696638106318 -0.0029957777395374675 0.013396729740378597 -0.0064595046103598343 0.019201137231188197 -0.0068717022434585731 0.0015727087434457797 -0.012617592942566267 -0.0051756853988191966 0.0051165565303422714 -0.0074070759397455617 0.014910836901109776 0.0036597965582437124 -0.0092104096949342934 0.011233574461094553 0.0020212372448634359 0.016988585370564416 0.0065406055767477352 -0.0037479969328862574 -0.0059905061129495903 0.011094373835310679 0.0028298222457474303 0.0018028988746798483 0.011302356114868996 0.0053586927193354505 0 0.029483731987603141 -0.0030399208720442582 0.0045514565365311335 0.0044108035650786718 -0.0047784268612017077
leaf_weight=6.4909790114033958 29.828682441613637 14.516660062596204 334.01301241782494 23.965767976129428 51.22560369502753 101.8229353367351 9.4469502230640483 9.6447558058425802 12.66574336378835 9.3218210136983526 8.8346134466119093 25.738648650702089 8.6222776048816758 12.260528447804971 280.03288400103338 6.9966496112756422 12.193878743564708 31.656775321345776 126.75943737337366 20.20541453268379 20.70002685370855 21.234436032478698 56.253534693503752 13.568342579528688 13.652144301682709 17.102097453316674 75.081658557523042 37.201702489284799 37.825668139383197 26.197773977881297
leaf_count=86 2367 153 74799 293 7212 2785 140 75 299 378 92 1012 78 200 17789 162 830 1396 22031 452 2450 2813 1331 179 404 149 8716 1284 2393 1867
internal_value=4.67771e-05 0.00204412 -0.00296495 0.00724964 0.001743 0.00472682 0.00199861 0.0145333 0.0183823 0.00442724 0.00436983 -0.00325165 0.0105774 0.00241105 -6.16687e-05 0.00425072 -0.000744855 0.00242326 -0.00374232 0.00330285 -0.00468903 -0.00594018 0.00640391 0.0147118 0.00923188 0.0230864 0.000498363 0.0018722 0.000586956 0.00139875
internal_weight=1455.06 876.592 578.47 252.656 223.222 189.892 131.475 62.7639 44.2845 146.258 18.4794 76.9643 58.4169 20.8828 623.936 82.9701 540.966 76.4791 159.653 122.028 147.459 355.247 116.429 37.5341 69.9057 31.6188 381.312 46.5235 69.4824 306.231
internal_count=154215 62615 91600 4895 13988 4127 3377 768 601 5764 167 8224 750 278 57720 4037 53683 3951 25311 3237 24481 77612 3397 472 1735 302 28372 1662 3789 19656
is_linear=0
shrinkage=0.025


Tree=22
num_leaves=31
num_cat=0
split_feature=69 62 65 58 43 60 47 47 47 26 40 57 48 38 63 32 78 75 47 52 60 35 47 40 60 44 65 44 47 31
split_gain=12.7264 15.744 12.0754 4.9487 4.99522 4.68109 3.8619 4.78722 3.85233 4.50618 3.71125 3.78768 3.05752 2.98344 2.93641 2.74528 2.71469 2.45416 2.38544 2.35075 2.31136 2.30488 2.14106 2.68386 2.04677 3.73615 3.04088 2.3068 1.8023 2.47485
threshold=-0.20641710630385768 0.28223332673659218 1.5810443128117015 0.12845035500957966 1.3101622090251779 0.77344493352896715 0.76433711717645048 0.11346682759353523 0.020731205575928557 1.0000000180025095e-35 0.0087471497494089837 0.30770278662135753 -0.31188693754793861 0.092143734986293926 -0.65202038917680161 0.18189468933524469 0.20802556691466398 -0.3071603784024588 0.80227470333445627 2.7200000000000002 0.025130917607431389 -0.23278273096337179 0.31085540154159308 0.0068405055056146155 0.19618228927694262 -0.74688586902544396 -0.21132370806334608 -0.80657455979843473 1.0957354806695683 -0.021433434569508799
decision_type=8 8 10 10 8 8 10 10 10 2 10 10 10 10 10 10 10 8 10 2 8 10 8 10 10 10 10 10 10 10
left_child=2 5 8 4 18 12 7 17 24 -10 14 -12 -2 -8 -11 -15 -9 -5 -4 -3 -20 -6 23 -7 25 -1 -27 -26 29 -24
right_child=1 19 3 6 21 22 13 16 9 10 11 -13 -14 15 -16 -17 -18 -19 20 -21 -22 -23 28 -25 27 26 -28 -29 -30 -31
leaf_value=0.016564560543672561 0.0021611141944410093 -0.0067218558970864933 0.021881339246729602 0.012889345506832168 -0.0063016091958033316 0.011621212737025332 0.0066063166706783714 0.0027842935065665818 0.015711433776413961 0.0024090360575449877 0.0067938050125359488 -0.0017109258060776186 -0.0068879843378132459 0.0027800625834530196 -0.0029252868171019443 -0.015292794345550559 0.023227843900971684 -0.0025148733752684751 0.016282791990754691 0.0016218242034987188 -0.00018855304902984436 0.010052897026274772 0.0051419352088545884 0 -0.014766135793442865 -0.0058610282031837961 0.0056545349135121662 -0.0022447703377999595 0.012397460894792755 -0.0050154487383262183
leaf_weight=8.4036896885372681 47.606961149722338 337.72946038411465 30.346173963043839 7.4390929744113237 9.3159103863872605 46.44938216265291 11.232905509648846 7.3358306474983719 13.316239445703102 120.40067349234596 115.82651723339222 43.098486006259918 42.366705423803069 6.9503657429013428 135.22665786708239 12.650252710329367 13.588509595254434 23.265982176642868 9.843324809335174 20.541625128942542 8.545450007542966 9.4811717029660922 29.994372453307733 17.631110424175858 8.7381972536677477 28.620564946904778 26.281366409501061 226.4337901994586 7.6832331633195272 27.554167449008673
leaf_count=93 2588 75236 223 82 81 773 161 97 224 8220 5985 3686 6708 95 15265 258 146 308 74 2686 100 82 1089 544 174 3615 1275 22988 211 950
internal_value=-0.000109184 -0.00299169 0.0017835 0.00821417 0.0132305 0.00225189 0.00388559 0.00803709 0.000433855 0.0019605 0.00145668 0.00444505 -0.00205223 -0.00287245 -0.000384097 -0.00873294 0.0169393 0.00132654 0.0173876 -0.00621879 0.00870287 0.00168072 0.00529543 0.00853708 -0.00172865 0.00216564 -0.000211843 -0.00281435 0.00190141 0.000147823
internal_weight=1453.9 577.557 876.341 149.995 67.532 219.286 82.4629 51.6294 726.346 427.869 414.552 158.925 89.9737 30.8335 255.627 19.6006 20.9243 30.7051 48.7349 358.271 18.3888 18.7971 129.312 64.0805 298.478 63.3056 54.9019 235.172 65.2318 57.5485
internal_count=154017 90785 63232 1707 560 12863 1147 633 61525 33380 33156 9671 9296 514 23485 353 243 390 397 77922 174 163 3567 1317 28145 4983 4890 23162 2250 2039
is_linear=0
shrinkage=0.025


Tree=23
num_leaves=31
num_cat=0
split_feature=69 62 31 50 78 44 59 48 47 60 55 14 68 50 22 75 77 32 57 77 48 60 72 15 55 78 56 54 54 39
split_gain=14.5802 11.9984 10.001 6.52276 6.24259 5.74959 4.30218 3.86756 3.55532 4.20375 3.39698 3.38971 4.26111 3.59228 3.18375 2.93432 3.38671 2.85302 2.83428 2.62739 2.47956 2.39801 2.31223 2.10372 2.03123 2.00994 1.84091 1.74774 2.41855 1.56167
threshold=-0.20641710630385768 0.27018702814001377 -0.13283375891148894 -1.1012349063785833 0.98317558602388333 -0.7190884534383315 1.3250564762682477 -1.3990567642891414 0.093918073482043021 0.94781701007533814 0.25999999999999995 0.011745128977563333 0.24423469948357326 1.6887091593520105 1.5259019353529961 0.97376485679289115 -1.3763958021621832 0.14992990259813047 0.11297917274331074 1.5622421631863628 -0.02588582228378259 0.92086291413116983 0.34787137681159425 0.48596472538169655 0.16000000000000006 0.016967145273309586 0.53949969076668258 117.01430000000002 116.39950000000002 0.024929666236007678
decision_type=10 10 8 8 10 8 8 8 8 8 2 10 8 10 10 8 10 10 10 8 10 10 10 10 2 10 10 2 2 10
left_child=2 7 11 10 5 17 -7 -2 9 21 -4 15 13 26 25 18 -17 -5 19 -1 -18 -9 -14 -15 29 -12 -13 28 -26 -3
right_child=1 24 3 4 -6 6 -8 8 -10 -11 14 12 22 23 -16 16 20 -19 -20 -21 -22 -23 -24 -25 27 -27 -28 -29 -30 -31
leaf_value=0.01070754717700706 0.017309431712796787 0.0061924935522940198 -0.002707444890399327 0.0091734596180070311 0.013059362373488771 -0.0032734389708970755 0.0042763246829611301 0.004083709061159054 -0.0016060718756974292 0.022696193555552732 -0.0095303884138226436 0.020514276213279916 0.010225745796861713 0.011063586162362291 -0.0019899490930330717 0.013793872772767847 -0.0096367574351350835 -0.0029326976483854557 -0.0081887794080824083 0 0.0032729857655047754 -0.015492805389373877 -0.0059771612985156141 -0.011077775006386088 -0.0062184165346740698 0.0088068647991325945 0.007121347241858457 -0.012773836334392236 0.0067048695751596461 -0.010492283538803767
leaf_weight=60.537926729768515 7.9474373052362353 13.399408383294942 28.112758500967175 43.018560203025118 18.240052846493199 386.66998787410557 51.853807001374662 64.636736771790311 144.11900459602475 6.5491563442628822 2.5307273669168344 34.008049406576902 8.442074521561155 4.003566680243237 20.981281281565316 6.5537446946836999 21.110462389886379 14.983982029138131 5.7971628578379741 19.630031212465838 14.00588684203103 2.8589110467582932 11.369045402156187 4.3240277147851884 292.58176103036385 110.75788025127258 12.367831505835055 26.894423615187407 7.8413715919014058 3.2486787664238355
leaf_count=1856 118 2722 1530 673 595 46640 3366 3775 9515 90 95 439 232 51 1027 50 655 672 175 523 512 68 620 121 65017 3665 288 6759 1823 768
internal_value=1.19629e-05 -0.00309322 0.00203514 0.000561947 -0.000805758 -0.00136042 -0.00235442 0.00134967 0.000642575 0.00507478 0.00491764 0.00690063 0.0111766 0.0147176 0.00657934 0.00426519 -0.00100951 0.0059233 0.00688675 0.00817377 -0.00434327 0.00288918 0.000760083 0 -0.00603009 0.00823613 0.0173699 -0.00646879 -0.00583091 0.00202991
internal_weight=1449.38 570.077 879.299 677.149 514.766 496.526 438.524 226.111 218.164 74.0448 162.383 202.15 74.5146 54.7035 134.27 127.635 41.6701 58.0025 85.9651 80.168 35.1163 67.4956 19.8111 8.32759 343.966 113.289 46.3759 327.318 300.423 16.6481
internal_count=154440 90655 63785 58263 51946 51351 50006 13566 13448 3933 6317 5522 1751 899 4787 3771 1217 1345 2554 2379 1167 3843 852 172 77089 3760 727 73599 66840 3490
is_linear=0
shrinkage=0.025


Tree=24
num_leaves=31
num_cat=0
split_feature=68 65 62 28 20 60 52 31 62 35 25 52 24 23 65 53 39 33 43 4 52 27 68 48 30 47 31 52 55 54
split_gain=12.3918 11.97 10.3695 6.57996 5.36429 3.90222 3.85835 3.48627 3.61281 3.86805 3.42266 5.67289 3.12343 2.79903 2.67762 2.48218 2.39566 2.39386 2.26103 2.20975 2.00032 1.97753 1.89595 1.85181 1.7302 1.85876 1.49733 1.44385 2.47316 2.75421
threshold=0.38366063406494683 1.5810443128117015 0.29429895453607541 1.0000000180025095e-35 0.31286612104093592 0.6430798950094857 1.6050000000000002 -0.14633351611842868 0.2782342421379404 0.15285010991951339 0.52701680270403817 1.1150000000000004 -0.62736857556617276 -0.85417906897346529 1.3049274862867839 11.675000000000002 0.019993012138302627 0.030424886315369663 -0.045110975041014502 0.13185294531974825 2.7200000000000002 -0.0096531638885183884 0.12845035500957966 0.73054031159473898 0.016044720785163395 1.1416194753214031 -0.016964707978923518 1.6150000000000004 0.21999999999999989 117.03745000000002
decision_type=10 10 10 10 2 8 2 8 10 10 10 2 10 8 8 2 10 8 8 8 2 10 8 10 10 10 8 2 2 2
left_child=1 3 5 15 10 -2 22 14 19 -10 11 -3 -12 -14 21 -1 24 26 -18 -9 27 -5 -6 -20 -7 -26 -17 28 -4 -30
right_child=2 4 20 7 6 16 -8 8 9 -11 12 -13 13 -15 -16 17 18 -19 23 -21 -22 -23 -24 -25 25 -27 -28 -29 29 -31
leaf_value=-0.0063385546756658528 -0.0032951170352696667 -0.010242245259940367 0.0045379454895861926 -0.003128714012491339 -0.02384516436025548 0.0060078727943519645 0.0089023306155416072 -0.00054802447251892225 -0.0047688799912128437 0.0044280014577540794 0.021546153799181861 0.014655837059475077 -0.0031770460742732856 0.010771095442928199 -0.0062656267330911883 0.020180425339765249 -0.012739599903279704 -0.0059722804962965073 0.0079295930823162133 0.0035379335207070782 0.0015630113036586132 0.0075746747787789094 -0.00025318574033754871 -0.0092602073000352791 -0.0041780864379771911 0.011279833254786469 0.004514069286229389 -0.0094848060717677186 -0.0046908817073288041 -0.013361671065617312
leaf_weight=3.0656062576454159 77.608802996692248 12.068919640965762 13.873288845410569 10.909958196105434 4.9350364231504473 20.132011895766482 5.8069317433983079 259.8997198183788 180.960347981425 32.09231949201785 17.284632439026609 8.8290679701603931 8.5767862014472467 88.182747134706005 11.154769411077721 17.95549501478672 2.4078538515605032 2.2755422214977505 79.210461870534346 118.57402776973322 20.568783713504672 71.450587143655866 4.319109828211368 2.7459313349099821 44.710071181529202 4.0792426560074082 7.5164491314208126 68.789667746634223 212.47346230526455 26.54758944385685
leaf_count=117 9183 140 3055 525 99 839 80 21475 25967 2325 154 97 68 850 126 532 226 112 2499 6705 2789 2571 99 281 1880 105 306 16620 47909 6759
internal_value=-2.07735e-05 0.00186059 -0.00287397 0.000498574 0.00825533 0.00119058 -0.00524629 -8.17975e-06 -0.000730723 -0.0033315 0.00985031 0.000162044 0.0115404 0.00943439 0.0044344 0.0115771 0.00351821 0.0139962 0.00631244 0.000719469 -0.00563246 0.00604252 -0.0148447 0.00713814 0 -0.00249588 0.0162498 -0.00611987 -0.00513459 -0.00574709
internal_weight=1439.01 865.858 573.147 715.855 150.003 230.894 15.0611 685.042 591.526 213.053 134.942 20.898 114.044 96.7595 93.5153 30.8131 153.286 27.7475 84.3642 378.474 342.253 82.3605 9.25415 81.9564 68.9213 48.7893 25.4719 321.684 252.894 239.021
internal_count=154493 62348 92145 60761 1587 15013 278 59694 56472 28292 1309 237 1072 918 3222 1067 5830 950 3006 28180 77132 3096 198 2780 2824 1985 838 74343 57723 54668
is_linear=0
shrinkage=0.025


end of trees

feature_importances:
beta_60d_ff_cma=46
dgs2_pit=36
cs_rank_momentum_120d=30
beta_60d_ff_smb=27
vol_60d=26
beta_60d_ff_hml=24
cs_rank_vol_20d=21
cs_rank_beta_60d_spy=21
cs_z_vol_20d=20
dgs10_pit=19
spy_return_20d=18
price_to_sma_200d=17
downside_vol_decay_60d=17
distance_to_60d_high=16
cs_z_vol_60d=16
price_to_sma_50d=15
intraday_range=14
yield_10y_2y_spread_pit=14
cs_z_beta_60d_spy=14
spy_vol_20d=12
cs_rank_beta_stability_price_floor=12
beta_60d_ff_mktrf=11
cs_z_momentum_120d=11
cs_rank_vol_60d=11
cs_rank_downside_vol_decay_60d=11
beta_60d_spy=10
macd_hist=10
excess_return_60d_vs_spy=10
skew_20d=10
usd_index_pit=10
return_1d=9
cs_rank_momentum_60d=9
momentum_120d=8
close_location_in_range=8
distance_to_60d_low=8
gap_down_absorption_20d=8
price_to_sma_20d=7
beta_stability_price_floor=7
cs_rank_downside_vol_20d=7
cs_z_gap_down_absorption_20d=7
return_5d=6
return_20d=6
upside_vol_20d=6
beta_20d_spy=6
volume_zscore_60d=6
distance_to_20d_high=6
distance_to_20d_low=6
cs_z_momentum_20d=6
excess_return_5d_vs_spy=5
relative_strength_down_days_20d=5
vixcls_pit=5
cs_z_downside_vol_20d=5
cs_z_downside_vol_decay_60d=5
cs_z_beta_stability_price_floor=5
return_10d=4
vol_20d=4
beta_60d_ff_rmw=4
cs_z_momentum_60d=4
cs_z_relative_strength_down_days_20d=4
return_60d=3
momentum_60d=3
rsi_14=3
bollinger_z_20d=3
dollar_volume_ratio_20d=3
kurtosis_20d=3
spy_drawdown_60d=3
cs_rank_relative_strength_down_days_20d=3
regime_calm=3
momentum_5d=2
downside_vol_20d=2
volume_zscore_20d=2
excess_return_20d_vs_spy=2
relative_momentum_20d_vs_spy=2
cs_rank_momentum_20d=2
cs_rank_excess_return_20d_vs_spy=2
momentum_10d=1
momentum_20d=1
vol_5d=1
close_open_gap=1

parameters:
[boosting: gbdt]
[objective: lambdarank]
[metric: ndcg]
[tree_learner: serial]
[device_type: cpu]
[data_sample_strategy: bagging]
[data: ]
[valid: ]
[num_iterations: 25]
[learning_rate: 0.025]
[num_leaves: 31]
[num_threads: 0]
[seed: 42]
[deterministic: 0]
[force_col_wise: 0]
[force_row_wise: 0]
[histogram_pool_size: -1]
[max_depth: 6]
[min_data_in_leaf: 80]
[min_sum_hessian_in_leaf: 0.001]
[bagging_fraction: 0.78]
[pos_bagging_fraction: 1]
[neg_bagging_fraction: 1]
[bagging_freq: 1]
[bagging_seed: 42]
[bagging_by_query: 0]
[feature_fraction: 0.72]
[feature_fraction_bynode: 1]
[feature_fraction_seed: 42]
[extra_trees: 0]
[extra_seed: 12879]
[early_stopping_round: 0]
[early_stopping_min_delta: 0]
[first_metric_only: 0]
[max_delta_step: 0]
[lambda_l1: 0.3]
[lambda_l2: 1.2]
[linear_lambda: 0]
[min_gain_to_split: 0]
[drop_rate: 0.1]
[max_drop: 50]
[skip_drop: 0.5]
[xgboost_dart_mode: 0]
[uniform_drop: 0]
[drop_seed: 17869]
[top_rate: 0.2]
[other_rate: 0.1]
[min_data_per_group: 100]
[max_cat_threshold: 32]
[cat_l2: 10]
[cat_smooth: 10]
[max_cat_to_onehot: 4]
[top_k: 20]
[monotone_constraints: ]
[monotone_constraints_method: basic]
[monotone_penalty: 0]
[feature_contri: ]
[forcedsplits_filename: ]
[refit_decay_rate: 0.9]
[cegb_tradeoff: 1]
[cegb_penalty_split: 0]
[cegb_penalty_feature_lazy: ]
[cegb_penalty_feature_coupled: ]
[path_smooth: 0]
[interaction_constraints: ]
[verbosity: -1]
[saved_feature_importance_type: 0]
[use_quantized_grad: 0]
[num_grad_quant_bins: 4]
[quant_train_renew_leaf: 0]
[stochastic_rounding: 1]
[linear_tree: 0]
[max_bin: 255]
[max_bin_by_feature: ]
[min_data_in_bin: 3]
[bin_construct_sample_cnt: 200000]
[data_random_seed: 175]
[is_enable_sparse: 1]
[enable_bundle: 1]
[use_missing: 1]
[zero_as_missing: 0]
[feature_pre_filter: 1]
[pre_partition: 0]
[two_round: 0]
[header: 0]
[label_column: ]
[weight_column: ]
[group_column: ]
[ignore_column: ]
[categorical_feature: ]
[forcedbins_filename: ]
[precise_float_parser: 0]
[parser_config_file: ]
[objective_seed: 16083]
[num_class: 1]
[is_unbalance: 0]
[scale_pos_weight: 1]
[sigmoid: 1]
[boost_from_average: 1]
[reg_sqrt: 0]
[alpha: 0.9]
[fair_c: 1]
[poisson_max_delta_step: 0.7]
[tweedie_variance_power: 1.5]
[lambdarank_truncation_level: 30]
[lambdarank_norm: 1]
[label_gain: 0,1,2,3,4,5,6,7,8,9,10,11,12,13,14,15,16,17,18,19]
[lambdarank_position_bias_regularization: 0]
[eval_at: 5,10,25]
[multi_error_top_k: 1]
[auc_mu_weights: ]
[num_machines: 1]
[local_listen_port: 12400]
[time_out: 120]
[machine_list_filename: ]
[machines: ]
[gpu_platform_id: -1]
[gpu_device_id: -1]
[gpu_use_dp: 0]
[num_gpu: 1]

end of parameters

pandas_categorical:[]
