tree
version=v4
num_class=1
num_tree_per_iteration=1
label_index=0
max_feature_idx=84
objective=huber
feature_names=return_1d return_5d return_10d return_20d return_60d momentum_5d momentum_10d momentum_20d momentum_60d momentum_120d vol_5d vol_20d vol_60d downside_vol_20d upside_vol_20d beta_20d_spy beta_60d_spy price_to_sma_20d price_to_sma_50d price_to_sma_200d macd_hist rsi_14 bollinger_z_20d volume_zscore_20d volume_zscore_60d dollar_volume_ratio_20d intraday_range close_open_gap close_location_in_range distance_to_20d_high distance_to_20d_low distance_to_60d_high distance_to_60d_low excess_return_5d_vs_spy excess_return_20d_vs_spy excess_return_60d_vs_spy relative_momentum_20d_vs_spy skew_20d kurtosis_20d spy_return_20d spy_vol_20d spy_drawdown_60d relative_strength_down_days_20d gap_down_absorption_20d downside_vol_decay_60d beta_stability_price_floor beta_60d_ff_mktrf beta_60d_ff_smb beta_60d_ff_hml beta_60d_ff_rmw beta_60d_ff_cma dgs10_pit dgs2_pit vixcls_pit usd_index_pit yield_10y_2y_spread_pit cs_rank_momentum_20d cs_z_momentum_20d cs_rank_momentum_60d cs_z_momentum_60d cs_rank_momentum_120d cs_z_momentum_120d cs_rank_vol_20d cs_z_vol_20d cs_rank_vol_60d cs_z_vol_60d cs_rank_downside_vol_20d cs_z_downside_vol_20d cs_rank_beta_60d_spy cs_z_beta_60d_spy cs_rank_excess_return_20d_vs_spy cs_z_excess_return_20d_vs_spy cs_rank_relative_strength_down_days_20d cs_z_relative_strength_down_days_20d cs_rank_gap_down_absorption_20d cs_z_gap_down_absorption_20d cs_rank_downside_vol_decay_60d cs_z_downside_vol_decay_60d cs_rank_beta_stability_price_floor cs_z_beta_stability_price_floor regime_calm regime_drawdown regime_high_vol regime_rebound stress_flag
feature_infos=[-0.43452090331350879:0.52290083351866889] [-0.61014499786032883:0.88260863646066867] [-0.76666670795573144:1.0566034133703051] [-0.82992956002177165:1.6011328544898928] [-0.85304846129940903:3.1843478105994496] [-0.61014499786032883:0.88260863646066867] [-0.76666670795573144:1.0566034133703051] [-0.82992956002177165:1.6011328544898928] [-0.85304846129940903:3.1843478105994496] [-0.83371665409748386:3.8670393633078328] [0:0.30584445364328161] [0:0.22421856781514868] [0:0.15098312624435092] [0:0.14329584310333965] [0:0.16337929811143656] [-13.695037798663515:20.575205365344527] [-4.0149274431247379:4.8863263853067735] [-0.69421673038056464:0.66131114246219425] [-0.79930206832555228:0.90110352904013702] [-0.82425537243447611:1.8446390551514207] [-132.53715276993563:80.364006761273146] [0:99.861064002984776] [-4.3588989435444114:4.3588989435883247] [-3.1806480089076707:4.3588989435433447] [-3.1101259120259019:7.6809377036926092] [0:20] [0:0.56348448091986825] [-0.47064726396441403:0.4210822666140121] [0:1] [-0.81943928948557032:0] [0:1.7305034091738194] [-0.85817267691977117:0] [0:3.9900962607604482] [-0.61785372931017601:0.89255912114692015] [-0.76226676485515399:1.4709261398977567] [-0.82324954741436951:2.9093527779374631] [-0.77334040331749898:1.3346611088982128] [-4.4721359549995769:4.4721359549995841] [-1.8537485942068546:20.000000000000025] [-0.3098674839759894:0.19880920041384464] [0.0021730140768461124:0.057214790451066776] [-0.31978067271172672:0] [-0.099256665172816158:0.19912924481561101] [-9.4243009236246778:13.933826240627525] [-1:87.127119856643347] [-1.0247428570212176:1.0007807340328658] [-4.1112792539993421:4.848421174419931] [-5.4434395281946788:7.7689924118407419] [-6.7072038827376153:7.6752434274945651] [-13.325735436189344:9.7109719643899926] [-11.504606375379524:8.6540722051089762] [0.55000000000000004:3.2400000000000002] [0.11:2.98] [9.1899999999999995:75.469999999999999] [93.247799999999998:125.0587] [-0.030000000000000027:2.6099999999999999] [0.0020161290322580645:1] [-10.036419127683077:15.738424952473304] [0.0020161290322580645:1] [-8.1746382519581609:16.457532645463687] [0.0020202020202020202:1] [-5.9157233637200122:14.200215155348952] [0.0020161290322580645:1] [-2.7783658620320608:17.573692755422847] [0.0020161290322580645:1] [-2.9782850486284773:14.693670814366223] [0.0020161290322580645:1] [-3.0058206930267617:18.050318432270245] [0.0020161290322580645:1] [-6.3974491418552946:8.9620500168724586] [0.0020161290322580645:1] [-10.036419127683077:15.738424952473304] [0.0020161290322580645:1] [-11.668006201344122:17.853621002907023] [0.0020449897750511249:1] [-9.434540891693187:11.345435387552476] [0.0020161290322580645:1] [-2.3143884498676961:20.623654562246884] [0.0020161290322580645:1] [-16.633473857690657:14.830513071902569] [0:1] [0:1] [0:1] [0:1] [0:1]
tree_sizes=3088 3092 3103 3093 3069 3101 3087 3111 3097 3058 3092 3074 3075 3075 3075 3098 3073 3047 3074 3128 3078 3118 3082 3055 3080 3071 3082 3105 3078

Tree=0
num_leaves=31
num_cat=0
split_feature=16 52 30 50 52 16 16 41 39 55 24 40 31 51 61 61 52 36 52 59 55 47 52 48 51 3 39 50 39 50
split_gain=81.9042 26.314 22.4793 18.5234 18.1064 23.1101 21.7427 16.4856 19.0773 16.417 13.8446 12.2934 12.0195 10.887 14.9367 13.6968 10.4154 9.56924 9.54939 9.31849 8.70046 8.6962 8.65853 16.1111 16.7661 8.41273 8.32351 7.76904 7.48687 7.37251
threshold=0.91314967301545014 0.13500000000000004 0.10545961878069733 1.5211814419799792 2.7200000000000002 1.4202158302983412 1.3267345261573475 -0.026710989526336878 0.011092858454045952 0.03000000000000003 1.0828878783777895 0.045801080308854943 -0.26959219551997288 1.7850000000000004 -0.8621687752277436 0.0076266756001528322 0.57000000000000017 -0.083578877084390032 0.6150000000000001 0.47679915085303487 1.1750000000000005 -0.17854812201170706 0.13500000000000004 -0.057883745166138499 0.64500000000000013 -0.11450581756716648 0.023922112248668363 -0.74876138246489166 -0.036119878947647226 -0.40017846932901541
decision_type=8 2 8 10 2 8 10 10 10 2 10 10 8 2 10 8 2 10 2 10 2 10 2 8 2 10 10 10 10 10
left_child=1 3 4 17 6 -6 12 9 -9 -8 22 13 20 14 29 25 -16 -1 -17 -14 -2 -19 23 -4 -25 -15 28 -23 -7 -3
right_child=2 11 10 -5 5 26 7 8 -10 -11 -12 -13 19 15 16 18 -18 21 -20 -21 -22 27 -24 24 -26 -27 -28 -29 -30 -31
leaf_value=0.002890786573958519 0.0037483587546380806 0.0040259121127835485 -0.0058807710100853457 0.0044271856964116212 7.1649569623258817e-05 0.0029611556177715228 0.0060840592610313764 0.00016292123691975148 -0.0014488722899498492 -0.0029285214062367889 -0.0032830109921826297 0.0051676280671053947 -0.00047351100858428262 0.0029120563515185895 0.00029882635858164178 -5.8327184758025508e-05 -0.00099636399276512651 -0.0063411192793273079 0.0015313546521686094 0.0003992135197962162 -0.0031313379533102056 0.0040519090210219509 -0.0013291462856089165 -0.0013936683687852563 0.0063396693885448335 0.00028473538274078356 7.8494082639554946e-05 -0.0028339741394481227 0.0089911074686873874 0.0010308839587034235
leaf_weight=171 735 693 160 248 1733 210 129 7171 12709 3845 2260 366 36203 790 10017 2755 6328 442 16170 9684 134 108 15499 315 389 21067 148 1501 358 2026
leaf_count=171 735 693 160 248 1733 210 129 7171 12709 3845 2260 366 36203 790 10017 2755 6328 442 16170 9684 134 108 15499 315 389 21067 148 1501 358 2026
internal_value=-0.00019562 0.000500757 -0.000671807 -0.00202698 -0.000473999 0.00163802 -0.000547384 -0.00116163 -0.000867123 -0.00263233 -0.00144734 0.000604612 -0.000233824 0.000576478 8.28531e-05 0.000807035 -0.000202187 -0.00275271 0.00129955 -0.000289162 0.00267603 -0.0032283 -0.00119312 0.0012368 0.00287232 0.000380195 0.00541232 -0.00236444 0.00678584 0.00179843
internal_weight=154364 62682 91682 2470 73059 2449 70610 23854 19880 3974 18623 60212 46756 59846 19064 40782 16345 2222 18925 45887 869 2051 16363 864 704 21857 716 1609 568 2719
internal_count=154364 62682 91682 2470 73059 2449 70610 23854 19880 3974 18623 60212 46756 59846 19064 40782 16345 2222 18925 45887 869 2051 16363 864 704 21857 716 1609 568 2719
is_linear=0
shrinkage=1


Tree=1
num_leaves=31
num_cat=0
split_feature=69 52 11 35 3 52 11 19 52 48 55 18 10 19 31 47 52 47 54 54 55 47 53 54 19 48 51 76 39 60
split_gain=76.8344 24.8395 19.2351 18.4366 17.534 15.6497 13.8348 13.254 14.3712 13.0527 24.9167 12.6589 12.4057 12.0973 11.2794 12.2289 10.9104 10.6763 10.5644 22.0388 16.071 13.9196 11.0075 11.5027 10.0938 10.4744 8.52504 7.66238 7.57039 7.2229
threshold=-0.39517849597967869 0.13500000000000004 0.010864144464644853 -0.29597965989792574 0.038538802375635901 0.18500000000000003 0.079528071166834649 -0.0043127039917998369 0.17500000000000002 0.55434704346624764 0.54500000000000004 0.1081495850056733 0.026771508828509708 -0.22942323645092214 -0.025050501970985458 0.56257557802902769 0.13500000000000004 -0.22220448059127071 114.48000000000002 116.09420000000001 0.41999999999999998 0.24662533295979763 18.970000000000002 113.17510000000001 0.23856575632587776 0.2829028891386603 1.4650000000000001 0.97074186982992827 0.031293367560276238 0.77729725180703746
decision_type=8 2 8 8 10 2 10 10 2 8 2 10 10 8 8 10 2 10 2 2 2 10 2 2 10 10 2 8 10 8
left_child=1 17 9 5 6 12 16 11 -9 14 -11 -6 -4 -3 29 27 -5 -1 22 21 -21 -20 26 -24 -19 -26 -15 -16 -17 -2
right_child=2 13 3 4 7 -7 -8 8 -10 10 -12 -13 -14 18 15 28 -18 24 19 20 -22 -23 23 -25 25 -27 -28 -29 -30 -31
leaf_value=-0.0060723740008811547 -0.00070283430298268533 0.0047395789578433571 0.00041217408154044753 0.0013386959856719451 -0.0018373246214420107 0.00086071068762425581 -0.0061410646792143288 -0.002159991082071158 -0.00063005527474959972 -0.0050434032257737375 -0.00026806128090298549 -0.0049797154865458418 0.012543034681342156 -0.0015215721295102275 0.0012186581562640807 -0.0012529349846087997 -0.00057156007739354929 -0.0020419533922049981 0.0027905433486769978 -0.0008752913984556535 0.0012918603917035484 0.00059820945295985229 0.002205077699782022 -0.00019066810003843398 -0.00066887335402315178 0.010372589316373257 0.00031389424462792935 0.0055661433295794505 0.0015019656428560384 0.0013403770844137913
leaf_weight=352 6820 462 83 1941 5914 752 272 5061 15976 841 3633 931 150 1687 7768 2238 48032 1433 5715 3965 4636 2664 3782 1864 134 87 24820 262 861 1282
leaf_count=352 6820 462 83 1941 5914 752 272 5061 15976 841 3633 931 150 1687 7768 2238 48032 1433 5715 3965 4636 2664 3782 1864 134 87 24820 262 861 1282
internal_value=-0.000182078 0.000605019 -0.000577176 -0.000764356 -0.000807297 0.0026308 -0.000528032 -0.00131024 -0.00099858 4.72023e-05 -0.00116849 -0.00226662 0.00827802 0.000715462 0.000330473 0.000847238 -0.000497183 -0.00212057 0.000677355 0.00118202 0.000291964 0.0020946 0.000410572 0.00141293 -0.00127123 0.00367656 0.000196732 0.00136225 -0.000484832 -0.000378456
internal_weight=154418 51601 102817 79112 78127 985 50245 27882 21037 23705 4474 6845 233 49595 19231 11129 49973 2006 49133 16980 8601 8379 32153 5646 1654 221 26507 8030 3099 8102
internal_count=154418 51601 102817 79112 78127 985 50245 27882 21037 23705 4474 6845 233 49595 19231 11129 49973 2006 49133 16980 8601 8379 32153 5646 1654 221 26507 8030 3099 8102
is_linear=0
shrinkage=0.025


Tree=2
num_leaves=31
num_cat=0
split_feature=16 52 50 34 13 52 55 47 42 9 55 52 53 51 9 50 39 9 69 22 9 52 48 19 10 51 69 48 55 53
split_gain=79.0617 23.5356 21.9101 15.7648 15.6664 15.1037 14.2926 13.2902 12.0974 11.9072 23.4549 16.1222 11.6172 15.9749 18.0547 11.3456 11.1017 10.6719 10.5257 10.0276 10.4171 9.82125 16.7614 9.80805 9.51094 9.4638 9.37027 9.35436 15.1005 8.84761
threshold=0.91314967301545014 0.13500000000000004 0.27577194883361011 0.025427861892701745 0.0056323508880087381 1.5000000000000002 0.3650000000000001 0.70066719475739669 -0.0066302218194392712 0.039841842101053911 0.03000000000000003 2.7200000000000002 18.970000000000002 1.7650000000000003 0.14001528687206502 0.91288752697620734 0.05681796079759683 -0.17459246597593051 -0.56976045217311821 1.4481134126309774 -0.030532234142777667 0.115 0.11024857714170218 0.26525556237973108 0.0087504941360257351 2.9550000000000005 -0.34631018973645361 0.30710515610771139 1.1150000000000004 16.775000000000002
decision_type=8 2 10 8 8 2 2 10 10 8 2 2 2 2 8 10 10 8 10 10 8 2 10 10 10 2 8 10 2 2
left_child=1 7 3 9 -5 6 -4 -1 17 10 -2 -12 13 27 25 -7 -10 -8 -14 -6 -21 22 -11 -9 -17 -15 -23 28 -3 -16
right_child=2 12 5 4 19 15 8 23 16 21 11 -13 18 14 29 24 -18 -19 -20 20 -22 26 -24 -25 -26 -27 -28 -29 -30 -31
leaf_value=-0.0027901855744085504 0.0061534580811655045 -0.00078436988329406542 0.0018406651664590367 3.0915814389352041e-05 -0.00090868498610044413 -0.0015035008140624588 -0.0045896490925773975 0.00019427614294496889 -0.0010328031930857792 -0.0031019680535089513 -0.00086792985700317137 0.0020565654648568585 0.0017203279601206601 0.00038378822473834201 0.0012399291708790005 -0.0069672648156207584 0.0017348547556980888 -0.0015795559013717113 0.00032242610507007553 -0.0043979143892224834 -0.001688455575725096 0.005692391088089924 0.0079776817172471058 0.0097165939586187217 -0.0029765366307666599 -0.0016197329429246867 0.00013367740498058771 -0.0018910734421044098 0.0016788501892783685 0.0037593567700740949
leaf_weight=1987 317 5317 1042 7183 10506 2391 1056 391 14321 127 18896 1254 9322 22404 11049 527 964 2477 5293 1102 4663 190 251 81 1333 1575 22959 2283 2197 949
leaf_count=1987 317 5317 1042 7183 10506 2391 1056 391 14321 127 18896 1254 9322 22404 11049 527 964 2477 5293 1102 4663 190 251 81 1333 1575 22959 2283 2197 949
internal_value=-0.000179703 0.000503026 -0.000648424 -0.000417022 -0.000940525 -0.00129538 -0.00100518 -0.00189316 -0.00116326 -0.000137744 -0.000578801 -0.000685445 0.000600757 0.000404561 0.000648363 -0.00264877 -0.000857638 -0.00248264 0.00121464 -0.00136981 -0.00220849 0.000245639 0.00423734 0.00186475 -0.00411504 0.000251805 0.000179918 -0.000489945 -6.3004e-05 0.00144019
internal_weight=154407 62848 91559 67448 23454 24111 19860 2459 18818 43994 20467 20150 60389 45774 35977 4251 15285 3533 14615 16271 5765 23527 378 472 1860 23979 23149 9797 7514 11998
internal_count=154407 62848 91559 67448 23454 24111 19860 2459 18818 43994 20467 20150 60389 45774 35977 4251 15285 3533 14615 16271 5765 23527 378 472 1860 23979 23149 9797 7514 11998
is_linear=0
shrinkage=0.025


Tree=3
num_leaves=31
num_cat=0
split_feature=46 35 14 39 18 51 60 31 16 48 51 4 51 60 68 45 47 41 40 17 53 51 40 14 40 17 51 37 12 12
split_gain=81.2046 22.3994 20.3663 17.0593 16.4473 14.9301 16.2493 16.1959 14.8587 15.6834 14.6633 12.3719 13.1073 14.2199 10.9708 10.6934 9.85998 10.5344 9.361 8.77433 8.69936 8.55915 8.05598 7.79276 7.42188 7.33911 6.86412 6.47451 6.13989 5.9296
threshold=0.94933526565226789 -0.26904070523110363 0.02259367437848479 -0.094165030053838181 -0.039876911932748053 1.7750000000000001 0.59959140915844489 -0.10749968865556019 1.2949571985152628 -1.301040255371553 1.8050000000000004 0.21395292835577887 1.405 0.59181469564067546 0.080881963450163338 -0.11627825769167625 2.5176927481231526 -0.02754401283897356 0.0061033538753718043 0.023105100692995876 22.380000000000006 2.5950000000000002 0.0043653841416914901 0.0057795056344746845 0.016248102843130916 -0.18017817275031459 2.8550000000000004 0.51017164945979243 0.011157502156012848 0.037879804488164193
decision_type=8 8 10 8 10 2 8 8 8 10 2 10 2 8 10 10 8 8 10 10 2 2 10 10 10 10 2 10 10 10
left_child=5 4 3 -3 27 7 14 25 9 -5 -10 12 18 -14 21 -4 26 -18 -9 -8 23 28 -23 -16 29 -1 -17 -2 -7 -13
right_child=1 2 15 8 -6 6 19 11 10 -11 -12 24 13 -15 20 16 17 -19 -20 -21 -22 22 -24 -25 -26 -27 -28 -29 -30 -31
leaf_value=0.0074441158976733222 0.0003395642909915768 0.0045289047998723448 0.0031219721921864939 0.002010787976864587 0.0086217874629405354 0.001100722655274647 0.0015423405556009939 -0.0033417801141297793 -0.00036944869303268975 -0.00048993363080841376 -0.0014446212895730887 0.0010888570494235398 0.00063004801292946275 -0.0011248090369696412 0.00041615011519221851 -0.0024484846856558128 -0.010433717956883961 -0.0030675880468517963 -0.00098301616465902943 0.00047792374370090061 0.0017372879384521826 -0.0051001999680468594 0.00049896319909103668 -0.00053091412504546113 0.0054908093016067154 0.0011605360608612971 0.0022377085078437654 0.0051995199461987362 0.0033068533264972418 -0.0055434160413799401
leaf_weight=119 993 385 209 1641 220 1860 13806 1260 11785 34011 24361 2276 7424 4719 10025 3927 197 328 6476 7492 1745 196 857 11837 236 4053 203 207 1389 86
leaf_count=119 993 385 209 1641 220 1860 13806 1260 11785 34011 24361 2276 7424 4719 10025 3927 197 328 6476 7492 1745 196 857 11837 236 4053 203 207 1389 86
internal_value=-0.000193134 -0.000757015 -0.000814443 -0.000708757 0.00235173 0.00039006 0.000648182 -8.62856e-05 -0.000737023 -0.000374556 -0.0010943 -0.00035209 -0.000564403 -5.13489e-05 0.000250958 -0.00238074 -0.00263015 -0.00586338 -0.00136863 0.00116831 3.90114e-05 0.00141193 -0.000540741 -9.6288e-05 0.00126907 0.00134365 -0.00221575 0.00118851 0.00204706 0.000841511
internal_weight=154323 78467 77047 72183 1420 75856 49207 26649 71798 35652 36146 22477 19879 12143 27909 4864 4655 525 7736 21298 23607 4302 1053 21862 2598 4172 4130 1200 3249 2362
internal_count=154323 78467 77047 72183 1420 75856 49207 26649 71798 35652 36146 22477 19879 12143 27909 4864 4655 525 7736 21298 23607 4302 1053 21862 2598 4172 4130 1200 3249 2362
is_linear=0
shrinkage=0.025


Tree=4
num_leaves=31
num_cat=0
split_feature=16 52 16 52 52 35 41 48 51 7 30 70 52 52 12 16 19 51 39 51 50 11 4 47 51 35 61 25 60 51
split_gain=75.2128 22.9421 21.8562 32.2717 30.4736 24.9805 19.6471 15.1333 15.095 13.8082 13.291 12.3068 12.2286 10.067 13.8928 12.7434 9.77907 9.3782 10.6326 9.14055 8.9953 8.97955 8.68165 13.7583 9.49014 8.43853 7.54364 8.0655 7.07618 6.58829
threshold=0.90914518942585587 0.13500000000000004 1.2892927923298516 2.7200000000000002 0.13500000000000004 -0.26904070523110363 -0.028549359549449257 0.025678020163454381 0.62500000000000011 -0.13121095802794722 0.12377585696585237 0.95197418202040296 0.18500000000000003 2.7200000000000002 0.012082144719129667 0.17317571116680322 0.28679485901481899 3.0650000000000004 -0.04785015836711453 0.64500000000000013 0.27577194883361011 0.011299775433888819 0.081242775118802527 1.7278251010234122 1.0750000000000004 -0.0039346612329848587 1.872819609618583 0.57020853797237592 0.6982940491779428 2.3250000000000006
decision_type=8 2 10 2 2 10 10 10 2 10 10 10 2 2 10 10 10 2 10 2 8 10 8 10 2 10 8 10 8 2
left_child=1 7 10 4 8 12 -7 19 -4 29 20 -10 -6 15 21 -11 -9 -5 25 -1 22 -15 24 -24 -2 -19 27 -12 -17 -3
right_child=2 9 3 17 5 6 -8 16 11 13 26 -13 -14 14 -16 28 -18 18 -20 -21 -22 -23 23 -25 -26 -27 -28 -29 -30 -31
leaf_value=0.0014670622682573466 -0.0024777466776083686 0.002047711744323698 -0.002653926717788658 0.0054624529797187892 0.0080363249290728977 -0.0028892416119560491 -0.0012460504722494304 -0.00087758577530660728 0.0044202878020281498 0.0018185929202677933 0.0010903336893053751 -0.0055483596740556933 0.0010976808768701834 -0.00077431310343666928 -0.0028273671189036394 0.00028067769397102752 0.0066809719762638241 0.00029034034760968988 0.0031886014411008968 -0.0053042640958260142 -0.00071225349462228566 0.0038700996299786366 0.00071765301769693805 -0.0055483800968477402 -0.00013613328896832795 -0.0098353958875052813 0.0013725358544729989 -0.0020830751242144276 0.00090935069828032913 0.0063396868582907733
leaf_weight=144 1136 703 296 521 200 5467 27356 1336 1034 4902 556 82 773 675 1281 34727 115 131 435 833 14784 420 11078 222 22475 82 530 4715 16550 334
leaf_count=144 1136 703 296 521 200 5467 27356 1336 1034 4902 556 82 773 675 1281 34727 115 131 435 833 14784 420 11078 222 22475 82 530 4715 16550 334
internal_value=-0.00018604 0.00048656 -0.000640168 -0.00111651 -0.00125238 -0.00140287 -0.00152006 -0.00189424 0.00234256 0.000583724 -0.000327777 0.00367594 0.00253976 0.000532889 -0.00105955 0.000600393 -0.000268337 0.00296611 0.000941075 -0.004298 -0.0001954 0.00100255 2.32775e-05 0.000593311 -0.000249234 -0.00360608 -0.00146023 -0.00174674 0.000483749 0.00344304
internal_weight=153893 62020 91873 36377 35208 33796 32823 2428 1412 59592 55496 1116 973 58555 2376 56179 1451 1169 648 977 49695 1095 34911 11300 23611 213 5801 5271 51277 1037
internal_count=153893 62020 91873 36377 35208 33796 32823 2428 1412 59592 55496 1116 973 58555 2376 56179 1451 1169 648 977 49695 1095 34911 11300 23611 213 5801 5271 51277 1037
is_linear=0
shrinkage=0.025


Tree=5
num_leaves=31
num_cat=0
split_feature=68 68 8 41 54 54 60 39 58 55 39 48 3 51 65 55 54 13 47 50 9 61 48 39 26 8 32 48 34 35
split_gain=66.9598 23.6812 21.1537 19.3099 21.7868 18.6833 39.6189 19.3534 16.6201 15.348 16.0701 14.7788 11.9174 12.3447 14.4319 14.0209 9.24018 16.4586 9.88637 8.98815 10.487 8.83264 10.846 9.26458 7.84027 7.82655 7.5473 8.32309 7.34248 6.7236
threshold=0.69085146289890209 0.31197464152009613 -0.14553378613872561 -0.15327845528716069 117.90000000000002 118.87420000000002 0.22389682024659316 -0.094165030053838181 0.11664866810655149 0.16000000000000006 0.014186401554621144 -1.3990567642891414 -0.12476405109051246 1.7850000000000004 -0.091370566294508945 1.1150000000000004 120.75105000000001 0.013806450344919265 2.3558249529694728 0.53191836780713742 -0.22074147548304754 -0.1241247566407805 -0.59192827384989133 0.011955540535556365 0.036962734105961882 -0.065904585637425281 0.13961412490372174 -1.6756123091662158 0.06782451615044828 -0.1939152026286802
decision_type=10 8 10 10 2 2 8 10 10 2 10 10 10 2 10 2 2 8 10 8 8 10 10 10 2 10 10 10 10 10
left_child=1 12 3 -2 26 7 24 -4 -6 10 -9 -11 -1 14 15 -14 18 25 19 28 -21 22 -15 -23 -7 -18 27 -5 -3 -19
right_child=2 16 5 4 8 6 -8 9 -10 11 -12 -13 13 21 -16 -17 17 29 -20 20 -22 23 -24 -25 -26 -27 -28 -29 -30 -31
leaf_value=0.0033650164289076353 -0.0029256040670656781 0.00019263246850123123 0.007685046802060419 0.0047550525480587183 0.010857819875955169 -0.0045987436842819017 -0.00040625971567135515 0.0031690843006621514 0.0014780385575970639 0.00023814281049022831 -0.0018280565547937285 -0.0013651889413948176 -0.0007587341521971807 0.0019187840986675032 0.0017037852012961438 0.0012266830874610825 -0.0027251697090324217 0.0041686705550224136 -0.0061450491351654531 -0.0047642109047100305 -0.00051688597852553417 0.00062910500862654384 -1.6190653326387743e-05 0.0018005566767104219 -0.012170127009304983 -0.011113573039488156 -0.0025791603495723481 0.00060484462305842408 -0.00087123327620790649 -0.0014722916787458483
leaf_weight=946 786 40108 156 342 247 124 646 1036 230 3997 654 34856 10784 2199 2539 2797 129 147 168 372 14557 8594 10180 8343 322 160 395 2589 4508 1181
leaf_count=946 786 40108 156 342 247 124 646 1036 230 3997 654 34856 10784 2199 2539 2797 129 147 168 372 14557 8594 10180 8343 322 160 395 2589 4508 1181
internal_value=-0.00018015 0.000161764 -0.000974348 0.000635667 0.00137437 -0.00115133 -0.00437896 -0.00106442 0.00636582 -0.0010985 0.00123092 -0.00120005 0.000588048 0.000529978 -2.52859e-05 -0.000349214 -0.000160505 -0.00202482 -0.000109855 -9.25779e-05 -0.000623597 0.000835546 0.000327084 0.00120668 -0.0100998 -0.00742186 0.000654226 0.00109341 8.49509e-05 -0.000839036
internal_weight=154092 107712 46380 4589 3803 41791 1092 40699 477 40543 1690 38853 46382 45436 16120 13581 61330 1617 59713 59545 14929 29316 12379 16937 446 289 3326 2931 44616 1328
internal_count=154092 107712 46380 4589 3803 41791 1092 40699 477 40543 1690 38853 46382 45436 16120 13581 61330 1617 59713 59545 14929 29316 12379 16937 446 289 3326 2931 44616 1328
is_linear=0
shrinkage=0.025


Tree=6
num_leaves=31
num_cat=0
split_feature=68 34 11 55 47 40 60 19 4 7 51 40 53 4 18 48 56 55 51 68 40 44 40 47 61 51 48 60 49 53
split_gain=67.7538 18.6098 13.5251 12.403 24.7872 17.7287 12.3169 12.3149 14.4696 12.1336 15.0087 18.4622 15.5374 12.7965 11.9584 11.7869 11.5623 11.3666 10.5912 10.2158 10.0712 15.4161 9.43742 9.15559 8.1456 7.95425 7.72158 7.64977 6.89204 6.88983
threshold=0.32760466661744075 0.066500649826442118 0.010005680640443217 0.16000000000000006 0.51881633795729643 0.014227904924871991 0.96719734942567903 -0.021007044062672672 -0.14553378613872561 -0.1019501580807967 1.425 0.0061033538753718043 16.580000000000002 0.24923942405076008 0.12322560425380148 0.56645786002858745 0.12889920751241912 0.54500000000000004 1.7850000000000004 0.69085146289890209 0.012650363153020995 1.2419725343106369 0.0083304609404307017 0.33175241355419266 0.22798598408394 1.5750000000000004 2.4446695580536395 0.71044447296372359 2.1649442007641451 19.975000000000005
decision_type=8 10 8 2 10 10 10 8 10 10 2 10 2 10 10 10 8 2 2 8 10 8 10 10 10 2 10 10 10 2
left_child=9 2 15 4 16 -6 19 8 28 -1 11 23 18 22 -10 29 -4 -17 24 -5 25 -22 -13 -11 -12 -14 -9 -20 -3 -2
right_child=1 7 3 6 5 -7 -8 26 14 10 12 13 20 -15 -16 17 -18 -19 27 -21 21 -23 -24 -25 -26 -27 -28 -29 -30 -31
leaf_value=0.002701201455420142 0.00054233612661854251 -0.0017357159589417581 0.0037850981065835512 -0.00038559398553126201 0.002003160595418768 0.0096155896459865046 0.001409301702008388 -0.0011802845254640965 -0.0033927933361326983 -0.0047347515550156503 1.9469113655281309e-05 0.0011446904652184719 0.0036251181721939627 0.0031584724010085643 -0.0091565699220900448 -0.0043954627203896977 -0.0020476036976328142 -0.00048749375798466861 0.00032837416498211779 -0.00100279133633323 -0.00053210690495639765 0.0039171615554785665 -0.0010628295970380255 0.00060028869235103559 -0.0022072034774303978 0.0015667962012689066 0.0053680319484247577 0.0013805105211350775 0.0046752504620537127 -0.0029446451032791635
leaf_weight=1608 14901 308 245 32052 1556 218 1757 12548 1010 858 3045 1723 1425 707 293 584 1521 2300 17818 35261 2663 594 4047 259 1543 6877 112 5714 157 361
leaf_count=1608 14901 308 245 32052 1556 218 1757 12548 1010 858 3045 1723 1425 707 293 584 1521 2300 17818 35261 2663 594 4047 259 1543 6877 112 5714 157 361
internal_value=-0.00020367 -0.000561101 -0.000428383 -0.000580974 0.000861174 0.00294872 -0.00065501 -0.00139531 -0.00335135 0.000565303 0.000492425 -0.000525193 0.000687382 -1.18924e-05 -0.00470185 0.000181786 -0.00123216 -0.00128294 0.000369817 -0.000709028 0.00145916 0.000278177 -0.000402234 -0.00349169 -0.000728135 0.00192147 -0.00112126 0.000584228 0.000419222 0.00045914
internal_weight=154065 105184 90756 72610 3540 1774 69070 14428 1768 48881 47273 7594 39679 6477 1303 18146 1766 2884 28120 67313 11559 3257 5770 1117 4588 8302 12660 23532 465 15262
internal_count=154065 105184 90756 72610 3540 1774 69070 14428 1768 48881 47273 7594 39679 6477 1303 18146 1766 2884 28120 67313 11559 3257 5770 1117 4588 8302 12660 23532 465 15262
is_linear=0
shrinkage=0.025


Tree=7
num_leaves=31
num_cat=0
split_feature=68 52 30 31 68 52 52 55 80 40 47 13 40 47 77 24 35 47 9 52 52 3 40 4 53 51 41 52 0 60
split_gain=66.8931 23.901 22.5088 15.88 17.3252 18.9336 17.0079 11.6013 10.7203 12.6642 10.4232 10.1437 10.1164 9.77553 9.46001 9.37145 8.83963 11.7002 9.68436 8.17391 8.14658 7.99254 8.99023 15.781 10.9253 7.51752 7.01481 6.66495 6.45505 6.30932
threshold=0.31197464152009613 0.13500000000000004 0.11236249845442371 -0.25745112520956182 0.69085146289890209 2.7200000000000002 0.13500000000000004 0.25499999999999995 1.0000000180025095e-35 0.0076739402773441994 -0.17854812201170706 0.0059448117335914727 0.0094090381837638199 3.1029527699930894 0.25456862361161919 1.1831608890489205 -0.24907056864409285 0.84209279302897777 -0.030532234142777667 2.8200000000000007 0.8650000000000001 -0.14757268232980883 0.012387350956558569 0.24923942405076008 16.625000000000004 2.2250000000000005 -0.15327845528716069 0.18500000000000003 -0.032353043915001982 0.97486908239256875
decision_type=8 2 10 8 10 2 2 2 2 10 10 8 10 10 8 10 8 10 8 2 2 10 10 10 2 2 10 2 10 10
left_child=1 10 3 13 11 6 -6 -7 21 19 -1 25 14 -2 -11 16 17 -4 -18 20 -10 -3 24 -24 -23 -5 -19 -20 -17 -13
right_child=2 8 15 4 5 7 -8 -9 9 12 -12 29 -14 -15 -16 28 18 26 27 -21 -22 22 23 -25 -26 -27 -28 -29 -30 -31
leaf_value=-0.0058944580553577687 0.002066990676112412 0.0043241327746161452 -0.0058550003240472213 -0.00025868573573896789 0.0020519350005616817 0.0046009164734326603 -0.0010456857020280583 -0.00011445304927328238 7.5115140509159431e-05 -0.00057945181933672719 -0.0012005185461427851 -0.00040910611792093881 0.0021835274199545215 -0.0054837799493269914 -0.0034880826703659034 0.0033848914243142475 -0.0023590558742377149 -0.00052998073745605563 -0.0018774442074497395 -0.0041667141397047228 0.0011473984594619518 0.00080682597442571975 -5.5326208268304558e-06 0.0052397733303868434 0.0021532275226567852 0.00074847099856631058 0.0073884150951739232 -0.00046259454441235231 -0.0032940811999841546 0.0025778015063808398
leaf_weight=375 2207 482 80 7702 1144 620 32718 680 7662 2367 1419 33987 558 111 996 93 3556 102 2866 217 10543 8589 6228 379 6748 11585 209 7678 1867 446
leaf_count=375 2207 482 80 7702 1144 620 32718 680 7662 2367 1419 33987 558 111 996 93 3556 102 2866 217 10543 8589 6228 379 6748 11585 209 7678 1867 446
internal_value=-0.000153283 0.00063833 -0.000495758 -0.000342103 -0.000395454 -0.000826901 -0.000940745 0.00213082 0.000751857 0.000363754 -0.00218916 -0.000112903 -0.000925385 0.00169953 -0.00144405 -0.00134704 -0.00112658 0.00256993 -0.00122982 0.000638589 0.00069655 0.00113815 0.00106759 0.000295118 0.00139983 0.000345897 0.00477531 -0.000848051 -0.00297147 -0.000370111
internal_weight=154214 46563 107651 91200 88882 35162 33862 1300 44769 22343 1794 53720 3921 2318 3363 16451 14491 391 14100 18422 18205 22426 21944 6607 15337 19287 311 10544 1960 34433
internal_count=154214 46563 107651 91200 88882 35162 33862 1300 44769 22343 1794 53720 3921 2318 3363 16451 14491 391 14100 18422 18205 22426 21944 6607 15337 19287 311 10544 1960 34433
is_linear=0
shrinkage=0.025


Tree=8
num_leaves=31
num_cat=0
split_feature=46 52 16 52 52 53 51 4 46 55 17 51 18 80 51 16 67 54 13 52 48 3 40 51 39 54 0 39 60 55
split_gain=62.0827 18.387 17.3252 32.2459 32.8476 18.9048 41.0725 23.8463 13.3504 12.9606 12.7793 11.8157 12.3727 11.6778 16.2922 13.2477 11.6586 11.2933 16.2363 10.3744 9.8709 9.45883 9.24421 8.86808 8.58322 8.24351 8.19718 7.85016 7.59173 7.58715
threshold=0.83409535555438541 0.13500000000000004 1.2949571985152628 2.7200000000000002 0.13500000000000004 18.915000000000003 1.7850000000000004 -0.042991767922845585 1.5767782054869135 0.24500000000000013 -0.18017817275031459 0.62500000000000011 0.10567682416779102 1.0000000180025095e-35 1.8050000000000004 0.17317571116680322 -0.62630845105340549 120.39400000000002 0.012468458630616028 2.8200000000000007 0.64381864908294906 -0.14757268232980883 0.017937732423117535 2.5700000000000007 0.023922112248668363 112.23140000000001 -0.015121672937829898 -0.010216137446209415 0.34352710858396934 0.93500000000000016
decision_type=8 2 10 2 2 2 2 10 10 2 8 2 10 2 2 10 10 2 8 2 10 10 10 2 10 2 10 10 10 2
left_child=1 20 8 4 11 6 -6 -7 10 24 -2 -4 -13 15 16 23 25 22 -19 27 26 -17 -12 -3 -5 -15 -1 -16 -18 -23
right_child=2 13 3 9 5 7 -8 -9 -10 -11 17 12 -14 14 19 21 28 18 -20 -21 -22 29 -24 -25 -26 -27 -28 -29 -30 -31
leaf_value=0.0017724429528050631 0.0050100298562076925 0.0037541797016910142 -0.001853383391065552 0.008588750971128439 0.00063804888909018082 -0.00064281219209538548 -0.0015819347491042969 -0.0036580256785248184 -0.0079755409024774553 0.0010605597457917764 -0.00028439517448864972 0.0053640012861531196 -0.00037334256457941369 -0.0015768387140954509 -0.0011855998515463019 0.0043977273727769236 -0.00023645334032132006 -0.0071267631617877962 -0.0011531146779723699 -0.0036203844514552325 0.0030041800104262362 0.00032364324457710122 0.001718179418386305 0.00038168360871574259 0.0002860391116131048 0.0012592508251946441 -0.002958912961767536 0.00078273518952052677 -0.0023318059542363121 0.0012053811346804846
leaf_weight=261 283 1623 297 323 7127 2733 19304 4123 140 714 55487 817 326 905 1353 440 1725 331 2022 360 241 14288 1477 704 105 2175 1723 18971 2932 10684
leaf_count=261 283 1623 297 323 7127 2733 19304 4123 140 714 55487 817 326 905 1353 440 1725 331 2022 360 241 14288 1477 704 105 2175 1723 18971 2932 10684
internal_value=-0.000164123 0.000478153 -0.000556417 -0.000990811 -0.00112694 -0.00128703 -0.000983041 -0.00245749 -0.000295459 0.00313888 -0.000277132 0.0025666 0.0037224 0.000566573 0.000210069 0.000931548 -0.00076812 -0.000302584 -0.00199983 0.000576353 -0.00174935 0.000765729 -0.000232304 0.00273782 0.00657584 0.000423196 -0.00233202 0.000651269 -0.00155754 0.000701225
internal_weight=153994 58385 95609 35869 34727 33287 26431 6856 59740 1142 59600 1440 1143 56160 28421 27739 7737 59317 2353 20684 2225 25412 56964 2327 428 3080 1984 20324 4657 24972
internal_count=153994 58385 95609 35869 34727 33287 26431 6856 59740 1142 59600 1440 1143 56160 28421 27739 7737 59317 2353 20684 2225 25412 56964 2327 428 3080 1984 20324 4657 24972
is_linear=0
shrinkage=0.025


Tree=9
num_leaves=31
num_cat=0
split_feature=46 52 52 54 35 52 16 41 51 47 68 46 31 53 51 52 50 53 59 76 53 38 9 54 54 12 47 50 69 1
split_gain=70.3987 22.036 16.8122 16.5872 14.4595 21.522 17.028 19.1619 28.2971 21.583 13.9737 12.1761 11.2894 10.5187 12.3945 11.1375 10.1359 12.6918 10.0264 9.35964 9.22278 9.17935 9.04072 8.93338 8.6061 8.69655 8.49592 8.17145 9.66999 8.12372
threshold=0.99579731534586224 2.7200000000000002 0.15500000000000003 116.18090000000002 -0.26904070523110363 0.18500000000000003 1.3267345261573475 -0.028549359549449257 1.7850000000000004 2.754360733125806 0.31197464152009613 1.5626217457392777 -0.057611948158121311 16.685000000000006 1.7850000000000004 2.8200000000000007 1.0100667173722047 16.935000000000006 0.51969286415884952 0.1806852104291409 28.540000000000003 -0.57005798038947553 -0.32459048273431573 116.13980000000001 114.48000000000002 0.012847975854766684 0.63310336591423988 -1.6306286458009625 0.66342315977694866 -0.03748976682534582
decision_type=8 2 2 2 8 2 10 10 2 10 10 10 8 2 2 2 10 2 8 10 2 10 10 2 2 10 10 8 8 10
left_child=2 4 12 27 5 22 11 9 -9 -8 13 18 -1 14 -4 -16 -14 -18 -6 -7 -19 -5 -2 24 -12 -26 -25 29 -29 -3
right_child=1 3 10 21 6 19 7 8 -10 -11 23 -13 16 -15 15 -17 17 20 -20 -21 -22 -23 -24 26 25 -27 -28 28 -30 -31
leaf_value=0.00045919589920865342 0.011376743983476281 0.0022948179200376574 -0.00070892421724383738 -0.001534806869785603 -0.00071725902015555337 0.0062442462202963699 -0.002413028869080746 5.2075650744402068e-05 -0.0016624737633562576 -0.011105623203489798 -4.3172279491167195e-05 -0.007723359381431461 -0.0023092457450909283 0.0012448489038148719 0.00072258057793229264 -0.0047182644388725709 -0.0071815874239002922 0.0023949425137979748 0.00025987535220084169 -0.00091597903363209638 -0.0061911696709666545 0.0068231310285424319 0.0024775283924026443 -0.0015927914006351566 0.0020351811635785544 0.00015535179936348811 0.0010199572836609844 -0.00015700548419924344 0.0052334922789641063 -0.0038119162300143798
leaf_weight=2518 172 200 4933 97 28268 130 4756 9407 16648 185 21417 145 3327 15191 23453 236 116 809 8534 874 85 477 127 3481 2832 3386 997 526 340 414
leaf_count=2518 172 200 4933 97 28268 130 4756 9407 16648 185 21417 145 3327 15191 23453 236 116 809 8534 874 85 477 127 3481 2832 3386 997 526 340 414
internal_value=-0.000180461 -0.000756282 0.000315411 0.00179375 -0.00083206 0.00177362 -0.000882172 -0.00131443 -0.00104318 -0.00274263 0.000422533 -0.000519306 -0.000869841 0.000712894 0.000430259 0.000667824 -0.0016431 0.00054393 -0.000490467 1.00281e-05 0.00156301 0.00539743 0.00764681 2.61353e-05 0.000194224 0.00101296 -0.00100929 0.000387796 0.00195502 -0.00180996
internal_weight=154081 71300 82781 2054 69246 1303 67943 30996 26055 4941 75926 36947 6855 43813 28622 23689 4337 1010 36802 1004 894 574 299 32113 27635 6218 4478 1480 866 614
internal_count=154081 71300 82781 2054 69246 1303 67943 30996 26055 4941 75926 36947 6855 43813 28622 23689 4337 1010 36802 1004 894 574 299 32113 27635 6218 4478 1480 866 614
is_linear=0
shrinkage=0.025


Tree=10
num_leaves=31
num_cat=0
split_feature=46 50 34 60 55 19 51 54 55 54 50 54 40 14 55 55 15 54 60 0 68 40 65 43 34 54 16 49 11 40
split_gain=65.7792 16.1674 13.7775 17.1527 14.0592 28.087 12.5114 12.4003 15.5537 22.0057 14.8947 12.0414 15.2841 11.4093 10.8071 23.6412 15.1949 15.8303 10.5777 10.4477 10.4017 10.3936 10.021 9.08527 8.76581 8.70555 15.6844 9.18454 8.36067 8.07905
threshold=0.83409535555438541 0.27577194883361011 0.025427861892701745 0.76947193841350947 0.015000000000000015 0.036699063173646136 1.7850000000000004 118.87420000000002 1.2250000000000003 111.92010000000001 1.9717690769017031 120.39400000000002 0.045801080308854943 0.0082908263236771956 0.22500000000000001 0.32500000000000001 2.0657742780898629 114.20255000000002 0.51622943335264904 0.019565407479471223 0.29989733059548257 0.0081965139016101328 1.5810443128117015 0.70117516572549821 -0.060801097110951101 116.12250000000002 1.9142397747830204 1.0575312169589175 0.079528071166834649 0.017195564800493179
decision_type=8 10 8 10 2 8 2 2 2 2 10 2 10 8 2 2 10 2 8 10 8 10 10 8 10 2 10 10 10 10
left_child=6 2 3 4 5 -2 7 8 10 24 21 -9 -13 -4 25 23 19 -18 22 -17 -11 -1 29 -16 -10 27 -27 -3 -6 -8
right_child=1 14 13 -5 28 -7 18 11 9 20 -12 12 -14 -15 15 16 17 -19 -20 -21 -22 -23 -24 -25 -26 26 -28 -29 -30 -31
leaf_value=-4.1487997302782476e-05 0.0095354625325380568 0.001377508089897807 0.00010933001692584545 0.0010083024378886292 -0.00031809738661720856 -0.0066289152823375726 0.00016940830083653322 0.0048761815945275386 0.0051875426854893526 0.0037090031138270656 0.0040024441211816949 -0.0019185150278056111 0.0048730052088622683 -0.0011404826679426371 -0.0056136602206863445 -0.00055892990184368751 -0.00098449395615882933 -0.0047269647866151751 0.0011922909915572744 -0.002452792649624906 0.00063922736422997802 -0.0014019616927347322 0.0036395417255805345 -0.0015616541582847334 -0.0014527089044483685 0.0010425933775516829 0.012319169790368447 -0.0062150138171169662 -0.004222739537028777 0.0039538909489485949
leaf_weight=7305 231 193 6042 7335 38224 93 17218 619 132 1712 433 613 311 18539 1015 16725 1528 1324 19519 2046 1167 6775 561 535 1782 1301 81 201 345 359
leaf_count=7305 231 193 6042 7335 38224 93 17218 619 132 1712 433 613 311 18539 1015 16725 1528 1324 19519 2046 1167 6775 561 535 1782 1301 81 201 345 359
internal_value=-0.000144164 -0.000547719 -0.00035473 -0.000100249 -0.000309534 0.00486528 0.000516213 2.4508e-05 -0.000147547 0.00108653 -0.000555679 0.00218055 0.000362625 -0.000832984 -0.00109511 -0.00123928 -0.00102488 -0.00272577 0.000788239 -0.0007659 0.00246806 -0.000696716 0.00035296 -0.00422219 -0.000987881 0.000781362 0.00171906 -0.00248397 -0.000353349 0.000247395
internal_weight=154264 95758 70809 46228 38893 324 58506 20849 19306 4793 14513 1543 924 24581 24949 23173 21623 2852 37657 18771 2879 14080 18138 1550 1914 1776 1382 394 38569 17577
internal_count=154264 95758 70809 46228 38893 324 58506 20849 19306 4793 14513 1543 924 24581 24949 23173 21623 2852 37657 18771 2879 14080 18138 1550 1914 1776 1382 394 38569 17577
is_linear=0
shrinkage=0.025


Tree=11
num_leaves=31
num_cat=0
split_feature=46 46 52 52 54 52 44 39 49 35 52 54 50 39 52 50 51 80 40 9 9 30 54 30 9 40 40 47 4 51
split_gain=63.6439 19.5898 30.1167 24.0788 18.0761 16.868 15.6481 17.4781 15.3063 15.1884 15.9205 13.8332 13.6537 13.3504 11.6183 11.524 11.0832 13.5807 16.0789 11.8164 11.6621 10.6287 10.6002 9.00419 8.73011 8.61292 8.48626 7.83932 7.33225 7.19126
threshold=0.79184009904185548 1.1928305460714514 2.7200000000000002 0.13500000000000004 116.18090000000002 0.13500000000000004 -0.52803967262616791 0.057860392918007049 -0.6820344721547632 -0.26904070523110363 0.19500000000000003 118.87420000000002 -0.77436083861988814 -0.04785015836711453 0.18500000000000003 1.226889834098807 1.7850000000000004 1.0000000180025095e-35 0.0118705075089792 0.11182549676757537 0.096008633500353727 0.27596155077370127 120.39400000000002 0.048562016906837265 0.28161218452585085 0.045801080308854943 0.0143954253997214 -1.1487171697259837 0.43328264884592432 0.62500000000000011
decision_type=8 10 2 2 2 2 10 10 10 8 2 2 8 10 2 10 2 2 10 10 8 10 2 10 10 10 8 10 10 2
left_child=5 12 3 6 13 15 7 -3 -8 14 -11 16 21 -4 -5 29 17 18 -7 -19 26 27 -13 -22 -17 -24 -18 -2 -29 -1
right_child=1 2 4 9 -6 11 8 -9 -10 10 -12 22 -14 -15 -16 24 20 19 -20 -21 23 -23 25 -25 -26 -27 -28 28 -30 -31
leaf_value=0.0019887394972575852 0.0029152671936083577 -0.0071280282274250352 -0.0037626795376572361 0.0071656388444612034 0.0079874060925761749 0.0013589604803595431 -0.0038894942556782367 0.0059692090594457787 0.0040835210367871485 -0.0028038323345070458 -0.0011231350032650407 0.0059203542153446753 -0.00055244061101186737 0.0028808590741086458 0.00046004905636101739 -0.00062695163671520546 0.00022664771215294283 0.00019562917415704253 -0.00092908524130157005 -0.0019099957681211748 0.0018300917924990751 -0.0044250810330485266 -0.0010088629087616797 0.00060439979612315713 0.0077088968661385331 0.004846109584699893 0.0023742040961961032 0.00017179419061826972 0.0062662477675156482 -0.0031012054084302424
leaf_weight=193 690 213 257 199 316 6034 171 89 1159 3941 33775 526 38070 700 852 201 17132 3300 2810 3350 8779 301 420 6576 126 248 1233 20895 123 1528
leaf_count=193 690 213 257 199 316 6034 171 89 1159 3941 33775 526 38070 700 852 201 17132 3300 2810 3350 8779 301 420 6576 126 248 1233 20895 123 1528
internal_value=-0.000190212 -0.000554911 -0.000971482 -0.00109095 0.00281129 0.000517062 0.00188099 -0.00323516 0.0030502 -0.0012163 -0.00129904 0.000607548 -0.000265831 0.00108645 0.00174356 -0.00170547 0.000542811 -1.01782e-05 0.000631105 -0.000864125 0.000797118 0.000229593 0.00326634 0.00130575 0.00257862 0.00115842 0.000371386 0.000294721 0.000208172 -0.00252506
internal_weight=154207 101751 41672 40399 1273 52456 1632 302 1330 38767 37716 50408 60079 957 1051 2048 49214 15494 8844 6650 33720 22009 1194 15355 327 668 18365 21708 21018 1721
internal_count=154207 101751 41672 40399 1273 52456 1632 302 1330 38767 37716 50408 60079 957 1051 2048 49214 15494 8844 6650 33720 22009 1194 15355 327 668 18365 21708 21018 1721
is_linear=0
shrinkage=0.025


Tree=12
num_leaves=31
num_cat=0
split_feature=46 3 52 13 61 47 35 18 55 60 55 48 8 52 48 46 53 55 65 69 63 54 47 12 16 61 41 54 50 55
split_gain=62.2152 17.4012 17.138 16.4281 15.0679 13.8853 12.5139 11.6726 11.6679 21.9742 17.7953 11.6655 10.7763 10.5191 14.8866 10.7518 9.92329 11.7728 9.89037 9.87327 9.63331 10.5078 9.13013 9.81855 8.43965 8.29774 7.32719 8.30901 7.09061 7.03806
threshold=0.83409535555438541 0.061974273042891277 0.13500000000000004 0.0055628897138654135 1.7141006135769687 0.56257557802902769 -0.10801768935806154 -0.070930147413638275 0.14000000000000004 0.39957034206494257 0.015000000000000015 -0.02588582228378259 -0.34331206254764313 0.115 0.012788547608098029 1.2086456801132563 19.105000000000004 0.75500000000000012 -0.57278102742544201 1.171566571243899 -0.54558972120500693 116.34535000000001 -0.52471816223578094 0.015032885805002479 1.2551327434525168 -0.8224731916237199 -0.12747583129116555 116.38495000000002 1.5211814419799792 0.015000000000000015
decision_type=8 10 2 10 10 8 10 10 2 8 2 10 8 2 10 10 2 2 10 10 10 2 10 8 8 10 10 2 10 2
left_child=2 4 18 5 8 11 22 26 9 10 -2 -3 -5 14 -10 -15 24 -18 -1 -11 29 -22 -4 -24 -14 -20 -8 -28 -27 -9
right_child=1 3 6 12 -6 -7 7 20 13 19 -12 -13 16 15 -16 -17 17 -19 25 -21 21 -23 23 -25 -26 28 27 -29 -30 -31
leaf_value=-0.0031626924102437573 0.0097326866665369775 0.001780780041922608 0.0042213399306495498 0.0042563755075675225 0.0016849587075063047 -0.0013712221419504397 0.0059768399199885552 -0.0042947484814615002 -0.0042994558861620376 -0.0020306618987188181 0.0021108478978092214 -0.001062801832164773 -0.00033303190945060387 -0.00029088135516356668 0.0040944801087705067 -0.00093998206044293084 -0.0016814304104708856 -0.0040901511192465208 -0.004013606695494114 0.0045835535298934171 0.00016150084217272378 -0.0015612365188892056 0.00010820104407248746 0.0021716995521384517 -0.00182561327875525 0.00016357617492869121 0.002790710871688772 -0.0031895731323077475 0.0060584702240257518 0.00071337711651689179
leaf_weight=1248 236 2613 725 190 2133 3418 332 175 165 1060 1024 1372 3953 41325 632 26025 3518 2001 225 161 20115 2485 2634 3203 5957 597 748 178 162 25631
leaf_count=1248 236 2613 725 190 2133 3418 332 175 165 1060 1024 1372 3953 41325 632 26025 3518 2001 225 161 20115 2485 2634 3203 5957 597 748 178 162 25631
internal_value=-0.000181343 -0.000573629 0.000461283 -0.00117282 -0.000383921 -0.000201589 0.000546681 0.000410884 -0.000446536 0.00123626 0.00355228 0.000799853 -0.00163263 -0.000507932 0.00234347 -0.000541827 -0.00170596 -0.00255681 -0.00168575 -0.00114874 0.000348883 -2.7665e-05 0.00157305 0.00124203 -0.00123111 0.000181401 0.00278805 0.00163042 0.00143922 0.000678926
internal_weight=154241 95783 58458 23022 72761 7403 56226 49664 70628 2481 1260 3985 15619 68147 797 67350 15429 5519 2232 1221 48406 22600 6562 5837 9910 984 1258 926 759 25806
internal_count=154241 95783 58458 23022 72761 7403 56226 49664 70628 2481 1260 3985 15619 68147 797 67350 15429 5519 2232 1221 48406 22600 6562 5837 9910 984 1258 926 759 25806
is_linear=0
shrinkage=0.025


Tree=13
num_leaves=31
num_cat=0
split_feature=46 4 46 54 19 52 52 52 52 61 54 31 54 60 55 55 54 54 54 41 64 47 41 47 79 48 42 64 79 47
split_gain=51.2883 17.3998 22.0631 20.2851 29.9684 18.1612 17.1686 17.2093 15.8821 15.661 14.4142 18.1676 12.2697 12.2361 24.7445 12.6713 11.3913 11.0082 22.092 15.0579 9.75182 9.72627 9.01601 8.95515 8.76434 8.74445 9.11599 9.11308 8.40098 8.37422
threshold=0.79184009904185548 -0.18690598913568232 1.3056384112678479 118.87420000000002 -0.089163998369211558 0.17500000000000002 2.7200000000000002 1.6150000000000004 0.13500000000000004 -1.12888340122748 120.39400000000002 -0.090118352026169954 116.18090000000002 0.5600429184549357 0.015000000000000015 0.03000000000000003 118.87420000000002 116.09420000000001 114.94295000000001 -0.08626380519915848 0.22637627144964675 0.16392917922669065 -0.028549359549449257 2.3558249529694728 0.42717419428448261 -1.7815564614267674 -0.010551636801906768 0.95183240791908996 0.46652809170544812 0.15779184100651875
decision_type=8 8 10 2 8 2 2 2 2 10 2 10 2 10 2 2 2 2 2 10 10 10 10 10 10 10 10 10 10 10
left_child=8 5 10 6 23 9 7 -4 20 28 13 -12 -8 15 -15 -3 17 18 22 -19 -1 -20 -10 -5 -13 -7 -27 -28 -2 -21
right_child=1 2 3 4 -6 25 12 -9 16 -11 11 24 -14 14 -16 -17 -18 19 21 29 -22 -23 -24 -25 -26 26 27 -29 -30 -31
leaf_value=-0.0036389432000409972 0.0046217943476221995 0.0043446510988468514 -0.00078207281978202566 -0.0052569676114872579 -8.6278109150346926e-05 0.0047556395753123662 0.00088292661782250542 -0.00233735210178145 0.0012970867297377358 0.0021303937570405474 -0.00079963316164515874 -0.0082312241980822924 0.0081920271167540623 -0.010440163824601377 0.00020235519036773528 -0.00057862539346244192 0.0029836037261530735 -0.0043673210598854225 0.0027974597544275707 -0.00080555506961331892 -0.00010934313996854304 0.0007754198346477762 0.00024692880263020236 -0.011739092264506222 -0.00017037565345384058 -0.001372393501383914 0.00035775900020874581 0.004396082617854455 0.014847589969391242 0.0010652474778975849
leaf_weight=894 94 328 20727 273 498 266 642 5672 6164 448 1068 403 185 136 27686 38584 1197 553 3915 3789 1089 2418 30046 278 109 1628 2155 417 118 2468
leaf_count=894 94 328 20727 273 498 266 642 5672 6164 448 1068 403 185 136 27686 38584 1197 553 3915 3789 1089 2418 30046 278 109 1628 2155 417 118 2468
internal_value=-0.000146761 -0.000474411 -0.000549789 -0.00113718 -0.00454874 0.000944267 -0.00100526 -0.00111661 0.000487492 0.00481216 -0.000306545 -0.00266621 0.00253653 -0.000250518 0.000149615 -0.0005368 0.000573711 0.000515039 0.000664488 -0.000417441 -0.00170562 0.0020269 0.000425941 -0.00855943 -0.00653417 0.000369839 8.90075e-05 0.00101715 0.0104002 -6.63778e-05
internal_weight=154248 101715 96589 28275 1049 5126 27226 26399 52533 660 68314 1580 827 66734 27822 38912 50550 49353 42543 6810 1983 6333 36210 551 512 4466 4200 2572 212 6257
internal_count=154248 101715 96589 28275 1049 5126 27226 26399 52533 660 68314 1580 827 66734 27822 38912 50550 49353 42543 6810 1983 6333 36210 551 512 4466 4200 2572 212 6257
is_linear=0
shrinkage=0.025


Tree=14
num_leaves=31
num_cat=0
split_feature=16 35 3 68 19 54 54 54 51 39 13 33 29 41 54 12 54 51 17 54 60 3 54 22 19 16 50 12 61 54
split_gain=52.9416 27.3176 20.205 19.7136 16.4423 16.2584 21.3104 19.1566 18.9932 14.7758 12.5789 12.5121 12.2845 11.2329 12.4358 11.0508 13.5773 13.5568 11.8674 10.5208 10.0357 10.7185 9.90972 9.35123 8.83485 8.72947 8.70051 8.54852 8.30312 11.4448
threshold=1.2493450711168372 -0.26904070523110363 0.067601002449163686 0.31969845845808736 -0.014860075213050215 118.87420000000002 116.05920000000002 114.94295000000001 2.8650000000000007 0.06977777620314686 0.0051467081659755795 -0.062535570735244392 -0.13754901933271238 -0.15327845528716069 120.75105000000001 0.036646452020917542 118.87420000000002 1.425 -0.011174935162873821 120.39400000000002 0.96719734942567903 0.056731718610000488 118.04845000000002 1.6485049195539807 0.21848676973494655 1.6120867833018566 0.19518599066893086 0.026635212491886426 -0.14920790955071278 112.23140000000001
decision_type=10 10 10 8 8 2 2 2 2 10 8 10 10 10 2 10 2 2 10 2 10 10 2 10 10 10 10 10 10 2
left_child=3 13 5 11 23 6 7 -3 -8 -6 22 27 25 -2 -15 16 17 -13 -17 -18 21 -12 28 -4 -11 -7 -20 -1 29 -5
right_child=1 2 4 10 9 12 8 -9 -10 24 20 15 -14 14 -16 18 19 -19 26 -21 -22 -23 -24 -25 -26 -27 -28 -29 -30 -31
leaf_value=0.0016739593236336763 -0.0024260148499525873 -0.00059857900908636221 -0.0031373832186843927 -0.0015770782609938116 -0.0018673126619596185 -0.0042347199047054057 0.00052757692688909193 -0.0025879991041435715 0.0066734509315741243 0.00031427021423812546 -0.0002511408720271933 -0.00076702687326310167 -0.0014596677128518661 0.0026605641612500713 0.010205888203605479 0.0025097273091329794 0.0051076671223819758 0.00057579653543326798 -0.0012297608021056283 0.00029670847024646408 0.0018565974545835591 -0.0012039770304849474 -0.0050157351671636487 -0.0073844778308629821 0.0070595641113889432 -0.011426057612203368 -0.0062494593922211347 0.0064554985417717538 0.00093074557745043303 0.0008671865859064741
leaf_weight=816 203 20290 1211 2349 7934 330 3917 3559 341 460 40362 5338 712 765 167 278 693 38954 510 487 1232 9039 203 450 165 160 380 331 10160 2436
leaf_count=816 203 20290 1211 2349 7934 330 3917 3559 341 460 40362 5338 712 765 167 278 693 38954 510 487 1232 9039 203 450 165 160 380 331 10160 2436
internal_value=-0.000177213 -0.000951276 -0.00106124 9.98876e-05 -0.00201877 -0.000727028 -0.000604855 -0.000895891 0.00102327 -0.00157523 -0.000180765 0.000486371 -0.00357418 0.002869 0.00403199 0.000422702 0.000484528 0.000413776 -0.00197591 0.0031308 -0.000369937 -0.00042566 0.000451036 -0.00429702 0.00211712 -0.00662036 -0.00338695 0.00306565 0.000526191 -0.000331253
internal_weight=154232 40664 39529 113568 10220 29309 28107 23849 4258 8559 65781 47787 1202 1135 932 46640 45472 44292 1168 1180 50633 49401 15148 1661 625 490 890 1147 14945 4785
internal_count=154232 40664 39529 113568 10220 29309 28107 23849 4258 8559 65781 47787 1202 1135 932 46640 45472 44292 1168 1180 50633 49401 15148 1661 625 490 890 1147 14945 4785
is_linear=0
shrinkage=0.025


Tree=15
num_leaves=31
num_cat=0
split_feature=46 52 46 52 52 81 39 50 40 80 39 61 40 50 54 14 61 48 55 19 52 55 5 7 16 48 40 22 55 39
split_gain=46.5769 22.9774 15.9939 21.792 23.285 26.1319 22.4759 15.0603 14.4854 12.6893 14.3413 13.0357 12.715 12.3319 11.8043 14.532 11.7086 11.029 15.6583 25.1936 12.9602 12.2332 10.3964 10.3586 11.2549 10.2122 9.90741 9.2419 8.93095 7.81096
threshold=0.83409535555438541 0.13500000000000004 1.4631513415879709 0.13500000000000004 2.7200000000000002 1.0000000180025095e-35 0.011955540535556365 1.8845176889983171 0.010037095526989189 1.0000000180025095e-35 0.011955540535556365 0.48871836449886763 0.0081965139016101328 1.8845176889983171 116.18090000000002 0.015065562091018251 1.7141006135769687 -0.083939772652862579 0.015000000000000015 0.036699063173646136 0.12500000000000003 0.015000000000000015 -0.1096840510912354 -0.14757268232980883 0.14625172798249672 -0.58250656691266312 0.0036638457699820492 1.2727032996658088 1.1750000000000005 0.023922112248668363
decision_type=8 2 10 2 2 2 10 10 10 2 10 10 10 10 2 10 10 8 2 10 2 2 8 10 10 10 10 10 2 10
left_child=1 13 16 8 5 6 -5 -7 27 23 11 26 29 -1 15 -6 17 20 19 -19 -2 -22 -20 -3 -25 -13 -11 -4 -26 -12
right_child=2 9 3 4 14 7 -8 -9 -10 10 12 25 -14 -15 -16 -17 -18 18 22 -21 21 -23 -24 24 28 -27 -28 -29 -30 -31
leaf_value=-0.0025374474709975556 -0.005919250014822533 0.0045671256535029341 0.0022255029496535206 0.0002225796723245797 0.0045704382970358452 -0.0033855156990797181 -0.001807472037842806 -0.010803886803517671 0.0069135748102150882 -0.002659589810824029 0.0013197120773161203 -0.0049018023430226114 -0.0022349914208869949 0.0054931965150328711 0.0097595406791141041 -0.0049969240686685923 0.0012658338869368944 0.010357075308680491 0.0021141824835300481 -0.0047061048686997823 -0.0080315294793717167 2.6226573450255684e-05 -0.0007609379863687272 0.0025914845638451713 0.00033987769262455486 -0.0011960567953326771 0.00018357914348782274 -0.0056598403600775374 0.0013462608333917716 0.00010555417812683022
leaf_weight=2118 232 467 336 5133 310 2064 10108 187 328 830 8535 571 887 125 143 144 2737 194 799 106 117 31489 40901 2057 17006 2543 9754 127 8175 5434
leaf_count=2118 232 467 336 5133 310 2064 10108 187 328 830 8535 571 887 125 143 144 2737 194 799 106 117 31489 40901 2057 17006 2543 9754 127 8175 5434
internal_value=-0.000159201 0.000396166 -0.000499651 -0.00115152 -0.00132947 -0.00149555 -0.00112332 -0.00401055 0.00290431 0.000495218 0.000125066 -0.000458065 0.000663242 -0.00208387 0.00351737 0.00151421 -0.000338816 -0.000398418 -0.000664447 0.00501231 -4.72316e-05 -3.66836e-06 -0.00070561 0.000876421 0.000812669 -0.0018796 -3.89506e-05 3.7372e-05 0.000666946 0.000847986
internal_weight=153957 58502 95455 18880 18089 17492 15241 2251 791 56259 28554 13698 14856 2243 597 454 76575 73838 42000 300 31838 31606 41700 27705 27238 3114 10584 463 25181 13969
internal_count=153957 58502 95455 18880 18089 17492 15241 2251 791 56259 28554 13698 14856 2243 597 454 76575 73838 42000 300 31838 31606 41700 27705 27238 3114 10584 463 25181 13969
is_linear=0
shrinkage=0.025


Tree=16
num_leaves=31
num_cat=0
split_feature=46 30 52 64 49 35 60 4 46 41 39 60 47 61 41 4 53 55 39 53 27 24 52 42 51 60 46 51 60 61
split_gain=46.5829 19.1215 18.8 14.0063 12.3446 11.908 12.1007 11.6515 13.6736 21.5134 23.5977 16.5325 12.462 11.6093 10.2742 9.9378 9.81672 9.67018 8.73398 11.6647 8.69721 10.2022 8.46159 12.5556 8.22542 7.70654 7.69882 7.38364 15.296 11.4022
threshold=0.89886394203749853 0.10545961878069733 0.13500000000000004 0.23432652888719838 0.6217387242189073 -0.26904070523110363 0.43945774859728753 -0.13142584974405988 1.5767782054869135 -0.026710989526336878 0.011092858454045952 0.2479252754820937 1.6380501031927128 1.7889566112783 -0.15327845528716069 -0.1957636220457524 38.375000000000007 0.55500000000000005 0.081030230537369921 17.675000000000004 0.012788464318852865 -1.0080703865993337 2.7200000000000002 -0.0023059236818142059 2.0950000000000002 0.71835397914624377 1.1674127483694872 1.7850000000000004 0.60371526919832663 -0.8621687752277436
decision_type=8 10 2 10 10 8 10 8 10 10 10 10 10 10 10 10 2 2 10 2 10 10 2 10 2 10 10 2 8 10
left_child=2 7 3 -1 -5 14 20 12 13 11 -11 -10 22 16 -3 -4 -9 -16 19 -8 -7 -22 24 -24 -2 -6 -20 29 -29 -17
right_child=1 5 15 4 25 6 18 8 9 10 -12 -13 -14 -15 17 27 -18 -19 26 -21 21 -23 23 -25 -26 -27 -28 28 -30 -31
leaf_value=-0.0038188200907185669 0.00091204417908616938 -0.0023052238953966356 0.0022483808365644769 -0.0022190700499836753 0.00088622445101447156 -0.0018283545689593162 -0.0003997961708135159 -0.00040771070015593831 -0.0085500644522340154 0.00093803200990566797 -0.0019830044187574762 -0.0021760644588388646 0.0036145483869993254 0.0019089157097311083 0.0093755981427491881 0.0014655515157700845 0.0033143440527553 5.6262977601146347e-05 -0.0003985775692450594 -0.0022216357411924625 0.0036075554359381425 -0.0048948419476095399 0.0051525435344731054 -0.0036412341785673967 -0.0011839427971757207 0.0072869819073437606 0.0043047652038221878 0.00014060146470408692 0.0011007763297176201 -0.00024620428913324299
leaf_weight=1147 2409 162 1795 784 492 4889 5603 53065 423 2719 4729 649 789 1424 168 2802 445 121 547 3626 94 1100 438 130 2272 155 357 24221 18159 18366
leaf_count=1147 2409 162 1795 784 492 4889 5603 53065 423 2719 4729 649 789 1424 168 2802 445 121 547 3626 94 1100 438 130 2272 155 357 24221 18159 18366
internal_value=-0.00015849 -0.000544471 0.000331023 -0.00176193 -0.000106201 -0.0013051 -0.0014169 -0.000361914 -0.000461844 -0.0013939 -0.000915652 -0.00470491 0.000686904 -0.000317123 0.00269132 0.000413743 -0.000376544 0.00551594 -0.000886393 -0.00111659 -0.00229903 -0.00421625 0.000244683 0.00312327 -0.000103718 0.00244186 0.00145379 0.000361761 0.000552214 -1.91953e-05
internal_weight=154080 86159 67921 2578 1431 16667 16216 69492 63454 8520 7448 1072 6038 54934 451 65343 53510 289 10133 9229 6083 1194 5249 568 4681 647 904 63548 42380 21168
internal_count=154080 86159 67921 2578 1431 16667 16216 69492 63454 8520 7448 1072 6038 54934 451 65343 53510 289 10133 9229 6083 1194 5249 568 4681 647 904 63548 42380 21168
is_linear=0
shrinkage=0.025


Tree=17
num_leaves=31
num_cat=0
split_feature=46 35 12 46 54 55 52 52 52 16 9 8 66 79 40 49 54 54 55 50 9 82 19 13 31 60 69 0 9 52
split_gain=51.8584 18.0995 19.1355 15.4008 21.997 26.5431 22.8523 13.7962 13.5636 12.1551 11.8889 13.194 12.2201 11.615 10.5428 10.4692 10.3853 14.3372 18.1907 9.65441 10.3669 9.36724 12.4818 8.80595 8.46424 8.35253 7.91691 7.88761 7.37755 7.13016
threshold=0.83822986355835305 -0.26904070523110363 0.035539652476200896 1.1928305460714514 116.12250000000002 0.3650000000000001 0.115 0.13500000000000004 0.18500000000000003 0.14625172798249672 -0.32459048273431573 -0.049580994155359485 0.9445014830025098 0.46652809170544812 0.010325306468964892 3.1176963009289556 114.48000000000002 116.09420000000001 0.3650000000000001 1.5211814419799792 0.35133107827030913 1.0000000180025095e-35 0.12110987676062614 0.012362593263794712 -0.26959219551997288 0.10465168258055289 0.22526269363363682 -0.0073441563077454855 -0.28372556486100187 0.19500000000000003
decision_type=8 8 10 10 2 2 2 2 2 10 10 10 10 10 10 10 2 2 2 10 10 2 10 10 8 10 10 10 8 2
left_child=7 8 3 21 6 -6 -5 19 13 -9 11 29 23 -2 -13 26 28 25 -19 27 -21 24 -23 -12 -3 -18 -10 -1 -11 -4
right_child=1 2 10 4 5 -7 -8 9 15 16 12 14 -14 -15 -16 -17 17 18 -20 20 -22 22 -24 -25 -26 -27 -28 -29 -30 -31
leaf_value=0.0004612999870944295 0.0030314566642109832 0.0037291674809637092 0.0041522960319786599 0.0048091133240911179 0.0023798838931117419 -0.0010720355703593707 -0.0011560011969637414 0.001669643266366382 -0.0030360059063265581 0.0056145768946014966 -0.0040917066139715538 -0.0024392830046742432 0.0014207940878190252 0.012879922093347984 -0.010548280439228033 -0.0066114661006740644 -0.00078360192819993508 -0.0011387917707357481 0.0011971854908683327 -0.00066642502535671033 0.0099613855062197169 -0.00030636617859662184 -0.0041019408246779927 -0.0013362368536480108 -0.00010661784180134487 0.0018258302226928534 0.0027031209069554212 -0.003006529982062156 0.00013236392878246349 -0.0031902161735722061
leaf_weight=566 203 361 102 405 2737 2828 31203 5318 179 153 936 161 796 121 281 102 839 3743 4694 154 89 1487 855 3287 47717 8376 878 1450 33761 404
leaf_count=566 203 361 102 405 2737 2828 31203 5318 179 153 936 161 796 121 281 102 839 3743 4694 154 89 1487 855 3287 47717 8376 878 1450 33761 404
internal_value=-0.000126007 -0.000487718 -0.000531229 -0.000437785 -0.000823892 0.000624501 -0.00107915 0.000455135 0.00225047 0.000531332 -0.00190132 -0.00447117 -0.00141347 0.00676645 -0.00762608 0.00097586 0.000413757 0.000905594 0.000159947 -0.00145953 0.00322518 -0.00015296 -0.00169662 -0.00194973 -7.7568e-05 0.00158736 0.00172179 -0.00202951 0.000157515 -0.001689
internal_weight=154186 95043 93560 87593 37173 5565 31608 59143 1483 56884 5967 948 5019 324 442 1159 51566 17652 8437 2259 243 50420 2342 4223 48078 9215 1057 2016 33914 506
internal_count=154186 95043 93560 87593 37173 5565 31608 59143 1483 56884 5967 948 5019 324 442 1159 51566 17652 8437 2259 243 50420 2342 4223 48078 9215 1057 2016 33914 506
is_linear=0
shrinkage=0.025


Tree=18
num_leaves=31
num_cat=0
split_feature=46 52 35 52 46 52 51 9 54 49 19 68 35 60 56 29 30 10 19 31 80 51 54 63 64 60 34 40 19 50
split_gain=48.8351 18.7387 15.8258 18.1005 16.9506 20.5117 25.6505 31.9832 13.3327 12.2055 13.6197 11.8603 11.7447 11.2415 10.6525 10.5623 10.5331 10.346 9.7466 9.54211 8.62249 8.44862 8.22583 7.72066 7.25907 6.91412 6.84172 9.60382 6.69919 6.50917
threshold=0.94180710630812514 0.13500000000000004 -0.26904070523110363 0.18500000000000003 1.3725944852673744 2.7200000000000002 1.8050000000000004 -0.32459048273431573 110.31430000000002 0.36467762219962463 0.29454300114349857 0.31197464152009613 -0.12638516239984163 0.98274000148953611 0.22032067943039135 -0.20803030417650317 0.10545961878069733 0.040494040266085794 0.031858084605695954 -0.20954908619827875 1.0000000180025095e-35 1.155 116.18090000000002 0.67565878136764601 0.13826340701254541 0.31969845845808736 0.044143698193142851 0.0055173551960329649 -0.021007044062672672 -0.68688815302132433
decision_type=8 2 8 2 10 2 2 10 2 10 10 10 10 10 10 10 8 10 8 8 2 2 2 10 10 10 10 10 8 10
left_child=1 9 3 17 13 6 7 -6 -8 14 21 12 28 16 -1 -14 19 -2 -18 -4 -17 24 23 -7 -11 -16 27 -15 -3 -13
right_child=2 11 4 -5 5 22 8 -9 -10 10 -12 29 15 26 25 20 18 -19 -20 -21 -22 -23 -24 -25 -26 -27 -28 -29 -30 -31
leaf_value=0.00043209038262515551 0.0041667381119163856 0.0010977164429648969 0.0015659983585725177 0.00052991351101157867 -0.0059044897892178332 0.004418806195509677 -0.0010086299315657597 7.2310375104008785e-05 -0.0026041285332032921 -0.0047998111073110682 0.0086857464260919719 0.00052232043567736403 0.0069317588686436159 0.012063453444899322 -0.0076923565300446601 0.00084522761393301222 -0.0023806884090574751 0.014078680229384544 -0.00065962853333426965 -0.00033349682430186219 0.00011783345052045018 0.0059509750643272456 0.0075244724378015207 -0.0014621566415698173 -0.00029877541773295363 -0.0032306917355720147 0.00067489938004515492 0.002468916394453618 0.0031311609062438721 -0.00031053997760050497
leaf_weight=334 211 2691 1719 1101 596 269 5326 8851 8582 292 101 8779 158 95 328 20079 2897 98 7157 41575 20726 106 182 285 967 680 472 214 1642 17656
leaf_count=334 211 2691 1719 1101 596 269 5326 8851 8582 292 101 8779 158 95 328 20079 2897 98 7157 41575 20726 106 182 285 967 680 472 214 1642 17656
internal_value=-0.000151468 0.000308354 -0.000581985 0.00204072 -0.000629388 -0.00118117 -0.00131094 -0.000304667 -0.00199382 -0.00169414 -0.000111403 0.000386876 0.000632459 -0.000383649 -0.0034159 0.000501248 -0.000427385 0.00737681 -0.00115651 -0.000257862 0.000475962 -0.000774875 0.00292183 0.00138327 -0.00135223 -0.00469736 0.00259036 0.00547813 0.00187068 -3.36542e-05
internal_weight=154169 74539 79630 1410 78220 24091 23355 9447 13908 2808 1466 71731 45296 54129 1342 40963 53348 309 10054 43294 40805 1365 736 554 1259 1008 781 309 4333 26435
internal_count=154169 74539 79630 1410 78220 24091 23355 9447 13908 2808 1466 71731 45296 54129 1342 40963 53348 309 10054 43294 40805 1365 736 554 1259 1008 781 309 4333 26435
is_linear=0
shrinkage=0.025


Tree=19
num_leaves=31
num_cat=0
split_feature=68 14 52 31 40 40 60 27 35 80 39 33 40 8 61 39 39 8 32 18 48 39 75 34 50 68 48 20 76 48
split_gain=42.9114 18.728 15.6093 13.5855 24.2429 17.0004 14.3694 14.8058 10.9412 10.805 16.6274 10.6466 10.309 15.2113 9.32912 9.15751 9.83893 8.93128 11.5657 10.7906 8.37001 8.25899 8.13138 7.98743 7.89163 7.83042 7.82999 7.74008 7.63068 7.38044
threshold=0.31197464152009613 0.0072738247015345665 0.13500000000000004 -0.18927570488030879 0.017937732423117535 0.018438701294419196 0.97080288796103009 0.042007602396808487 -0.0039346612329848587 1.0000000180025095e-35 0.011359555663341682 0.037218563569511427 0.013103853991238265 -0.25000552441017354 -0.62319758415763882 0.071046771437739201 0.077817325431271303 0.21395292835577887 0.27277775380459407 0.14200672574643161 -0.077256824961655562 0.019993012138302627 1.0103617469844506 0.040197111043661533 1.3814866475404026 0.80490309009866301 1.1805479526168392 0.2955188771031394 0.26409108364753531 0.67079893807869684
decision_type=8 8 2 8 10 10 10 10 8 2 10 10 10 10 8 10 10 10 10 10 8 10 8 10 10 10 10 2 10 10
left_child=2 8 29 4 12 -6 7 23 22 15 28 -7 27 -14 -9 17 -17 18 -4 -19 -10 24 25 -5 -12 -2 -8 -3 -11 -1
right_child=1 3 9 6 5 11 26 14 20 10 21 -13 13 -15 -16 16 -18 19 -20 -21 -22 -23 -24 -25 -26 -27 -28 -29 -30 -31
leaf_value=-0.0023042677390224453 -0.00055536005826779106 0.001044180224104003 0.0010778996168085305 -0.00060962993635946489 -0.012136977197655155 -0.00035327212043453167 0.0014115463193603945 -0.0098224481967800498 0.00097129272667740088 0.00057204374945155339 0.0015223664417033937 -0.0046964248277749652 0.0058424162270278327 0.0010164440522147638 -0.002644021443660321 -0.0045633551738057335 0.0001864781791303665 0.004322560940317465 -0.0032604819698009145 -0.0012001170313031709 -5.0413623323064998e-05 0.00034197298589933094 0.00012617054932883949 -0.0012296114560550154 0.0078128371138670629 -0.0023575384365835121 -0.0028509330561071692 -0.0023393589536920057 -0.00093761058536469169 0.0033236121610520719
leaf_weight=1613 7822 2666 19059 38862 95 1532 2552 172 9628 2884 4243 459 674 1046 343 345 1269 1022 390 279 10422 7512 9426 19582 128 1872 299 500 7573 158
leaf_count=1613 7822 2666 19059 38862 95 1532 2552 172 9628 2884 4243 459 674 1046 343 345 1269 1022 390 279 10422 7512 9426 19582 128 1872 299 500 7573 158
internal_value=-0.000131009 -0.000404485 0.000504052 -0.000652977 0.000392397 -0.00186159 -0.000771019 -0.000854911 3.16789e-05 0.000595386 0.000206066 -0.00136052 0.00135646 0.00291466 -0.00507327 0.000983921 -0.000826813 0.00112517 0.000990323 0.00313245 0.000439864 0.000846078 -0.000395969 -0.000817508 0.00171039 -0.000904399 0.000960876 0.000506773 -0.000520519 -0.00179603
internal_weight=154427 107952 46475 68782 6972 2086 61810 58959 39170 44704 22340 1991 4886 1720 515 22364 1614 20750 19449 1301 20050 11883 19120 58444 4371 9694 2851 3166 10457 1771
internal_count=154427 107952 46475 68782 6972 2086 61810 58959 39170 44704 22340 1991 4886 1720 515 22364 1614 20750 19449 1301 20050 11883 19120 58444 4371 9694 2851 3166 10457 1771
is_linear=0
shrinkage=0.025


Tree=20
num_leaves=31
num_cat=0
split_feature=46 34 50 52 52 12 12 52 51 61 27 39 54 51 27 39 42 19 41 68 61 8 51 84 35 50 49 61 49 51
split_gain=44.7763 20.4436 15.1594 15.6775 13.8175 13.4814 12.7042 13.4707 11.5021 11.4079 11.3408 11.006 10.8523 12.0403 10.4699 10.2618 9.53437 9.16844 11.0822 10.2932 9.00308 14.9115 8.93551 8.73369 8.56496 8.49268 8.38791 8.0784 10.6448 8.19432
threshold=0.76555518431119107 0.044143698193142851 0.53191836780713742 1.5000000000000002 0.13500000000000004 0.014579480199282114 0.017309315387522856 2.5650000000000004 1.425 1.7889566112783 -0.0084786948709780503 0.038620292262384955 112.78265 0.72500000000000009 0.012788464318852865 0.046233088752169922 -0.021925718590754841 -0.1677934336773623 -0.15327845528716069 0.67894769528321575 -0.583182207577289 -0.041420671756249854 0.87500000000000011 1.0000000180025095e-35 -0.025787251884013537 0.81876239866953571 2.1649442007641451 -0.50579319417869428 0.33124625770820371 1.0150000000000003
decision_type=8 8 10 2 2 8 8 2 2 10 10 10 2 2 10 10 10 8 10 8 8 10 2 2 8 10 10 10 10 2
left_child=4 2 9 16 27 -3 8 24 12 17 -10 -5 -6 -14 -7 -13 26 18 -2 -19 21 -16 -22 -12 -8 -18 -4 28 29 -1
right_child=1 5 3 11 6 14 7 -9 10 -11 23 15 13 -15 20 -17 25 19 -20 -21 22 -23 -24 -25 -26 -27 -28 -29 -30 -31
leaf_value=-0.0023954932907474576 -0.0013060056824367649 8.0659231506087495e-06 0.00067163992422718971 -0.0015931339312089195 0.0019046129187842657 -0.0011692847808500205 0.0028895266568077951 -0.0025010395990272358 0.0026298147956607971 0.0021235296994027678 0.00021013181518334694 -0.0071673189815654034 0.0016540717736483039 -0.0026210454171626259 -0.00056783516254079976 -0.0014310516467848811 -0.001559551899356531 0.00010815667636706805 0.0018700187208251008 -0.00055794776626132343 0.00048743764984897678 -0.00927629861792768 -0.0033743111609278969 0.0011788966117491505 0.0010939949217312519 -0.00011196987212093679 -0.0085352250209898128 -6.462218666768308e-05 -0.00088359767578863172 -0.0096932837504701969
leaf_weight=181 907 5640 94 2028 621 16952 2696 489 1511 1450 27309 521 511 2066 204 318 3373 31818 2789 26614 553 316 1137 7400 4383 10216 171 1005 498 215
leaf_count=181 907 5640 94 2028 621 16952 2696 489 1511 1450 27309 521 511 2066 204 318 3373 31818 2789 26614 553 316 1137 7400 4383 10216 171 1005 498 215
internal_value=-0.000146741 -0.000437519 -0.000243612 -0.000913423 0.000478264 -0.00106497 0.000562893 0.00150134 0.000382487 -6.732e-05 0.00050953 -0.00259653 -0.00105369 -0.00177004 -0.00138117 -0.00500722 -0.000564379 -0.000118613 0.00108842 -0.000195111 -0.00300152 -0.00588346 -0.00210679 0.000416923 0.00177925 -0.00047194 -0.00525291 -0.00161076 -0.00333807 -0.00639387
internal_weight=153986 105101 80299 16721 48885 24802 46986 7568 39418 63578 36220 2867 3198 2577 19162 839 13854 62128 3696 58432 2210 520 1690 34709 7079 13589 265 1899 894 396
internal_count=153986 105101 80299 16721 48885 24802 46986 7568 39418 63578 36220 2867 3198 2577 19162 839 13854 62128 3696 58432 2210 520 1690 34709 7079 13589 265 1899 894 396
is_linear=0
shrinkage=0.025


Tree=21
num_leaves=31
num_cat=0
split_feature=68 14 52 36 48 16 9 19 52 64 48 51 72 39 35 16 48 51 48 53 19 53 51 40 13 38 41 60 67 40
split_gain=46.0205 17.8159 14.8621 11.9862 10.9046 12.8042 13.3505 10.4915 10.3706 15.9168 10.565 12.4251 8.83829 10.4629 8.95684 8.87804 8.64358 11.3144 8.55255 8.15956 8.14101 7.94868 13.1697 9.01474 18.1521 7.90279 7.81732 7.6934 6.91955 6.86322
threshold=0.32760466661744075 0.0072738247015345665 0.13500000000000004 0.0090995455996218961 -0.96725195012273002 1.1354309720918412 0.14699960045036789 -0.22942323645092214 0.13500000000000004 0.65448899124184379 -0.2619763581701034 2.2150000000000003 0.12899815863056677 0.04852961532303169 -0.24907056864409285 1.5722943376953766 0.012788547608098029 0.64500000000000013 0.74558834990892198 19.170000000000005 0.25342452365417784 16.555000000000003 1.7850000000000004 0.012868982299612629 0.0095979027260059326 1.6046844240748903 -0.09501233209652786 0.59585481099656368 1.7471879338058229 0.0042969253208843409
decision_type=8 8 2 10 8 10 8 8 2 10 10 2 10 10 8 10 10 2 8 2 10 2 2 10 10 10 8 8 10 10
left_child=2 4 16 8 -2 6 -6 -4 9 20 26 -12 13 28 -14 -15 17 -1 -8 -16 -3 22 -9 -23 -25 -11 -10 -24 -5 -7
right_child=1 3 7 12 5 29 18 21 10 25 11 -13 14 15 19 -17 -18 -19 -20 -21 -22 23 27 24 -26 -27 -28 -29 -30 -31
leaf_value=0.003225288136485557 0.0015269303039380918 -0.0013732780690806307 0.0044097541001490853 -0.0022165246601958347 -0.00020454337533805288 0.00010917469148020501 0.0014317893763413896 -0.00087537823202519984 0.0024090517976405458 0.0052806261978830451 -0.00043653789763889618 -0.0019230859506367251 0.0043666328985286166 -0.0020826417712780107 -0.00065454580218952572 -0.0080803713251695868 -0.00034471398350215576 -0.005247598306748107 -0.000870665428046433 -0.0015255829742733401 0.0067561565322780447 0.0013588261461838238 0.00015796777160424164 -0.0015323979638685169 0.0012901296890663627 -0.00083477775757880121 -4.6661991272933542e-05 0.0010758055007369721 0.0016936844009796601 -0.0010972601011532447
leaf_weight=116 2729 879 444 1507 13791 4301 6694 4984 869 662 13809 4723 200 301 22233 327 1161 595 1182 9673 83 11976 13798 2363 3578 162 11682 9762 345 9286
leaf_count=116 2729 879 444 1507 13791 4301 6694 4984 869 662 13809 4723 200 301 22233 327 1161 595 1182 9673 83 11976 13798 2363 3578 162 11682 9762 345 9286
internal_value=-0.000134482 -0.000428258 0.000500395 -0.000672111 4.61729e-06 -0.00011306 0.000263974 0.000587707 -0.000329905 0.00152109 -0.000436557 -0.000815899 -0.000997088 -0.00243651 -0.000885581 -0.00522704 -0.00168228 -0.00385161 0.00108521 -0.000918902 -0.000656552 0.000550907 0.000291439 0.000963806 0.00016614 0.00406977 0.000122982 0.000538624 -0.00148344 -0.000714832
internal_weight=154215 105438 48777 67455 37983 35254 21667 46905 32869 1786 31083 18532 34586 2480 32106 628 1872 711 7876 31906 962 46461 28544 17917 5941 824 12551 23560 1852 13587
internal_count=154215 105438 48777 67455 37983 35254 21667 46905 32869 1786 31083 18532 34586 2480 32106 628 1872 711 7876 31906 962 46461 28544 17917 5941 824 12551 23560 1852 13587
is_linear=0
shrinkage=0.025


Tree=22
num_leaves=31
num_cat=0
split_feature=46 52 52 54 52 51 48 16 35 47 52 44 49 17 69 44 3 13 53 26 48 19 54 54 65 49 19 53 54 52
split_gain=41.0355 23.4039 20.9245 17.0902 15.7745 23.6507 32.7494 25.784 21.7853 23.8798 14.5078 12.675 12.3829 11.5753 11.111 10.9251 10.7203 10.0841 9.80637 8.90575 8.80987 8.53531 8.25638 12.9791 8.40674 8.19195 16.6287 10.6539 9.05137 9.52121
threshold=1.1238350137220943 2.7200000000000002 0.13500000000000004 116.18090000000002 0.52500000000000013 1.7850000000000004 -0.083939772652862579 2.2928969562241432 -0.29597965989792574 2.3558249529694728 0.15500000000000003 -0.46930178520669802 -0.6820344721547632 -0.011603755487985533 -0.45411984809174283 -0.080083358885795555 -0.12476405109051246 0.0043764241907946156 22.745000000000001 0.025437659628093533 -1.6756123091662158 0.12788115631575594 114.19180000000001 116.12250000000002 -0.41579568565593433 0.82614912165296883 0.29454300114349857 29.620000000000005 112.89435000000002 0.13500000000000004
decision_type=10 2 2 2 2 2 10 10 8 10 2 10 10 10 8 10 10 8 2 2 10 8 2 2 10 8 8 2 2 2
left_child=10 2 11 19 8 7 -7 -6 15 -10 13 -2 18 -1 16 -4 -12 -16 -13 -3 -5 -14 24 -24 -18 28 27 -27 29 -15
right_child=1 3 4 20 5 6 -8 -9 9 -11 14 12 21 25 17 -17 22 -19 -20 -21 -22 -23 23 -25 -26 26 -28 -29 -30 -31
leaf_value=0.00073799617008188357 -0.0017718451290443813 0.0030332838379839976 0.009002880683256621 0.012279524459749235 0.00030641693072510994 -0.00012573648605296325 -0.0018854019998149685 0.0080048873416384263 -0.0015646469426690774 -0.0057027131951366871 0.0032580312176460819 -0.0078304831360634635 0.0012330410592939517 -0.0049040582137982007 0.00074093495801782875 0.00065189971922685044 -0.00011617721504665623 -0.00018745633913918615 0.0034428523285336826 -0.0013981252474552829 0.0041471894854796217 0.0053779479141914423 0.0015561951223739051 0.00012717535669228309 0.00081921245667659556 0.00030326159255074625 0.0065702926882640171 -0.0050034124088104669 -0.00090913060779421401 -0.0015255025470173218
leaf_weight=2027 498 550 161 126 6921 13243 13217 282 11367 945 869 112 529 1028 8803 253 18383 43133 82 580 261 773 8713 7323 8910 1017 214 306 2314 1077
leaf_count=2027 498 550 161 126 6921 13243 13217 282 11367 945 869 112 529 1028 8803 253 18383 43133 82 580 261 773 8713 7323 8910 1017 214 306 2314 1077
internal_value=-0.000149686 -0.000739148 -0.00083515 0.00231603 -0.000943054 -0.000659197 -0.00100503 0.000610139 -0.0016932 -0.0018834 0.000132759 0.00167046 0.00282187 -0.000891061 0.000217865 0.0039342 0.000509216 -2.99388e-05 -0.00303517 0.000753055 0.00684402 0.00370232 0.000453824 0.000904145 0.000188935 -0.00144677 0.000120699 -0.00092189 -0.00199355 -0.00318087
internal_weight=154017 49900 48383 1517 46389 33663 26460 7203 12726 12312 104117 1994 1496 7983 96134 414 44198 51936 194 1130 387 1302 43329 16036 27293 5956 1537 1323 4419 2105
internal_count=154017 49900 48383 1517 46389 33663 26460 7203 12726 12312 104117 1994 1496 7983 96134 414 44198 51936 194 1130 387 1302 43329 16036 27293 5956 1537 1323 4419 2105
is_linear=0
shrinkage=0.025


Tree=23
num_leaves=31
num_cat=0
split_feature=46 51 61 55 3 31 54 54 15 40 51 35 44 41 47 48 51 39 39 41 48 50 54 40 39 19 69 14 46 35
split_gain=35.42 20.7784 25.1083 18.3889 16.7981 15.3277 19.8944 28.173 31.22 15.8214 14.1973 13.334 17.8579 17.0374 21.0367 13.2864 15.6939 13.2773 12.5128 12.4707 10.3762 9.84317 9.65485 9.50695 9.48136 11.0064 8.80679 9.1849 7.99743 7.92687
threshold=1.2086456801132563 1.7850000000000004 -0.1241247566407805 0.16000000000000006 0.031948615015763078 -0.089162851573523924 120.39400000000002 118.87420000000002 1.3281529146666711 0.0081965139016101328 3.0150000000000001 -0.24907056864409285 0.090211739627320334 -0.029572594946668026 2.754360733125806 0.57899497555844226 2.8650000000000007 -0.04785015836711453 0.011955540535556365 -0.15327845528716069 -0.83814706767239522 -2.3064898782146153 120.25850000000001 0.013995720830993192 0.057860392918007049 -0.21614061876744636 -1.2923363116210651 0.0089597379246344356 1.0000000180025095e-35 -0.1168442044175728
decision_type=8 2 8 2 10 8 2 2 10 10 2 8 10 8 10 8 2 10 8 10 10 10 2 10 10 10 10 10 10 10
left_child=1 5 20 4 15 24 7 9 -9 -7 11 12 22 14 -13 16 -2 -12 -15 -8 28 -6 -5 -17 25 -1 27 -22 -3 -4
right_child=3 2 29 10 21 6 19 8 -10 -11 17 13 -14 18 -16 23 -18 -19 -20 -21 26 -23 -24 -25 -26 -27 -28 -29 -30 -31
leaf_value=0.0035120901197630231 0 0.0086700216005802227 0.0024652581878347613 0.0028226658632828751 -0.0085760173705089239 -0.00012623939035824152 0.00057236425528686826 0.0049871357084221536 -0.0072859578968329126 -0.0013437107905819024 -0.0030853905167095106 -0.0019271474981374709 -0.00099596619676408727 -0.00010622711199658561 -0.010254783610073769 0.0048303866896164211 0.011530909076883781 0.0035975855503081093 -0.0011294088503233442 -0.006365594627583457 0.00034710801413307736 -0.00016136793461352835 0.010112099805185759 0.013685391460167902 -0.0015255703346449981 0.00049449849682174532 -0.00049952686850447388 0.0042032587986307133 0.00090347743770429791 0.00068853912144664295
leaf_weight=839 652 84 1637 419 108 14072 219 968 148 12710 240 6160 747 11525 195 372 82 797 21322 598 2650 435 158 97 1262 7627 24703 452 3473 39689
leaf_count=839 652 84 1637 419 108 14072 219 968 148 12710 240 6160 747 11525 195 372 82 797 21322 598 2650 435 158 97 1262 7627 24703 452 3473 39689
internal_value=-0.000130571 0.000105721 0.000354374 -0.000737057 0.00177415 -0.000364233 -0.000654893 -0.000541872 0.00334673 -0.000704332 -0.000842778 -0.000916836 0.0015475 -0.0010003 -0.00218574 0.00342275 0.00130587 0.0020419 -0.000770651 -0.00449857 -0.000178799 -0.001864 0.00484855 0.00670801 0.000492938 0.00079489 -0.000341659 0.000912822 0.00109186 0.000759169
internal_weight=154440 111131 72688 43309 1746 38443 28715 27898 1116 26782 41563 40526 1324 39202 6355 1203 734 1037 32847 817 31362 543 577 469 9728 8466 27805 3102 3557 41326
internal_count=154440 111131 72688 43309 1746 38443 28715 27898 1116 26782 41563 40526 1324 39202 6355 1203 734 1037 32847 817 31362 543 577 469 9728 8466 27805 3102 3557 41326
is_linear=0
shrinkage=0.025


Tree=24
num_leaves=31
num_cat=0
split_feature=46 30 31 52 4 24 54 54 55 31 52 47 48 44 46 54 54 53 35 55 53 27 4 53 44 48 9 35 47 0
split_gain=41.7326 16.3214 13.2099 12.7104 12.5658 11.502 9.70297 16.1198 14.1307 11.2657 10.5964 10.2252 9.32159 14.6186 12.5489 15.4509 11.5058 8.54233 9.24691 8.2311 8.09974 8.09738 8.01151 7.83267 7.71615 7.90287 7.57397 11.4198 10.457 7.00601
threshold=0.79184009904185548 0.10545961878069733 -0.26959219551997288 0.13500000000000004 -0.035323792582459317 1.0828878783777895 114.48000000000002 116.09420000000001 0.38500000000000006 -0.18927570488030879 1.4650000000000001 -0.084952908260143373 -1.7815564614267674 -0.68310963310455552 1.5919911133288565 114.06975000000001 116.08025000000002 18.970000000000002 -0.071672337391242166 1.2350000000000005 22.685000000000002 0.011809070141876229 0.2632566969884142 19.450000000000003 -0.74688586902544396 -0.45332784933112152 -0.038616590951376976 -0.22070991931827258 0.82208680821743574 -0.015121672937829898
decision_type=8 10 8 2 10 10 2 2 2 10 2 10 8 10 10 2 2 2 8 2 2 10 10 2 10 10 10 8 10 10
left_child=3 2 4 29 -2 26 17 11 10 -10 -9 -8 13 -4 22 -16 -15 24 -19 -13 -7 -22 -14 -20 25 -5 27 28 -3 -1
right_child=1 5 12 6 -6 20 7 8 9 -11 -12 19 14 16 15 -17 -18 18 23 -21 21 -23 -24 -25 -26 -27 -28 -29 -30 -31
leaf_value=0.0021761542516046746 0.0021257437760335224 -0.0050029183502778912 -0.0060405408230351579 -0.00074920731374553573 -0.0071116070956739122 -0.0017802941145804328 0.0027233205761817321 -0.003263919952292642 0.0065832347156792289 0.00088186224459246756 -0.00017498438617982717 0.00085092152292511882 -0.00029304820070453363 0.0016616351000478932 -0.00037557526511715372 -0.0026451251270873371 0.010608836799073896 0.0030962077471113976 0.0028336228432035101 0.0057343777295178868 -0.0019549979467946964 -0.0074869613600229762 0.0013060439385488487 0.00015607279882828211 1.0577463550603859e-05 0.0037305840635518139 -0.00047456288824991957 -0.0020654359023978652 0.0036402080732518059 -0.002072124591075232
leaf_weight=279 1997 109 145 374 95 1772 3745 908 229 3851 2960 5554 69758 1476 4587 3181 95 1210 833 224 307 372 2012 3805 26208 703 11109 4430 416 1749
leaf_count=279 1997 109 145 374 95 1772 3745 908 229 3851 2960 5554 69758 1476 4587 3181 95 1210 833 224 307 372 2012 3805 26208 703 11109 4430 416 1749
internal_value=-0.000115427 -0.000410819 -0.000261538 0.000456113 0.00169885 -0.00108235 0.000534007 0.00101088 0.000178553 0.00120555 -0.000902827 0.00170466 -0.000312128 0.00150944 -0.000351544 -0.00130619 0.00221514 0.000282297 0.00114938 0.00104269 -0.00267861 -0.00500465 -0.000248094 0.000639195 9.61366e-05 0.00216887 -0.000838145 -0.00165146 0.00182416 -0.00148303
internal_weight=154493 101861 83346 52632 2092 18515 50604 17471 7948 4080 3868 9523 81254 1716 79538 7768 1571 33133 5848 5778 2451 679 71770 4638 27285 1077 16064 4955 525 2028
internal_count=154493 101861 83346 52632 2092 18515 50604 17471 7948 4080 3868 9523 81254 1716 79538 7768 1571 33133 5848 5778 2451 679 71770 4638 27285 1077 16064 4955 525 2028
is_linear=0
shrinkage=0.025


Tree=25
num_leaves=31
num_cat=0
split_feature=46 52 52 55 48 35 52 68 55 48 55 52 41 42 12 52 53 40 52 47 15 20 19 12 12 60 60 55 48 55
split_gain=40.5359 24.6399 23.0127 18.0241 16.6986 16.0834 19.2535 14.4519 13.5932 13.0021 14.5752 12.6915 11.7506 10.7488 10.5675 10.3659 8.46185 13.1569 9.66869 8.28583 8.12297 8.70344 8.06397 10.2409 8.95494 7.87148 7.72455 13.1171 13.0465 13.8762
threshold=1.1623756926576136 0.13500000000000004 2.7200000000000002 0.03000000000000003 0.55434704346624764 -0.26904070523110363 0.19500000000000003 0.31197464152009613 0.24500000000000013 -0.27572343490601103 0.49500000000000016 0.13500000000000004 -0.0067357388243423624 0.0040827612345228767 0.042846827679137119 0.18500000000000003 16.625000000000004 0.0076739402773441994 2.8200000000000007 -0.194770928138989 1.2810373355250697 0.25288897348201061 -0.24553936183268274 0.036646452020917542 0.013525519092750118 0.4916492329149233 0.40345209611499544 0.03000000000000003 -0.80635695495598736 0.03000000000000003
decision_type=8 2 2 2 10 8 2 10 2 8 2 2 10 10 10 2 2 10 2 10 10 2 10 10 10 8 8 2 8 2
left_child=7 9 3 4 25 15 -7 11 20 12 -11 19 -2 -12 26 -5 17 18 -13 -1 -4 -22 24 -24 -18 -3 28 -28 -9 -30
right_child=1 2 8 5 -6 6 -8 14 -10 10 13 16 -14 -15 -16 -17 22 -19 -20 -21 21 -23 23 -25 -26 -27 27 -29 29 -31
leaf_value=-0.0051383315757541721 0.0025892595019114256 0.0043352510839069604 0.00065463613981908426 0.0069864332181635048 0.010058304550817437 -0.0026584159905180598 -0.00089833771395753299 0.0013735548449622719 0.000480706842126048 -0.0016679089994133126 0.0052984807277210123 0.00057688566186346558 -0.0077141589669844539 -0.0014840891566865111 -0.0023160945985661002 0.00079433712730040155 0.0006607501526448605 -0.00085703064894374374 -0.0045037385811987846 -0.00078325471835858458 0.0052537167919903087 0.014347257971156054 0.0010120128243165001 -0.0017481705123338249 0.0062450410020890154 -0.0061584286115649199 -0.0053431945370212425 0.00018562051941019265 0.0068708622899268657 -0.00072858901253478568
leaf_weight=339 129 90 146 211 177 4313 39566 2175 908 319 1018 23146 145 168 1357 851 351 5270 235 1420 251 92 15288 886 374 86 269 34951 150 19010
leaf_count=339 129 90 146 211 177 4313 39566 2175 908 319 1018 23146 145 168 1357 851 351 5270 235 1420 251 92 15288 886 374 86 269 34951 150 19010
internal_value=-0.000147503 -0.000745722 -0.000855879 -0.000953488 0.0046605 -0.000997875 -0.00107158 0.000128001 0.00230158 0.00213984 0.00305407 0.000452195 -0.00284589 0.00433087 -0.000136712 0.00203814 0.0005328 0.000270727 0.000525272 -0.00162977 0.00565792 0.00775611 0.00097663 0.00086023 0.00355736 -0.000756998 -8.42389e-05 0.000143 -0.000459704 -0.000668276
internal_weight=153691 48470 46691 45294 353 44941 43879 105221 1397 1779 1505 47309 274 1186 57912 1062 45550 28651 23381 1759 489 343 16899 16174 725 176 56555 35220 21335 19160
internal_count=153691 48470 46691 45294 353 44941 43879 105221 1397 1779 1505 47309 274 1186 57912 1062 45550 28651 23381 1759 489 343 16899 16174 725 176 56555 35220 21335 19160
is_linear=0
shrinkage=0.025


Tree=26
num_leaves=31
num_cat=0
split_feature=46 50 52 12 55 52 0 46 30 60 55 55 19 19 24 47 16 50 9 15 50 39 39 39 0 54 55 54 54 41
split_gain=41.8084 13.6358 12.8386 11.0772 10.7113 10.9853 14.6857 12.0867 10.114 11.4554 15.0707 12.9387 19.2506 11.3296 10.106 9.97265 9.96115 9.64137 9.22773 9.09437 8.79342 8.39688 8.74865 8.36099 8.36017 7.97531 7.95313 7.86633 8.73376 7.6508
threshold=0.83409535555438541 0.27577194883361011 0.13500000000000004 0.019798182724293744 1.2550000000000001 1.5000000000000002 0.01907953294838927 1.0197613463302855 0.10814618911721986 0.66305521645224907 0.015000000000000015 0.03000000000000003 0.036699063173646136 -0.20458320450939191 1.0828878783777895 0.43367200539212319 1.3205499986055489 1.5211814419799792 0.35133107827030913 2.095821837022898 0.91288752697620734 0.071046771437739201 0.074852054989486452 0.039700757024008222 -0.015121672937829898 105.3464 1.0950000000000002 118.87420000000002 116.30645000000001 -0.028549359549449257
decision_type=8 10 2 8 2 2 10 10 8 10 2 2 8 8 10 10 8 10 10 10 10 10 10 10 10 2 2 2 2 10
left_child=2 8 17 21 5 6 19 -7 9 11 -11 12 -2 -13 -10 25 23 24 -19 -3 -9 27 -23 -17 -1 -6 -8 28 -4 -5
right_child=1 4 3 29 15 7 26 20 14 10 -12 13 -14 -15 -16 16 -18 18 -20 -21 -22 22 -24 -25 -26 -27 -28 -29 -30 -31
leaf_value=0.0020888184340162957 0.007200490134441565 4.9707567446350139e-05 0.00049816656067787281 0.0024821730272344012 -0.0044046565507509673 0.00010541923111995914 -0.0016625715320521027 -0.0014700874090268993 -0.00062519227973901548 -0.0097582608808302832 0.000484825802846007 0.0016532209393355737 -0.003512193367954817 -0.00048649820020614705 -0.0027263555387352836 -0.0032619012134545138 -0.0060451235810664618 -0.00056128987998417177 0.0095532351775960839 -0.0017546899294350196 -0.0040929823866759424 -0.0057730656070097159 -0.00054187861075008341 0.0023680819186177103 -0.0026493047233527721 0.00011981759309828669 -0.0055832225328018509 0.0052309618383607481 -0.00057565650460970192 0.00070536260260940895
leaf_weight=266 323 13135 43477 2678 306 1400 1672 1768 12405 89 16686 1610 153 37809 1620 759 660 144 90 2011 1479 263 838 208 1738 1160 404 209 5305 3525
leaf_count=266 323 13135 43477 2678 306 1400 1672 1768 12405 89 16686 1610 153 37809 1620 759 660 144 90 2011 1479 263 838 208 1738 1160 404 209 5305 3525
internal_value=-0.00012297 -0.000445027 0.000403219 0.000477153 -0.000947449 -0.000752099 -0.000460394 -0.00183116 -0.000267506 -0.000118586 0.00042934 -0.000349171 0.00374124 -0.000398867 -0.000868641 -0.00232542 -0.00367358 -0.00145243 0.00332592 -0.000189495 -0.00266819 0.000353529 -0.0018032 -0.00204172 -0.00201578 -0.0008223 -0.00243195 0.000402194 0.000381224 0.001474
internal_weight=154190 95657 58533 56295 24962 21869 17222 4647 70695 56670 16775 39895 476 39419 14025 3093 1627 2238 234 15146 3247 50092 1101 967 2004 1466 2076 48991 48782 6203
internal_count=154190 95657 58533 56295 24962 21869 17222 4647 70695 56670 16775 39895 476 39419 14025 3093 1627 2238 234 15146 3247 50092 1101 967 2004 1466 2076 48991 48782 6203
is_linear=0
shrinkage=0.025


Tree=27
num_leaves=31
num_cat=0
split_feature=46 30 31 12 51 40 54 35 9 51 41 8 18 40 84 54 40 67 39 60 50 60 48 55 48 13 11 39 27 48
split_gain=32.1245 16.3038 15.3806 12.3222 16.2377 16.6961 11.4956 10.6335 12.9744 10.4791 10.4947 10.4089 9.9381 9.71763 9.49683 14.2229 16.2453 9.76248 9.67897 14.6301 8.88189 13.1952 10.3792 10.2618 9.63559 9.20572 8.56761 8.40618 7.67811 7.45179
threshold=0.83409535555438541 0.10545961878069733 -0.25745112520956182 0.021650958188982945 1.425 0.0056700211514698956 118.87420000000002 -0.23278273096337179 -0.04499747347486354 0.75500000000000012 -0.15327845528716069 0.037837846792212478 0.023834755071448947 0.0083304609404307017 1.0000000180025095e-35 116.18090000000002 0.011623255803476248 -0.86178226561195714 0.011955540535556365 0.60769974170957075 0.27577194883361011 0.76550929407497204 1.9154848155211426 0.16000000000000006 -1.7815564614267674 0.0082829692229999252 0.079528071166834649 0.082894945459941152 0.0064944272243805407 0.084141924600814114
decision_type=8 10 8 8 2 8 2 8 10 2 10 10 10 10 2 2 10 10 10 10 10 10 10 2 10 10 10 10 10 10
left_child=3 2 26 4 5 29 13 9 11 10 -3 -9 -5 -7 18 17 -17 -16 -6 -20 21 22 -4 25 -23 -22 27 -2 -25 -1
right_child=1 7 20 12 14 6 -8 8 -10 -11 -12 -13 -14 -15 15 16 -18 -19 19 -21 23 24 -24 28 -26 -27 -28 -29 -30 -31
leaf_value=-0.0056599589325011385 0.0023868847623254451 -0.00062646825642345846 -0.00034868813707006731 0.0026373824107603218 -0.00035022918381190875 0.00077357085587306286 0.0043542152090309521 -0.0015482201068631482 -0.0007522356573703118 -0.00089912976316240852 0.0091482568442429486 -0.0041463572158002074 0.00042545939002684675 -0.0014281320780424611 0.00023459659162924871 0.0029403451795911766 -0.0026495172257156707 0.0019714144622736021 7.218401494793094e-05 0.0014041859861780566 -0.0018045480509244136 0.003881958621814615 0.0042985351998368216 -0.00061175977942187483 0.00047483308490536559 0.0056347344180052231 -0.0058405158479535391 -0.0057871617869992417 -0.0019793625552862078 -0.0016932294471588187
leaf_weight=563 2147 106 44395 2560 12228 2020 310 3421 12471 328 186 1352 2537 3283 2953 447 1174 6494 15387 7758 159 545 301 16210 10689 290 87 80 3057 641
leaf_count=563 2147 106 44395 2560 12228 2020 310 3421 12471 328 186 1352 2537 3283 2953 447 1174 6494 15387 7758 159 545 301 16210 10689 290 87 80 3057 641
internal_value=-9.85593e-05 -0.000380206 -0.000223976 0.000363798 0.000251226 -0.000887689 -0.000312903 -0.00106152 -0.0011775 0.0021481 0.00558628 -0.0022866 0.00153824 -0.000588068 0.000418586 0.00105784 -0.00110242 0.0014294 0.000218326 0.000519033 -0.000285489 -0.000124484 -0.00031711 -0.000741809 0.000641189 0.00298589 0.00178276 0.00208693 -0.00082925 -0.00355812
internal_weight=154179 95824 77960 58355 53258 6817 5613 17864 17244 620 292 4773 5097 5303 46441 11068 1621 9447 35373 23145 75646 55930 44696 19716 11234 449 2314 2227 19267 1204
internal_count=154179 95824 77960 58355 53258 6817 5613 17864 17244 620 292 4773 5097 5303 46441 11068 1621 9447 35373 23145 75646 55930 44696 19716 11234 449 2314 2227 19267 1204
is_linear=0
shrinkage=0.025


Tree=28
num_leaves=31
num_cat=0
split_feature=46 52 52 49 55 53 35 39 49 52 46 9 50 60 55 12 52 64 1 39 52 33 39 48 17 4 52 60 60 47
split_gain=32.7668 23.6893 17.8742 15.2888 19.0734 14.618 25.0675 17.5961 18.1223 15.4799 12.4847 12.1841 11.6765 11.2067 10.2009 10.1782 10.4601 9.52636 8.99084 8.70987 9.16974 13.4418 8.59838 8.35585 7.76313 7.64232 7.62271 7.11643 6.73898 6.6914
threshold=1.254304873577518 2.7200000000000002 0.13500000000000004 -0.70542371628291056 1.0350000000000004 19.355000000000004 -0.24907056864409285 0.011955540535556365 1.3919434679899199 0.18500000000000003 0.76555518431119107 -0.28372556486100187 -0.77436083861988814 0.94031386278484141 0.24500000000000013 0.018418157337256071 0.13500000000000004 0.59541176265908136 -0.046749439334483049 -0.053124800089148654 0.82500000000000007 -0.035685800983110409 0.023922112248668363 -1.5182787202554897 0.06313788231950436 0.034665326999210662 2.5950000000000002 0.61964501074930534 0.54808720726270865 1.496780372373548
decision_type=10 2 2 10 2 2 8 10 10 2 8 8 8 10 2 8 2 8 10 8 2 10 10 10 10 10 2 10 8 10
left_child=10 2 3 -2 18 7 9 8 -4 -7 15 -8 17 -9 22 16 -1 24 -5 20 21 -14 27 29 25 -12 -17 -3 -21 -19
right_child=1 14 5 4 -6 6 11 13 -10 -11 12 -13 19 -15 -16 26 -18 23 -20 28 -22 -23 -24 -25 -26 -27 -28 -29 -30 -31
leaf_value=-0.0019127047050845119 -0.0056768383558581624 0.010100711664444489 -0.00019840179518594293 0.0056385722749663549 0.0083058398394734948 0.0086033390039351836 -0.0056975655604304225 -0.0015060606911771154 0.0047335320934288683 -2.9578893564116479e-05 0.00028699176655714681 -0.0021971121340929657 0.0040112196734434684 0.00070034738071252621 0.00089848942487348983 0.0015078740940314616 0.00032787323355790984 0.0025953788681857578 -0.0002023710053919445 -0.0007650747847258773 0.0029367899371994183 -0.0021057895925945388 -0.0006150143136525707 -0.00049874878769652707 -0.0018276231871619556 0.0014314455442423005 -0.0022951878123000538 0.0019505035543378683 -0.00013130763321112196 -0.0047609408082984689
leaf_weight=1343 149 234 10071 208 295 190 721 14388 487 399 7843 4667 312 1593 691 6305 40976 876 764 20914 998 790 98 9647 723 6849 345 98 21098 83
leaf_count=1343 149 234 10071 208 295 190 721 14388 487 399 7843 4667 312 1593 691 6305 40976 876 764 20914 998 790 98 9647 723 6849 345 98 21098 83
internal_value=-0.000104372 -0.000776235 -0.000894564 0.00185208 0.00274793 -0.00101447 -0.00213203 -0.000762407 2.88912e-05 0.00275436 9.33075e-05 -0.00266808 -0.000120489 -0.00128562 0.00279594 0.000399654 0.000256539 0.000299345 0.00104525 -0.000368314 0.00120153 -0.000364654 0.00581672 -0.000276815 0.000696238 0.000821088 0.00130907 0.00773313 -0.000446995 0.00194574
internal_weight=154155 35053 33932 1416 1267 32516 5977 26539 10558 589 119102 5388 70133 15981 1121 48969 42319 26021 972 44112 2100 1102 430 10606 15415 14692 6650 332 42012 959
internal_count=154155 35053 33932 1416 1267 32516 5977 26539 10558 589 119102 5388 70133 15981 1121 48969 42319 26021 972 44112 2100 1102 430 10606 15415 14692 6650 332 42012 959
is_linear=0
shrinkage=0.025


end of trees

feature_importances:
dgs2_pit=83
usd_index_pit=58
dgs10_pit=48
yield_10y_2y_spread_pit=45
spy_return_20d=38
beta_60d_ff_hml=38
spy_vol_20d=34
beta_60d_ff_mktrf=33
cs_rank_momentum_120d=31
beta_60d_ff_smb=29
beta_60d_ff_cma=28
excess_return_60d_vs_spy=25
price_to_sma_200d=24
vixcls_pit=23
beta_60d_spy=21
momentum_120d=19
spy_drawdown_60d=19
cs_z_momentum_120d=18
vol_60d=16
cs_rank_beta_60d_spy=16
return_60d=13
distance_to_60d_high=13
beta_60d_ff_rmw=12
return_20d=10
downside_vol_20d=10
distance_to_20d_low=10
momentum_60d=8
excess_return_20d_vs_spy=8
cs_z_beta_60d_spy=8
return_1d=7
upside_vol_20d=7
price_to_sma_50d=7
downside_vol_decay_60d=7
vol_20d=6
price_to_sma_20d=6
close_open_gap=6
cs_rank_vol_60d=6
regime_calm=6
volume_zscore_60d=5
relative_strength_down_days_20d=5
beta_20d_spy=4
cs_z_vol_60d=4
momentum_20d=3
vol_5d=3
bollinger_z_20d=3
excess_return_5d_vs_spy=3
cs_z_downside_vol_20d=3
cs_rank_downside_vol_decay_60d=3
cs_z_beta_stability_price_floor=3
return_5d=2
macd_hist=2
intraday_range=2
distance_to_20d_high=2
distance_to_60d_low=2
relative_momentum_20d_vs_spy=2
kurtosis_20d=2
cs_rank_momentum_20d=2
cs_z_momentum_60d=2
cs_z_vol_20d=2
stress_flag=2
momentum_5d=1
dollar_volume_ratio_20d=1
skew_20d=1
gap_down_absorption_20d=1
beta_stability_price_floor=1
cs_rank_momentum_60d=1
cs_rank_downside_vol_20d=1
cs_rank_excess_return_20d_vs_spy=1
cs_rank_relative_strength_down_days_20d=1
cs_z_gap_down_absorption_20d=1
cs_z_downside_vol_decay_60d=1
regime_drawdown=1
regime_high_vol=1

parameters:
[boosting: gbdt]
[objective: huber]
[metric: l1]
[tree_learner: serial]
[device_type: cpu]
[data_sample_strategy: bagging]
[data: ]
[valid: ]
[num_iterations: 29]
[learning_rate: 0.025]
[num_leaves: 31]
[num_threads: 0]
[seed: 42]
[deterministic: 0]
[force_col_wise: 0]
[force_row_wise: 0]
[histogram_pool_size: -1]
[max_depth: 6]
[min_data_in_leaf: 80]
[min_sum_hessian_in_leaf: 0.001]
[bagging_fraction: 0.78]
[pos_bagging_fraction: 1]
[neg_bagging_fraction: 1]
[bagging_freq: 1]
[bagging_seed: 42]
[bagging_by_query: 0]
[feature_fraction: 0.72]
[feature_fraction_bynode: 1]
[feature_fraction_seed: 42]
[extra_trees: 0]
[extra_seed: 12879]
[early_stopping_round: 0]
[early_stopping_min_delta: 0]
[first_metric_only: 0]
[max_delta_step: 0]
[lambda_l1: 0.3]
[lambda_l2: 1.2]
[linear_lambda: 0]
[min_gain_to_split: 0]
[drop_rate: 0.1]
[max_drop: 50]
[skip_drop: 0.5]
[xgboost_dart_mode: 0]
[uniform_drop: 0]
[drop_seed: 17869]
[top_rate: 0.2]
[other_rate: 0.1]
[min_data_per_group: 100]
[max_cat_threshold: 32]
[cat_l2: 10]
[cat_smooth: 10]
[max_cat_to_onehot: 4]
[top_k: 20]
[monotone_constraints: ]
[monotone_constraints_method: basic]
[monotone_penalty: 0]
[feature_contri: ]
[forcedsplits_filename: ]
[refit_decay_rate: 0.9]
[cegb_tradeoff: 1]
[cegb_penalty_split: 0]
[cegb_penalty_feature_lazy: ]
[cegb_penalty_feature_coupled: ]
[path_smooth: 0]
[interaction_constraints: ]
[verbosity: -1]
[saved_feature_importance_type: 0]
[use_quantized_grad: 0]
[num_grad_quant_bins: 4]
[quant_train_renew_leaf: 0]
[stochastic_rounding: 1]
[linear_tree: 0]
[max_bin: 255]
[max_bin_by_feature: ]
[min_data_in_bin: 3]
[bin_construct_sample_cnt: 200000]
[data_random_seed: 175]
[is_enable_sparse: 1]
[enable_bundle: 1]
[use_missing: 1]
[zero_as_missing: 0]
[feature_pre_filter: 1]
[pre_partition: 0]
[two_round: 0]
[header: 0]
[label_column: ]
[weight_column: ]
[group_column: ]
[ignore_column: ]
[categorical_feature: ]
[forcedbins_filename: ]
[precise_float_parser: 0]
[parser_config_file: ]
[objective_seed: 16083]
[num_class: 1]
[is_unbalance: 0]
[scale_pos_weight: 1]
[sigmoid: 1]
[boost_from_average: 1]
[reg_sqrt: 0]
[alpha: 0.85]
[fair_c: 1]
[poisson_max_delta_step: 0.7]
[tweedie_variance_power: 1.5]
[lambdarank_truncation_level: 30]
[lambdarank_norm: 1]
[label_gain: 0,1,2,3,4,5,6,7,8,9,10,11,12,13,14,15,16,17,18,19]
[lambdarank_position_bias_regularization: 0]
[eval_at: 5,10,25]
[multi_error_top_k: 1]
[auc_mu_weights: ]
[num_machines: 1]
[local_listen_port: 12400]
[time_out: 120]
[machine_list_filename: ]
[machines: ]
[gpu_platform_id: -1]
[gpu_device_id: -1]
[gpu_use_dp: 0]
[num_gpu: 1]

end of parameters

pandas_categorical:[]
