tree
version=v4
num_class=1
num_tree_per_iteration=1
label_index=0
max_feature_idx=84
objective=huber
feature_names=return_1d return_5d return_10d return_20d return_60d momentum_5d momentum_10d momentum_20d momentum_60d momentum_120d vol_5d vol_20d vol_60d downside_vol_20d upside_vol_20d beta_20d_spy beta_60d_spy price_to_sma_20d price_to_sma_50d price_to_sma_200d macd_hist rsi_14 bollinger_z_20d volume_zscore_20d volume_zscore_60d dollar_volume_ratio_20d intraday_range close_open_gap close_location_in_range distance_to_20d_high distance_to_20d_low distance_to_60d_high distance_to_60d_low excess_return_5d_vs_spy excess_return_20d_vs_spy excess_return_60d_vs_spy relative_momentum_20d_vs_spy skew_20d kurtosis_20d spy_return_20d spy_vol_20d spy_drawdown_60d relative_strength_down_days_20d gap_down_absorption_20d downside_vol_decay_60d beta_stability_price_floor beta_60d_ff_mktrf beta_60d_ff_smb beta_60d_ff_hml beta_60d_ff_rmw beta_60d_ff_cma dgs10_pit dgs2_pit vixcls_pit usd_index_pit yield_10y_2y_spread_pit cs_rank_momentum_20d cs_z_momentum_20d cs_rank_momentum_60d cs_z_momentum_60d cs_rank_momentum_120d cs_z_momentum_120d cs_rank_vol_20d cs_z_vol_20d cs_rank_vol_60d cs_z_vol_60d cs_rank_downside_vol_20d cs_z_downside_vol_20d cs_rank_beta_60d_spy cs_z_beta_60d_spy cs_rank_excess_return_20d_vs_spy cs_z_excess_return_20d_vs_spy cs_rank_relative_strength_down_days_20d cs_z_relative_strength_down_days_20d cs_rank_gap_down_absorption_20d cs_z_gap_down_absorption_20d cs_rank_downside_vol_decay_60d cs_z_downside_vol_decay_60d cs_rank_beta_stability_price_floor cs_z_beta_stability_price_floor regime_calm regime_drawdown regime_high_vol regime_rebound stress_flag
feature_infos=[-0.43452090331350879:0.52290083351866889] [-0.61014499786032883:0.88260863646066867] [-0.76666670795573144:1.0566034133703051] [-0.82992956002177165:1.6011328544898928] [-0.85304846129940903:3.1843478105994496] [-0.61014499786032883:0.88260863646066867] [-0.76666670795573144:1.0566034133703051] [-0.82992956002177165:1.6011328544898928] [-0.85304846129940903:3.1843478105994496] [-0.83371665409748386:3.8670393633078328] [0:0.30584445364328161] [0:0.22421856781514868] [0:0.15098312624435092] [0:0.14329584310333965] [0:0.16337929811143656] [-13.695037798663515:20.575205365344527] [-4.0149274431247379:4.8863263853067735] [-0.69421673038056464:0.66131114246219425] [-0.79930206832555228:0.90110352904013702] [-0.82425537243447611:1.8446390551514207] [-132.53715276993563:80.364006761273146] [0:99.861064002984776] [-4.3588989435444114:4.3588989435883247] [-3.1806480089076707:4.3588989435433447] [-3.1101259120259019:7.6809377036926092] [0:20] [0:0.56348448091986825] [-0.47064726396441403:0.4210822666140121] [0:1] [-0.81943928948557032:0] [0:1.7305034091738194] [-0.85817267691977117:0] [0:3.9900962607604482] [-0.61785372931017601:0.89255912114692015] [-0.76226676485515399:1.4709261398977567] [-0.82324954741436951:2.9093527779374631] [-0.77334040331749898:1.3346611088982128] [-4.4721359549995769:4.4721359549995841] [-1.8537485942068546:20.000000000000025] [-0.3098674839759894:0.19880920041384464] [0.0021730140768461124:0.057214790451066776] [-0.31978067271172672:0] [-0.099256665172816158:0.19912924481561101] [-9.4243009236246778:13.933826240627525] [-1:87.127119856643347] [-1.0247428570212176:1.0007807340328658] [-4.1112792539993421:4.848421174419931] [-5.4434395281946788:7.7689924118407419] [-6.7072038827376153:7.6752434274945651] [-13.325735436189344:9.7109719643899926] [-11.504606375379524:8.6540722051089762] [0.55000000000000004:3.2400000000000002] [0.11:2.98] [9.1899999999999995:75.469999999999999] [93.247799999999998:125.0587] [-0.030000000000000027:2.6099999999999999] [0.0020161290322580645:1] [-10.036419127683077:15.738424952473304] [0.0020161290322580645:1] [-8.1746382519581609:16.457532645463687] [0.0020202020202020202:1] [-5.9157233637200122:14.200215155348952] [0.0020161290322580645:1] [-2.7783658620320608:17.573692755422847] [0.0020161290322580645:1] [-2.9782850486284773:14.693670814366223] [0.0020161290322580645:1] [-3.0058206930267617:18.050318432270245] [0.0020161290322580645:1] [-6.3974491418552946:8.9620500168724586] [0.0020161290322580645:1] [-10.036419127683077:15.738424952473304] [0.0020161290322580645:1] [-11.668006201344122:17.853621002907023] [0.0020449897750511249:1] [-9.434540891693187:11.345435387552476] [0.0020161290322580645:1] [-2.3143884498676961:20.623654562246884] [0.0020161290322580645:1] [-16.633473857690657:14.830513071902569] [0:1] [0:1] [0:1] [0:1] [0:1]
tree_sizes=3084 3081 3067 3103 3099 3079 3078 3106 3086 3106 3128 3107 3106 3070 3060 3081 3107 3063 3034 3084 3032 3082 3103 3080 3078 3085 3076 3079 3108

Tree=0
num_leaves=31
num_cat=0
split_feature=46 52 46 52 52 35 53 52 18 9 3 17 48 48 19 0 39 80 39 46 39 2 4 19 52 39 47 47 39 4
split_gain=87.0462 23.0866 19.1492 31.5056 29.3204 20.0672 23.258 17.5879 16.0453 15.3722 13.9066 12.1928 11.6881 8.51021 10.4284 8.42381 8.33209 11.7179 15.2108 10.5476 10.2162 8.162 8.10658 8.06523 7.997 15.9627 7.0501 6.98192 6.89976 6.53227
threshold=0.83409535555438541 0.13500000000000004 1.1928305460714514 0.13500000000000004 2.7200000000000002 -0.24907056864409285 18.915000000000003 0.18500000000000003 -0.14689428315147177 0.44883151252855108 0.057575809928196338 0.061549977434599563 -1.5182787202554897 -0.20020526488364196 0.16075851078692086 -0.0073441563077454855 0.071046771437739201 1.0000000180025095e-35 0.011955540535556365 0.20930425227958491 0.074852054989486452 -0.21332969217734823 0.073245273862138319 0.23421476582085635 2.7550000000000003 -0.04785015836711453 -0.22220448059127071 0.58572190618839837 0.043493785374398304 -0.013526571521261242
decision_type=8 2 10 2 2 8 2 2 10 10 10 8 8 10 8 10 10 2 10 10 10 10 8 8 2 10 10 10 10 10
left_child=1 9 11 10 5 7 -7 -5 -3 15 23 12 -2 -12 -15 -1 17 19 -19 -10 -18 -14 -23 29 -6 -26 -17 -11 -13 -4
right_child=2 8 3 4 24 6 -8 -9 16 27 13 28 21 14 -16 26 20 18 -20 -21 -22 22 -24 -25 25 -27 -28 -29 -30 -31
leaf_value=9.6306977892247097e-06 0.0031351359852801225 0.0046824347257280003 0.0070570309374865976 0.0079139764135333912 0.0078981920550826139 -0.0011037782192589798 -0.0026569475985107841 0.00036141236439237736 0.0024701855236682951 4.8431659807816217e-05 -0.0062581734896492939 -0.00082235236643563969 0.0044298841532700826 -0.0032110882437825145 0.0038730024410003178 -0.0074228092036533987 -0.005506272248424521 -0.00026174273086929708 0.0008944426064495649 0.00088883420240532549 -0.00021816676550497871 -0.0005283602911824362 0.00014537336793000462 0.0076236999163635608 -0.0036956962078118416 0.0033857410419087059 -0.0027804716722339595 0.0090689941980198734 -0.0027235751588659779 0.0013497092173637704
leaf_weight=561 643 618 164 235 152 29866 7563 1061 2992 114 128 3557 230 222 308 249 277 13733 14732 22602 1294 29913 17782 298 255 880 1220 103 1809 545
leaf_count=561 643 618 164 235 152 29866 7563 1061 2992 114 128 3557 230 222 308 249 277 13733 14732 22602 1294 29913 17782 298 255 880 1220 103 1809 545
internal_value=-0.000180656 0.000578895 -0.00064543 -0.00104799 -0.00118835 -0.00131187 -0.00141789 0.00174273 0.000678274 -0.00190451 0.00231893 -0.000334202 -0.000209061 -0.000497176 0.000891034 -0.00258334 0.000633557 0.000685808 0.000336388 0.0010741 -0.00115883 -0.000254163 -0.000277019 0.00416489 0.00252032 0.00178593 -0.00357788 0.00439078 -0.00146516 0.00269013
internal_weight=154106 58495 95611 41677 40012 38725 37429 1296 56248 2247 1665 53934 48568 658 530 2030 55630 54059 28465 25594 1571 47925 47695 1007 1287 1135 1469 217 5366 709
internal_count=154106 58495 95611 41677 40012 38725 37429 1296 56248 2247 1665 53934 48568 658 530 2030 55630 54059 28465 25594 1571 47925 47695 1007 1287 1135 1469 217 5366 709
is_linear=0
shrinkage=1


Tree=1
num_leaves=31
num_cat=0
split_feature=69 16 52 52 51 48 53 52 55 48 60 14 55 47 50 60 50 80 51 76 16 61 1 54 50 39 39 39 55 55
split_gain=70.3247 27.0162 36.3089 27.0043 23.3814 25.2918 25.1288 33.283 22.2109 18.4364 16.3128 15.2771 12.629 11.5951 11.9479 11.5924 10.867 10.6853 12.9223 13.1817 12.3797 9.74444 9.94435 12.6399 9.34033 9.0654 8.22338 10.3298 8.76084 7.87156
threshold=-0.46437062255745282 1.2892927923298516 2.7200000000000002 0.13500000000000004 1.8050000000000004 0.25834208445357149 18.970000000000002 0.13500000000000004 0.52500000000000024 1.3069919919219104 0.78504812049544703 0.0070631276678370459 0.24500000000000013 -0.194770928138989 1.8845176889983171 0.47165691686578237 0.66305687063768182 1.0000000180025095e-35 1.8050000000000004 0.63732780881942774 0.14625172798249672 1.872819609618583 -0.1096840510912354 120.39400000000002 -1.3104198501073372 0.023922112248668363 0.071046771437739201 0.074852054989486452 0.03000000000000003 1.3150000000000004
decision_type=10 10 2 2 2 10 2 2 2 10 10 8 2 8 8 8 8 2 2 8 8 10 8 2 10 10 10 10 2 2
left_child=3 11 4 13 6 10 9 -8 -7 -3 -6 15 25 24 -15 -2 -17 20 19 -19 -5 22 -13 -24 -1 -4 28 -28 -22 -20
right_child=1 2 12 17 5 8 7 -9 -10 -11 -12 21 -14 14 -16 16 -18 18 29 -21 26 -23 23 -25 -26 -27 27 -29 -30 -31
leaf_value=0.0010154749179635142 -0.00040169985699439298 -0.00018015976642928795 0.0086060432612388386 0.0030245825644596839 -0.001697052301894464 -0.0057350337106770281 0.0017673346188420197 -0.002521163183379348 -0.002288897407378998 0.0027258822952880304 0.00023040901138732261 0.0025728924119588509 0.0011651496796796258 -0.0019285155005811525 0.0074834603102639681 0.00090361176027913741 -0.00091047062697071984 0.00034946618950772688 0.0010907407651070684 -0.0019709632412301214 -0.0026813873629710017 0.0014453459771749044 -0.0006087213308040209 -0.0028313950167733453 -0.0085948522628673668 0.00025461068964838018 -0.0058376289989928755 0 0.0011366501578202535 -4.9632847463802952e-05
leaf_weight=80 12366 5913 332 1903 10027 1479 1436 5284 5665 1771 3769 586 718 1466 88 13268 2439 3573 10808 2669 381 1427 38306 1670 274 110 218 1403 18883 5801
leaf_count=80 12366 5913 332 1903 10027 1479 1436 5284 5665 1771 3769 586 718 1466 88 13268 2439 3573 10808 2669 381 1427 38306 1670 274 110 218 1403 18883 5801
internal_value=-0.000211535 -0.000568288 -0.00111981 0.000587885 -0.00126283 -0.00179625 -0.000486771 -0.00160348 -0.00300423 0.000488967 -0.00116996 -0.000280812 0.0032284 -0.00232419 -0.00138535 0.000170462 0.000621394 0.00070985 0.000327354 -0.000641707 0.00109304 -0.0005827 -0.000654274 -0.000701843 -0.00640582 0.00655087 0.000916516 -0.000790512 0.00106059 0.000692018
internal_weight=154113 106566 36504 47547 35344 20940 14404 6720 7144 7684 13796 70062 1160 1908 1554 28073 15707 45639 22851 6242 22788 41989 40562 39976 354 442 20885 1621 19264 16609
internal_count=154113 106566 36504 47547 35344 20940 14404 6720 7144 7684 13796 70062 1160 1908 1554 28073 15707 45639 22851 6242 22788 41989 40562 39976 354 442 20885 1621 19264 16609
is_linear=0
shrinkage=0.025


Tree=2
num_leaves=31
num_cat=0
split_feature=46 50 51 31 36 55 55 48 69 54 61 55 19 46 53 51 40 54 53 54 40 54 55 68 54 46 72 56 55 49
split_gain=73.0971 19.2744 16.9631 17.8546 13.8876 13.6957 23.4148 15.9159 12.668 19.3172 12.4194 20.8271 26.0195 11.8081 10.7711 10.7555 22.4162 16.1348 10.555 13.9468 13.0818 11.5416 10.3805 9.45111 8.83785 16.3903 8.30261 8.28553 8.21586 8.14305
threshold=0.83409535555438541 0.27577194883361011 1.675 -0.19869186530094993 0.05653184541981527 0.22500000000000001 0.32500000000000001 0.33197781209796168 0.44794760176604609 118.87420000000002 0.47833071227795582 0.03000000000000003 0.036699063173646136 1.1928305460714514 15.435 1.425 0.0061033538753718043 111.64125000000001 16.580000000000002 116.18090000000002 0.011623255803476248 114.19180000000001 0.03000000000000003 0.016931235890636762 116.12250000000002 1.8399684645969612 0.64711812144212544 0.12889920751241912 0.79500000000000015 -0.40532553431671858
decision_type=8 10 2 8 8 2 2 10 8 2 10 2 8 10 2 2 10 2 2 2 10 2 2 10 2 10 8 10 2 10
left_child=2 4 3 -1 10 24 7 -7 29 -10 11 12 -2 -13 28 16 -16 -17 21 -20 -21 23 -12 -4 -3 -26 -6 -24 -5 -8
right_child=1 5 18 14 26 6 8 -9 9 -11 22 13 -14 -15 15 17 -18 -19 19 20 -22 -23 27 -25 25 -27 -28 -29 -30 -31
leaf_value=0.0044541160674259643 0.0087854643817565376 -0.0024019112340086372 0.0022485103056730268 -0.0051575802468941251 -0.0018134418763921399 -0.00075208623556348919 0.0003597056478253707 -0.0060428742130647431 -0.0014653412078649408 -0.00572934852591068 -0.0070734349900355258 -0.00013097284022385802 -0.0032908652069137904 -0.00096005056817871084 -0.0036606024017150304 -0.0019938903245022028 -0.00010103407894693708 0.001254727861886623 0.0018429610817044515 0.0021844243546746732 -0.0033175896431638999 0.0012479566370836961 0.0028090095480726596 8.6175399775016768e-05 0.001107193313682916 0.011675160077039995 -0.00056046689688011848 0.00037019961617773404 -0.0011371352195197774 -0.0010546871622960203
leaf_weight=514 327 384 1352 428 5890 539 3988 1064 9989 712 111 26737 167 17969 1306 1153 7207 5519 8851 448 673 10515 945 19192 1269 98 7589 11140 1257 6992
leaf_count=514 327 384 1352 428 5890 539 3988 1064 9989 712 111 26737 167 17969 1306 1153 7207 5519 8851 448 673 10515 945 19192 1269 98 7589 11140 1257 6992
internal_value=-0.000172567 -0.000597223 0.000524532 -0.000129595 -0.000386422 -0.00119366 -0.00135415 -0.00427044 -0.00113796 -0.00175036 -0.00021666 -0.000407775 0.00468975 -0.000464395 -0.000270004 -5.89952e-05 -0.000648436 0.000691947 0.000801851 0.00150993 -0.00111208 0.000574221 0.000490991 0.000228967 0.000935576 0.00187987 -0.00110866 0.000561786 -0.00216574 -0.000540305
internal_weight=154325 95910 58415 17384 70875 25035 23284 1603 21681 10701 57396 45200 494 44706 16870 15185 8513 6672 41031 9972 1121 31059 12196 20544 1751 1367 13479 12085 1685 10980
internal_count=154325 95910 58415 17384 70875 25035 23284 1603 21681 10701 57396 45200 494 44706 16870 15185 8513 6672 41031 9972 1121 31059 12196 20544 1751 1367 13479 12085 1685 10980
is_linear=0
shrinkage=0.025


Tree=3
num_leaves=31
num_cat=0
split_feature=46 3 51 12 53 16 51 80 31 25 27 9 21 50 69 51 9 51 53 46 44 48 50 69 27 48 49 44 53 51
split_gain=73.7951 20.9636 16.6018 20.7496 16.0521 17.3443 15.3436 13.968 13.5936 11.7944 11.5736 11.0486 12.6803 10.7665 10.3766 9.81686 9.63864 9.56379 9.25447 9.15081 15.4127 20.248 9.27522 9.29115 8.7205 8.47752 8.12113 8.26803 8.00428 7.95355
threshold=0.79184009904185548 0.066666711041672003 1.8050000000000004 0.017309315387522856 19.105000000000004 1.2717658141241512 1.3500000000000003 1.0000000180025095e-35 -0.34755536229778644 1.4363213241488262 0.058954431447894882 0.096008633500353727 65.090949396071991 0.22908823447456958 -0.66133332965822844 0.72500000000000009 -0.070507733528733282 0.90000000000000013 18.660000000000004 1.2423180046070572 3.6417810046070698 2.2188872671608388 -0.77436083861988814 -0.10722212028819418 0.0035120707062092195 -0.3800825200350349 0.6564566075589312 -0.24425117207454963 22.445000000000004 0.70500000000000007
decision_type=8 8 2 10 2 8 2 2 8 8 8 8 8 10 10 2 10 2 2 10 8 10 8 8 10 10 10 10 2 2
left_child=2 13 3 6 5 16 15 18 -6 -9 17 28 -13 19 25 -1 -3 -10 -8 22 21 -21 23 -2 -15 -5 -16 -28 -4 -27
right_child=1 4 11 14 8 -7 7 9 10 -11 -12 12 -14 24 26 -17 -18 -19 -20 20 -22 -23 -24 -25 -26 29 27 -29 -30 -31
leaf_value=0.00052167631824470641 0.0013848224681622685 -0.0024689144456701549 0.00034655851723374483 -0.00080120937238508565 0.0039343400048835256 -0.0015477344354150884 0.00012086769650819954 -0.0013489712316996853 -0.0015182463170485836 0.0021596906544725683 -0.010035381172556748 0.0019954504818418357 0.00050465830597446729 -0.00051032913398978694 -0.0018246147223311795 -0.0023499684821826523 0.0003247207381621439 -0.0035740192829851179 0.0023319208899944556 -0.00060834133380687091 -0.0042024788386398337 0.0058140480688672128 -0.00035664267050156243 0.00010937028887309175 -0.0016114386221342332 0.00094931768765924886 -0.0024534616517554349 0.0034041881988302355 0.0021823860265126624 0.0037153183273759918
leaf_weight=948 4746 863 16576 498 209 9540 2970 4343 3485 692 125 9360 5787 15034 901 3384 7221 2407 1974 17208 729 311 18743 14455 6434 1025 209 522 1632 1819
leaf_count=948 4746 863 16576 498 209 9540 2970 4343 3485 692 125 9360 5787 15034 901 3384 7221 2407 1974 17208 729 311 18743 14455 6434 1025 209 522 1632 1819
internal_value=-0.000169749 -0.000563684 0.000589761 5.47674e-06 -0.0012121 -0.000825845 -0.000477593 6.10738e-05 -0.0023039 -0.000864859 -0.00252257 0.000927342 0.00142646 -0.000364439 0.00139663 -0.00171985 2.5239e-05 -0.0023599 0.00100555 -0.000182316 -0.000642361 -0.000493512 3.87434e-05 0.000425087 -0.000840755 0.00219456 -0.00023317 0.00171791 0.00051165 0.00272189
internal_weight=154150 101510 52640 19285 23850 17624 14311 9979 6226 5035 6017 33355 15147 77660 4974 4332 8084 5892 4944 56192 18248 17519 37944 19201 21468 3342 1632 731 18208 2844
internal_count=154150 101510 52640 19285 23850 17624 14311 9979 6226 5035 6017 33355 15147 77660 4974 4332 8084 5892 4944 56192 18248 17519 37944 19201 21468 3342 1632 731 18208 2844
is_linear=0
shrinkage=0.025


Tree=4
num_leaves=31
num_cat=0
split_feature=46 31 35 12 54 49 41 54 68 49 8 54 18 63 54 47 49 55 12 60 12 54 54 1 39 50 29 39 60 12
split_gain=69.9917 19.1872 17.0562 16.8739 17.7023 23.0056 22.6847 19.0944 15.1922 14.0062 16.7991 17.6369 13.2297 12.6388 11.1598 12.2892 10.843 10.5202 9.94723 11.8221 9.10816 13.3298 11.9361 11.8919 10.1832 9.19101 9.00943 9.00372 8.00747 7.21723
threshold=0.99579731534586224 -0.26959219551997288 -0.29597965989792574 0.036646452020917542 116.13980000000001 1.0237031291457057 -0.08626380519915848 114.94295000000001 0.31197464152009613 2.619349366380884 -0.087677595877632838 119.08110000000001 -0.033844927583711985 0.035262657312998789 117.23465000000002 0.49744459428572191 2.8395518992090483 0.41999999999999998 0.016647433862052457 0.67492267975359777 0.036646452020917542 118.87420000000002 120.39400000000002 -0.040581161380876134 -0.094165030053838181 0.13944521412089442 -0.032765210131555526 0.051227593454310501 0.56805983180920006 0.026261173496707157
decision_type=8 10 8 10 2 10 10 2 10 10 10 2 10 10 2 10 8 2 10 8 10 2 2 10 10 10 10 10 10 10
left_child=1 -1 12 4 5 13 16 -7 20 26 -11 -12 -2 -4 18 28 -6 -8 19 -10 21 24 -23 -22 -3 -25 -5 -28 -16 -20
right_child=2 8 3 9 6 7 17 -9 14 10 11 -13 -14 -15 15 -17 -18 -19 29 -21 23 22 -24 25 -26 -27 27 -29 -30 -31
leaf_value=0.0030597883377171931 0.0014181186137977139 -0.0046083897766505963 -0.00037037933563208831 -0.00050124304167432974 0.0063006784589005804 -0.0010534079305937649 0.00092804656608195212 -0.0054123582294458546 -0.00017203802122033038 -0.00034958665597402167 -0.0026595244123673637 -0.010295831490158209 0.010255095780775702 -0.0011374066593093177 -0.0014825075965794647 0.00090992325257440864 -0.0011110382361658973 -0.00085395505849471395 -0.00098498511897424307 0.00098580939643316996 0.0046366559381216194 0.0051872484240606878 0.00011239551084082224 -0.00034922894206464107 0.00055023896106522782 -0.005473176940740598 -0.0049677525045653198 -0.00085866079976136328 -0.00523455971393115 0.0016342403447392611
leaf_weight=1537 784 239 25759 2217 543 1275 3760 1248 16293 381 355 414 122 28133 788 658 157 4604 7915 8322 152 732 484 445 43520 436 734 620 660 714
leaf_count=1537 784 239 25759 2217 543 1275 3760 1248 16293 381 355 414 122 28133 788 658 157 4604 7915 8322 152 732 484 445 43520 436 734 620 660 714
internal_value=-0.000200313 0.000293237 -0.000775792 -0.000819877 -0.000715606 -0.000880404 0.000309259 -0.00321408 0.000240835 -0.00226395 -0.00466536 -0.00678999 0.00262834 -0.000770943 -0.000148734 -0.00191309 0.00462858 -5.19492e-05 -3.66719e-05 0.000219139 0.000540318 0.000593768 0.00317559 -0.00177757 0.000521767 -0.00289753 -0.00148719 -0.00309415 -0.00320079 -0.000767193
internal_weight=154001 82895 71106 70200 65479 56415 9064 2523 81358 4721 1150 769 906 53892 35350 2106 700 8364 33244 24615 46008 44975 1216 1033 43759 881 3571 1354 1448 8629
internal_count=154001 82895 71106 70200 65479 56415 9064 2523 81358 4721 1150 769 906 53892 35350 2106 700 8364 33244 24615 46008 44975 1216 1033 43759 881 3571 1354 1448 8629
is_linear=0
shrinkage=0.025


Tree=5
num_leaves=31
num_cat=0
split_feature=46 52 46 52 35 54 52 52 52 42 31 10 16 76 64 2 8 9 52 57 58 16 14 54 49 52 53 63 41 41
split_gain=63.4335 27.6832 18.0846 30.2597 24.4852 24.3931 19.3557 22.2857 15.7194 13.9434 11.5558 11.1058 9.59791 9.37057 9.16876 8.96695 9.61866 8.8645 8.73895 10.6633 8.23999 8.14825 10.5704 7.03887 8.17388 6.85029 6.49028 6.48158 10.6657 7.12792
threshold=0.83409535555438541 0.13500000000000004 1.1928305460714514 2.7200000000000002 -0.24907056864409285 116.18090000000002 0.13500000000000004 0.19500000000000003 0.18500000000000003 0.0042281257394469847 -0.18927570488030879 0.038566424032853062 0.17317571116680322 0.4707135661060638 0.23432652888719838 0.10526310950655816 0.32850349713364285 0.20889892649820244 0.15500000000000003 -0.54939907628002926 0.41145313216917229 1.4287262829129446 0.015065562091018251 116.13980000000001 -0.0093934581662870695 1.2150000000000001 23.135000000000002 -0.71163298788500884 -0.025688037789057813 -0.078025985393679761
decision_type=8 2 10 2 8 2 2 2 2 10 10 10 10 10 10 8 10 10 2 10 10 10 10 2 10 2 2 10 10 10
left_child=1 14 15 4 8 21 9 -8 11 -6 20 -4 23 -10 -1 16 18 -16 19 -2 -3 -5 -23 24 -12 -25 -17 29 -29 -14
right_child=2 10 3 5 6 -7 7 -9 13 -11 12 -13 27 -15 17 26 -18 -19 -20 -21 -22 22 -24 25 -26 -27 -28 28 -30 -31
leaf_value=-0.0039728587764392186 0.00073369825770388749 0.0018983701431739511 0.0034884470988255701 -0.0022161270112037207 0.0024736706538447425 0.0087492498836710206 -0.0030850748145215836 -0.0010852601754287536 0.0039885921836792099 -0.0041068752734756755 0.0034915726102967616 0.01351766071694035 -0.00080670239727168025 -0.00090004047154705028 -0.00256068775807506 -0.00090279742738295097 0.0025630992254023041 0.0017825300730975352 -0.00013596571217421727 -0.0025387401763852409 0.006978537109341737 0.0046407333544382758 -0.0027398444235221257 0.0039811933034341442 0.0011983721638958241 -0.0022516886018464381 -0.0036648220365599195 0.0010878784509309103 -3.7323831440726646e-05 0.00095872141651816593
leaf_weight=1026 890 1706 190 348 1371 325 3892 33524 373 234 1389 111 1561 705 703 1998 788 501 47602 2041 227 433 166 139 3293 507 730 6716 24303 16322
leaf_count=1026 890 1706 190 348 1371 325 3892 33524 373 234 1389 111 1561 705 703 1998 788 501 47602 2041 227 433 166 139 3293 507 730 6716 24303 16322
internal_value=-0.000155006 0.000494304 -0.000551186 -0.000942592 -0.00106229 0.00285072 -0.00117814 -0.00129357 0.00220844 0.00150724 0.000602892 0.00725074 0.000534979 0.000787085 -0.002236 -0.000249258 -0.000174834 -0.00074722 -0.000217737 -0.00154261 0.00250279 0.00080999 0.00258148 0.00154301 0.00188101 -0.000894074 -0.00164594 0.000424963 0.000206087 0.000804155
internal_weight=154114 58393 95721 41672 40400 1272 39021 37416 1379 1605 56163 301 54230 1078 2230 54049 51321 1204 50533 2931 1933 947 599 5328 4682 646 2728 48902 31019 17883
internal_count=154114 58393 95721 41672 40400 1272 39021 37416 1379 1605 56163 301 54230 1078 2230 54049 51321 1204 50533 2931 1933 947 599 5328 4682 646 2728 48902 31019 17883
is_linear=0
shrinkage=0.025


Tree=6
num_leaves=31
num_cat=0
split_feature=46 52 30 46 52 81 55 39 4 50 18 9 9 1 35 9 44 52 52 52 52 48 47 18 20 69 62 49 72 39
split_gain=70.9418 29.6808 17.9785 12.973 26.4629 19.2433 19.6241 14.1535 12.8116 11.3826 10.9271 10.7997 10.6035 10.3293 10.0577 13.4089 11.1597 10.0058 15.2405 10.4182 9.87489 9.55645 9.09891 8.48974 8.20714 7.94045 8.51258 8.1722 8.17467 7.77646
threshold=0.83409535555438541 0.13500000000000004 0.10545961878069733 1.3807074510443498 2.7200000000000002 1.0000000180025095e-35 0.03000000000000003 0.011092858454045952 0.28999548484523258 1.5211814419799792 -0.10141027762034281 0.06160199793547539 0.35133107827030913 -0.1096840510912354 -0.26904070523110363 -0.038616590951376976 0.20871612777703755 0.17500000000000002 0.13500000000000004 0.19500000000000003 0.13500000000000004 -0.10310715659679504 1.0119497323465354 0.14870984089894027 0.049270321961465142 -1.565562445942416 0.31832125047144116 -0.82287606878851793 0.19250760154889682 -0.01550118687062446
decision_type=8 2 10 10 2 2 2 10 10 10 10 10 10 8 8 10 10 2 2 2 2 8 10 10 2 8 10 10 10 10
left_child=1 9 3 8 5 7 -7 -5 13 -1 -3 24 -11 -2 16 23 -4 18 -17 -19 -10 -15 -22 -16 -6 27 -27 -12 -29 -28
right_child=2 10 14 4 11 6 -8 -9 20 12 25 -13 -14 21 15 17 -18 19 -20 -21 22 -23 -24 -25 -26 26 29 28 -30 -31
leaf_value=-0.0029610102786302053 0.0024250413013377475 0.0028127981365647032 0.0071285050923084502 0.00015448137514603754 0.0039633765460882738 0.008648871241420544 -0.0036021659053502332 -0.0014608848184812367 0.0074664127088159482 -0.0010629824460706649 0.0040464439772874162 -0.00013412774274513875 0.009669768285268155 -2.0345862231991892e-06 -0.0021607272361208745 0.00067778739494666295 -0.00085504602152884429 0.0037856141387074649 -0.0034348783569365378 -0.00074569973557035805 0.0029249145775570454 -0.00064804637837117629 -0.0023819222991933002 -0.0055254089807104259 0.011794228515343935 0.0007566302184040404 0.001304421509848832 -0.0045089408443204073 0.0012235391343104068 -8.369107131352214e-05
leaf_weight=1988 841 1370 181 5328 265 83 2522 9280 195 162 640 244 87 25675 4497 776 270 327 2022 9046 651 32403 290 527 126 25171 2883 158 5916 20062
leaf_count=1988 841 1370 181 5328 265 83 2522 9280 195 162 640 244 87 25675 4497 776 270 327 2022 9046 651 32403 290 527 126 25171 2883 158 5916 20062
internal_value=-0.000191541 0.000494533 -0.000611217 -0.000447848 -0.00103976 -0.00122508 -0.00320515 -0.000871232 -0.000271793 -0.00232805 0.000607064 0.00396477 0.00268543 -0.000322628 -0.00133195 -0.00142893 0.00234282 -0.000979217 -0.00229179 -0.000586349 0.00235572 -0.000362594 0.00128053 -0.0025164 0.00653436 0.000551754 0.000439118 0.00135762 0.00107233 9.04551e-05
internal_weight=153986 58437 95549 77903 17848 17213 2605 14608 60055 2237 56200 635 249 58919 17646 17195 451 12171 2798 9373 1136 58078 941 5024 391 54830 48116 6714 6074 22945
internal_count=153986 58437 95549 77903 17848 17213 2605 14608 60055 2237 56200 635 249 58919 17646 17195 451 12171 2798 9373 1136 58078 941 5024 391 54830 48116 6714 6074 22945
is_linear=0
shrinkage=0.025


Tree=7
num_leaves=31
num_cat=0
split_feature=46 52 50 0 52 55 51 55 12 51 9 9 80 36 60 55 19 52 51 32 51 48 51 55 13 60 22 9 52 51
split_gain=66.7601 23.5924 20.5269 13.3492 12.9221 16.2291 14.3651 16.1931 12.7584 13.2172 17.0477 14.1346 12.9875 12.7305 12.6537 16.2482 29.5115 14.9775 12.614 11.4768 11.2929 10.6837 12.1688 9.1887 9.04094 9.23235 9.15868 8.53519 8.22363 7.61834
threshold=0.79184009904185548 0.13500000000000004 0.27577194883361011 0.019565407479471223 1.5000000000000002 1.2250000000000003 2.1250000000000004 0.22500000000000001 0.021650958188982945 1.7850000000000004 0.039841842101053911 0.14001528687206502 1.0000000180025095e-35 0.06220320346358222 0.76550929407497204 0.03000000000000003 0.036699063173646136 2.7200000000000002 1.6450000000000002 0.12298310087835086 0.72500000000000009 0.025678020163454381 0.64500000000000013 0.03000000000000003 0.00546213330015598 0.97080288796103009 1.1867937461521514 0.5060301205100638 0.12500000000000003 2.5150000000000001
decision_type=8 2 10 10 2 2 2 2 8 2 10 10 2 10 10 2 8 2 2 8 2 10 2 2 10 10 10 10 2 2
left_child=1 21 13 4 5 20 7 -6 9 10 -3 -11 -12 14 15 16 -2 -17 -7 -10 -4 22 -1 -16 -15 26 -26 -23 -25 -13
right_child=2 8 3 -5 6 18 -8 -9 19 11 12 29 -14 24 23 17 -18 -19 -20 -21 -22 27 -24 28 25 -27 -28 -29 -30 -31
leaf_value=0.0023642127367742519 0.0082114245885340949 0.001238553313477828 -0.0017940338923433591 -0.0027062722541458324 -0.00052575304384469763 -0.0045217270664729735 -0.0010428967286289063 -0.0057537341053062064 0.0040252131976586036 0.00051753065297076577 0.00016509821636234804 0.0021928997318938419 -0.0016197601283399349 7.8084815379532793e-05 -0.0078353649013322476 -0.00049530770607192809 -0.0036536831366932331 0.0016805349856723962 -0.0012766117281058666 0.0011220555198762797 5.5728318125012192e-05 -0.0011584408917467001 -0.005651928626859478 0.0055022074852482585 -0.00081650269739393067 0.00062008864768304606 -0.0026431407972674352 0.0069873220902022725 0.00050842648941013869 0.00052089459904134218
leaf_weight=141 356 4334 2478 3011 563 959 2750 1101 1232 23660 5707 5965 4592 2919 80 49480 205 2057 3465 2789 12241 1165 682 209 2996 1067 4064 85 11664 2403
leaf_count=141 356 4334 2478 3011 563 959 2750 1101 1232 23660 5707 5965 4592 2919 80 49480 205 2057 3465 2789 12241 1165 682 209 2996 1067 4064 85 11664 2403
internal_value=-0.000165931 0.000555597 -0.000540416 -0.00113775 -0.000936824 -0.000655017 -0.00215678 -0.00399105 0.000662647 0.000545954 -7.6061e-05 0.000830368 -0.000630082 -0.000328973 -0.000193648 -0.000362046 0.00386381 -0.000408281 -0.00198279 0.00201436 -0.000255298 -0.00205688 -0.00426803 0.000539662 -0.00111288 -0.00154151 -0.00186932 -0.000592365 0.000597511 0.0017138
internal_weight=154420 52755 101665 26568 23557 19143 4414 1664 50682 46661 14633 32028 10299 75097 64051 52098 561 51537 4424 4021 14719 2073 823 11953 11046 8127 7060 1250 11873 8368
internal_count=154420 52755 101665 26568 23557 19143 4414 1664 50682 46661 14633 32028 10299 75097 64051 52098 561 51537 4424 4021 14719 2073 823 11953 11046 8127 7060 1250 11873 8368
is_linear=0
shrinkage=0.025


Tree=8
num_leaves=31
num_cat=0
split_feature=68 16 52 52 53 51 35 52 13 54 3 3 30 31 39 53 40 52 54 51 54 51 19 58 48 35 48 43 48 53
split_gain=59.7216 24.4038 27.6816 24.8375 22.7481 32.447 29.3042 22.1368 14.8112 13.5456 13.4424 11.2601 10.5777 10.1772 9.00078 8.87281 16.8892 11.7727 11.4092 18.309 10.6005 10.5677 8.56039 8.31147 8.02029 7.78261 7.5223 7.01283 6.9723 12.4899
threshold=0.31197464152009613 1.2493450711168372 2.7200000000000002 0.13500000000000004 19.170000000000005 1.7850000000000004 -0.24907056864409285 0.13500000000000004 0.0051467081659755795 116.18090000000002 -0.12476405109051246 0.065714269371724324 0.10814618911721986 -0.25745112520956182 -0.04785015836711453 16.830000000000002 0.0076739402773441994 2.8200000000000007 112.94865000000001 1.5750000000000004 113.80300000000001 1.7850000000000004 0.16657097389988976 0.74898372304387351 -0.12223585106679316 -0.0039346612329848587 -1.6756123091662158 -0.2083320383529734 0.59222521729760114 20.070000000000004
decision_type=8 10 2 2 2 2 10 2 8 2 10 10 10 8 10 2 10 2 2 2 2 2 8 10 10 10 10 10 8 2
left_child=7 8 3 11 5 -5 -6 24 28 14 27 22 13 -10 25 16 17 -12 19 -17 -20 -18 -3 -15 -1 -4 -11 -9 29 -2
right_child=1 2 9 4 6 -7 -8 10 12 26 15 -13 -14 23 -16 18 21 -19 20 -21 -22 -23 -24 -25 -26 -27 -28 -29 -30 -31
leaf_value=-0.0048581814522508258 0.00081909097673750681 0.0015365846930884843 0.00059572127815677237 0.00039536652687278961 0.0025566427997991831 -0.0014309868621399172 -0.0029905422174935489 0.0058532813069227954 0.0021944666993311481 0.011746765126135672 0.00073135430213678849 -0.00090314144169035345 -0.0013232369090047729 -0.00047916503221322556 0.0025312948846049925 0.0044869358038527145 -0.0024054287251410195 -0.0048295762159127472 -0.0013526852184762757 0.0011882506323914676 0.00093704382516837615 -0.00010886644712665766 0.0061324933226919445 0.00044384315219440625 -0.0011030535439441208 -0.0082694368811010773 0.0038959450735193166 0.0014333855036227636 -0.000930047525979039 -0.0033730783568287309
leaf_weight=494 13089 615 153 8379 652 22095 6581 463 1025 127 22190 565 6818 36181 722 1393 1844 239 1491 4332 8183 3921 438 7324 1293 101 204 447 1924 458
leaf_count=494 13089 615 153 8379 652 22095 6581 463 1025 127 22190 565 6818 36181 722 1393 1844 239 1491 4332 8183 3921 438 7324 1293 101 204 447 1924 458
internal_value=-0.000172161 -0.000495604 -0.00097879 -0.00109791 -0.00122819 -0.000928579 -0.00248913 0.000578465 -0.000201658 0.00259726 0.000688164 0.00193236 -0.000406043 -0.00026541 0.00110249 0.000625121 0.00036111 0.000671508 0.00110795 0.00199296 0.000583241 -0.000845096 0.00346019 -0.000323598 -0.00214788 -0.00292232 0.00696232 0.00369517 0.000476184 0.000676521
internal_weight=153741 107451 40632 39325 37707 30474 7233 46290 66819 1307 44503 1618 51348 44530 976 43593 28194 22429 15399 5725 9674 5765 1053 43505 1787 254 331 910 15471 13547
internal_count=153741 107451 40632 39325 37707 30474 7233 46290 66819 1307 44503 1618 51348 44530 976 43593 28194 22429 15399 5725 9674 5765 1053 43505 1787 254 331 910 15471 13547
is_linear=0
shrinkage=0.025


Tree=9
num_leaves=31
num_cat=0
split_feature=46 34 52 47 52 67 52 46 80 9 12 54 54 55 47 9 31 52 27 54 32 68 55 52 41 50 47 68 41 51
split_gain=63.2908 21.4694 19.9789 14.1167 13.1226 18.8368 12.1289 16.0052 16.0352 10.9085 10.6989 10.5568 23.7225 15.3873 14.2489 8.93479 12.444 11.7755 10.9512 10.9465 10.0771 8.76021 12.9539 8.75322 10.0254 8.59577 8.48497 7.82931 7.44389 6.71286
threshold=0.91442005928152681 0.06158137432261946 0.13500000000000004 -0.17854812201170706 0.13500000000000004 -0.14192993673922125 2.7200000000000002 1.2482562478488988 1.0000000180025095e-35 -0.19498572290762314 0.01357640166557513 114.48000000000002 116.09420000000001 0.4549999999999999 0.24067034593188227 -0.020452167084477942 -0.34755536229778644 0.16500000000000004 0.058954431447894882 116.09420000000001 0.094549242383032653 0.8281247965415317 0.25499999999999995 1.1300000000000001 -0.029572594946668026 1.2630598605896888 0.82208680821743574 0.88653212891152189 -0.16468645525416883 1.4650000000000001
decision_type=8 10 2 10 2 8 2 10 2 10 10 2 2 2 10 10 8 2 10 2 8 10 2 2 10 10 10 10 8 2
left_child=2 4 3 -1 5 -2 7 25 -9 28 -5 29 14 -14 -13 16 -3 19 20 -17 -18 -8 -23 24 -19 -6 -25 -7 -4 -11
right_child=1 15 9 10 6 27 21 8 -10 11 -12 12 13 -15 -16 17 18 23 -20 -21 -22 22 -24 26 -26 -27 -28 -29 -30 -31
leaf_value=-0.0055563039502548837 -0.0014816721356320918 0.0050050413773266716 0.0063872765836393841 -0.004256568896905461 -0.00015187424317731807 0.0018922971174923709 8.792272243159392e-05 -0.0017454921773701866 -0.00050543494020164356 -0.00079605318665691607 2.7498678517030552e-05 0.0023021492895686081 -0.00097320262386568757 0.00095685910515643207 0.00050494059023741987 -0.0043201850420095311 0.0041275564769339525 -0.0022934727685218026 -0.010379996423289893 0.00032580970999949099 -0.0029912767291694294 0.0067136880843286038 0.00038735878046809263 -0.00070648404950086061 0.00057734592038533061 -0.0017090719809727461 -0.0030671295666917491 0.0058495999798309746 0.0014433884281721413 0.00026890557586464579
leaf_weight=487 900 125 199 457 37046 1055 1338 11452 15181 4107 1762 7197 5292 5038 4490 1211 128 966 120 425 2880 384 432 2416 3551 2357 1582 450 4405 36955
leaf_count=487 900 125 199 457 37046 1055 1338 11452 15181 4107 1762 7197 5292 5038 4490 1211 128 966 120 425 2880 384 432 2416 3551 2357 1582 450 4405 36955
internal_value=-0.000152032 -0.000615424 0.000400852 -0.00170451 -0.000441101 0.00137258 -0.000505201 -0.000565506 -0.00103899 0.000485166 -0.000853245 0.000399245 0.000840989 -3.11727e-05 0.00161245 -0.00153285 -0.00267473 -0.00116591 -0.00298582 -0.00310931 -0.00268433 0.00133939 0.00337912 -0.000791256 -3.53899e-05 -0.000245262 -0.0016431 0.00308424 0.00166032 0.000162186
internal_weight=154388 83999 70389 2706 70595 2405 68190 66036 26633 67683 2219 63079 22017 10330 11687 13404 3253 10151 3128 1636 3008 2154 816 8515 4517 39403 3998 1505 4604 41062
internal_count=154388 83999 70389 2706 70595 2405 68190 66036 26633 67683 2219 63079 22017 10330 11687 13404 3253 10151 3128 1636 3008 2154 816 8515 4517 39403 3998 1505 4604 41062
is_linear=0
shrinkage=0.025


Tree=10
num_leaves=31
num_cat=0
split_feature=16 34 16 55 61 50 44 11 61 19 72 49 35 19 27 16 61 55 61 54 55 81 22 12 81 11 63 75 54 41
split_gain=48.445 21.3054 15.3276 13.9081 14.0319 14.9975 13.8572 18.7248 13.7341 13.7108 12.5891 12.419 9.33437 11.52 10.1735 8.41202 8.5895 12.5395 12.3935 11.7687 17.9849 9.4169 8.54356 8.19985 7.31585 7.29538 7.25301 7.40385 7.05634 6.733
threshold=0.90914518942585587 0.02600941157268916 1.2717658141241512 0.14500000000000016 -0.10755985071018008 0.030469939091533425 -0.339269609177343 0.03591420767890912 1.9664499208695785 -0.22942323645092214 0.35995910020449901 3.1176963009289556 -0.29597965989792574 -0.014860075213050215 0.014701813224616727 0.14625172798249672 -0.22429339633337667 0.015000000000000015 0.81938065094653978 112.01475000000001 1.2250000000000003 1.0000000180025095e-35 0.26668854938342906 0.020426402610824932 1.0000000180025095e-35 0.010592932156148739 -0.24468509281859241 3.2733180228154475 116.39900000000002 -0.045326604153096743
decision_type=8 10 10 2 10 8 8 10 10 8 10 10 10 10 10 10 8 2 10 2 2 2 10 10 2 10 10 8 2 10
left_child=9 3 25 10 6 8 7 -5 -6 -1 29 -8 -4 14 -14 28 19 18 -18 22 -21 -19 -17 -7 -15 -3 -27 -28 -11 -2
right_child=1 2 12 4 5 23 11 -9 -10 15 -12 -13 13 24 -16 16 17 21 -20 20 -22 -23 -24 -25 -26 26 27 -29 -30 -31
leaf_value=0.0043981488103488238 0.0060970525503734026 0.00046904019752568938 0.0050835388049711256 5.1857811816198536e-05 0.00033356750916286042 -0.0010167773895070219 -0.00093323763338140631 0.0078197833638615939 0.0040604264217989515 0.0016070998648319364 -0.00090164556360946852 -0.0053047651286272472 -0.0025475423080667742 -0.0011839116905484664 -0.0066608333718707075 -0.00017684222518464819 -0.00077522806203251366 0.00029827562188062401 -0.01298314624133071 -9.940058532320736e-05 0.0022704639167657626 0.0012760428452992184 -0.0016947361391001572 0.00071521400966871433 -0.0033667918790291382 -0.0017622387565846454 -0.00092129668200005522 0.00065305140272329219 -0.0019377747239283237 0.0020709704120626684
leaf_weight=521 344 3304 123 6287 18267 9139 23474 199 639 4468 776 413 2278 9369 454 5678 140 25864 83 10342 2479 8093 3930 2095 1074 3808 6354 2637 378 1105
leaf_count=521 344 3304 123 6287 18267 9139 23474 199 639 4468 776 413 2278 9369 454 5678 140 25864 83 10342 2479 8093 3930 2095 1074 3808 6354 2637 378 1105
internal_value=-0.000177225 -0.000540778 -0.00109618 -0.000280365 -0.000351855 3.007e-05 -0.000731083 0.000292748 0.000460177 0.000363144 0.00165971 -0.0010094 -0.00172457 -0.00178916 -0.00323645 0.000328729 0.000242973 0.000492474 -0.00539761 -0.000136917 0.000358408 0.000531565 -0.000798627 -0.000693073 -0.00140949 -0.000576688 -0.000847242 -0.000458691 0.00132863 0.00303621
internal_weight=154115 92139 29401 62738 60513 30140 30373 6486 18906 61976 2225 23887 13298 13175 2732 61455 56609 34180 223 22429 12821 33957 9608 11234 10443 16103 12799 8991 4846 1449
internal_count=154115 92139 29401 62738 60513 30140 30373 6486 18906 61976 2225 23887 13298 13175 2732 61455 56609 34180 223 22429 12821 33957 9608 11234 10443 16103 12799 8991 4846 1449
is_linear=0
shrinkage=0.025


Tree=11
num_leaves=31
num_cat=0
split_feature=46 52 52 46 41 35 47 52 48 39 47 46 76 50 60 30 31 55 80 39 46 39 39 56 14 42 18 55 5 31
split_gain=50.9213 20.2497 19.7929 15.4089 18.0385 21.1849 24.0366 18.2739 16.1024 15.6722 13.9844 13.5982 13.1019 12.1991 12.0818 11.2138 11.0156 10.6762 9.77874 13.4436 11.2903 10.4952 9.97233 9.60711 9.45214 8.63175 8.13752 7.77578 7.03566 7.02382
threshold=0.94554418759245729 2.7200000000000002 0.13500000000000004 1.4966379843406015 -0.026710989526336878 -0.26904070523110363 2.754360733125806 0.88000000000000012 1.2724891980944255 0.053262718002088934 -0.17854812201170706 1.1378778698675223 0.025130917607431389 1.9717690769017031 0.98274000148953611 0.1276193973023744 -0.20954908619827875 0.25499999999999995 1.0000000180025095e-35 0.071046771437739201 0.14621547275956934 0.011955540535556365 0.074852054989486452 0.31987233927216224 0.0099049855048251572 -0.0021312514056094573 0.043131505417939205 0.16000000000000006 -0.0018223430508198522 -0.15848181172572087
decision_type=8 2 2 10 10 8 10 2 10 10 10 10 10 10 10 10 8 2 2 10 10 10 10 10 10 10 10 2 10 8
left_child=2 3 10 14 5 23 -7 9 -9 -6 28 -3 26 29 15 16 -2 25 19 20 -14 27 -21 -5 -19 -13 -4 -20 -1 -12
right_child=1 11 12 4 7 6 -8 8 -10 -11 13 17 18 -15 -16 -17 -18 24 21 22 -22 -23 -24 -25 -26 -27 -28 -29 -30 -31
leaf_value=-0.0017614367514302634 0.0012500626301952971 -0.00091720666813319314 0.0031111252350238491 -0.00046815140458217677 0.00025869751041861819 -0.0032917680337768949 -0.012214997011092811 -0.0013917636570600455 -0.0046861604601102433 -0.0036172490368432328 0.0052632524642792795 0.0073371410612274833 0.0024600147749312988 0.0061021710310986922 0.0022651308353475136 -0.0015070517357105373 -0.00050231457522164832 0.0038045455495051284 -0.002712148375989331 -0.0052642044467483872 0.00059697177912840964 0.00042460837629132507 -0.00057665651891446136 0.0082932047683420603 -0.0017164181921609388 0.0016610087221591381 0.00045015665698620129 -0.00031936967858045817 -0.0078553197844715272 -0.0016999527330703902
leaf_weight=198 2344 811 1720 223 6527 2133 207 5664 1112 723 93 461 2180 143 968 6748 49930 384 897 334 30651 17722 1885 118 387 270 1246 15853 311 2098
leaf_count=198 2344 811 1720 223 6527 2133 207 5664 1112 723 93 461 2180 143 968 6748 49930 384 897 334 30651 17722 1885 118 387 270 1246 15853 311 2098
internal_value=-0.000176253 -0.000619678 0.000288731 -0.000689259 -0.00136097 -0.00324076 -0.00409019 -0.00100088 -0.00193424 -0.000127328 -0.0017566 0.00168349 0.000369081 -0.000932601 -0.000502041 -0.000547597 -0.000423566 0.00309233 0.000299512 0.000593547 0.000720993 3.19574e-07 -0.00128806 0.00256017 0.00102525 0.00525702 0.00199643 -0.000448141 -0.00550923 -0.00139825
internal_weight=154341 79010 75331 76697 16707 2681 2340 14026 6776 7250 2843 2313 72488 2334 59990 59022 52274 1502 69522 35050 32831 34472 2219 341 771 731 2966 16750 509 2191
internal_count=154341 79010 75331 76697 16707 2681 2340 14026 6776 7250 2843 2313 72488 2334 59990 59022 52274 1502 69522 35050 32831 34472 2219 341 771 731 2966 16750 509 2191
is_linear=0
shrinkage=0.025


Tree=12
num_leaves=31
num_cat=0
split_feature=69 30 52 35 29 31 54 61 68 52 47 9 53 54 8 3 30 47 39 39 9 24 44 61 44 68 2 47 3 39
split_gain=55.3125 21.3078 14.9644 11.0508 13.0767 11.0266 13.2213 18.6542 11.5003 19.0461 10.2104 9.91631 9.73393 9.3532 17.5993 13.0619 10.1209 9.23116 9.01335 13.4536 9.06426 8.90533 8.82493 8.36732 8.36635 8.04907 7.76655 7.30691 7.01909 6.93919
threshold=-0.39517849597967869 0.10545961878069733 0.13500000000000004 -0.29597965989792574 -0.13754901933271238 -0.25745112520956182 119.40715000000002 -0.62319758415763882 0.69849768112337729 2.7200000000000002 2.3558249529694728 0.56483964248665786 18.915000000000003 113.17510000000001 0.17924868969867827 -0.14757268232980883 0.12206907601591833 3.1029527699930894 0.011359555663341682 -0.0028469879715320441 0.19685204327001385 1.0532061379269335 -0.70611138710310128 0.13275554674111575 -0.27917291806618016 0.053069890376532786 0.0020867388090113352 -0.17854812201170706 0.013213882666928691 0.0083654858716447639
decision_type=10 10 2 8 10 8 2 10 10 2 10 10 2 2 8 10 8 10 10 10 10 10 10 8 10 10 8 8 10 10
left_child=2 5 11 24 -5 17 8 -8 10 -10 -7 27 18 29 15 -15 -16 -2 19 -4 -21 28 -9 25 -3 -20 -25 -1 -6 -14
right_child=1 3 12 4 21 6 7 22 9 -11 -12 -13 13 14 16 -17 -18 -19 23 20 -22 -23 -24 26 -26 -27 -28 -29 -30 -31
leaf_value=-0.0050814726748310028 0.0017344985401483246 0.0092811585685628802 0.00072019545270430013 -0.0050659312273726659 0.00074525578317422014 -8.3769746917565046e-05 -0.0084500588775189046 -0.0086268730674810418 -0.00082769892149557275 0.0023234654608954111 -0.008237540314512291 0.0058776148279753478 0.0015995859249541781 0.0044866797158646136 0.0053878261109155563 1.6323297104524406e-05 0.00029051001229353973 -0.0057353492240058241 0.0017219408790098312 -0.00038157530006706748 -0.0025070272824519895 -0.0027105482856192476 -0.00037419589003491319 0.0025199645593621226 0.00062840164446866008 6.9962509122359741e-05 0.00083921777458002269 -0.0012267357971800362 -0.0011881614924796468 0.0040544225430418912
leaf_weight=384 2172 98 6601 579 1279 48219 294 89 31453 1244 95 104 3036 433 726 6965 371 107 2172 6173 1577 2253 820 2386 244 12224 6230 1578 13565 953
leaf_count=384 2172 98 6601 579 1279 48219 294 89 31453 1244 95 104 3036 433 726 6965 371 107 2172 6173 1577 2253 820 2386 244 12224 6230 1578 13565 953
internal_value=-0.00016636 -0.000503098 0.000498437 -0.00128373 -0.00137022 -0.000336524 -0.000384152 -0.00298529 -0.00034539 -0.000707499 -0.000100162 -0.00158491 0.000584971 0.00118961 0.000719202 0.000279669 0.00367297 0.00137766 0.000382713 -0.00010853 -0.000815359 -0.00124428 -0.00120076 0.000689384 0.00315348 0.000319849 0.00130582 -0.00198764 -0.00102102 0.00218899
internal_weight=154424 102511 51913 18018 17676 84493 82214 1203 81011 32697 48314 2066 49847 12484 8495 7398 1097 2279 37363 14351 7750 17097 909 23012 342 14396 8616 1962 14844 3989
internal_count=154424 102511 51913 18018 17676 84493 82214 1203 81011 32697 48314 2066 49847 12484 8495 7398 1097 2279 37363 14351 7750 17097 909 23012 342 14396 8616 1962 14844 3989
is_linear=0
shrinkage=0.025


Tree=13
num_leaves=31
num_cat=0
split_feature=46 52 52 52 48 68 55 55 52 4 9 58 50 33 29 46 52 19 48 11 12 18 12 72 21 34 47 50 43 20
split_gain=55.5822 19.5152 18.8387 17.6823 24.1825 17.6469 16.445 14.8528 14.4931 33.6665 23.3957 14.9003 14.0817 13.881 13.1422 11.3583 16.0633 11.2977 10.8388 9.75284 9.62878 9.43576 10.7169 9.2618 9.06849 8.67626 8.55237 7.39005 7.72849 7.09164
threshold=0.99579731534586224 2.7200000000000002 0.13500000000000004 0.13500000000000004 -0.16745628584611322 0.30801254559474617 1.0350000000000004 0.24500000000000013 0.19500000000000003 -0.25000552441017354 -0.2679573375709432 0.096537881925778404 1.5211814419799792 -0.070213858462650033 -0.046237877053198866 1.1928305460714514 1.6150000000000004 -0.01785179803492087 -1.4544196005209884 0.010809246973170032 0.025324225384607452 -0.14689428315147177 0.036646452020917542 0.44375639059304711 46.636519387414275 -0.097470077671238706 -0.22220448059127071 -0.65166995559695118 1.9294379571442557 0.25288897348201061
decision_type=8 2 2 2 10 10 2 2 2 10 8 8 10 10 10 8 2 10 8 10 10 10 10 8 10 10 10 10 10 2
left_child=2 3 12 4 24 13 14 23 9 11 -11 -5 25 20 -6 18 -17 -14 -10 -7 -4 -15 -23 29 -2 -1 -27 -21 -29 -3
right_child=1 7 5 8 6 19 -8 -9 15 10 -12 -13 17 21 -16 16 -18 -19 -20 27 -22 22 -24 -25 -26 26 -28 28 -30 -31
leaf_value=0.0035324941938208033 0.0014658191403293091 0.0047527103034901343 0.0019375205384321447 0.012016949378765931 0.0038321887998413831 0.00051554828533140141 0.0066756030838983323 0.00017952724576666826 0.0029621449812515647 -0.0069861699470189394 -0.0017851054539912198 0.00040285970123611289 -0.00481330811524972 0.0038803191189850346 -0.00062363805562877387 -0.00065726882458093838 -0.0018942382401514924 0.0053479546454458177 -0.00031386861736814768 0.00022373099108080439 0.0079424350696466993 0.00067048168642206275 -0.0020204676070378095 0.00018324434373095022 -0.0059227818329948426 -0.0058624671040871205 -0.0019347855409778431 -0.00062453039813632739 -0.0046720976920350482 0.011758327392827714
leaf_weight=152 146 393 466 147 727 12614 453 1328 649 597 5772 132 88 559 952 29711 8436 286 21260 8491 264 42731 943 211 343 416 2153 13391 301 121
leaf_count=152 146 393 466 147 727 12614 453 1328 649 597 5772 132 88 559 952 29711 8436 286 21260 8491 264 42731 943 211 343 416 2153 13391 301 121
internal_value=-0.000131485 -0.000642838 0.000308948 -0.000714062 0.00129866 0.00038329 0.00245088 0.00175757 -0.000793282 -0.00190141 -0.00227503 0.00657414 -0.00160389 0.000710426 0.00130261 -0.000670456 -0.000931065 0.00292933 -0.000216326 -3.92127e-05 0.00412889 0.000653729 0.000612154 0.00463271 -0.00370329 -0.00223075 -0.00257616 -0.000355017 -0.00071446 0.00644
internal_weight=154233 71378 82855 69325 2621 79760 2132 2053 66704 6648 6369 279 3095 44963 1679 60056 38147 374 21909 34797 730 44233 43674 725 489 2721 2569 22183 13692 514
internal_count=154233 71378 82855 69325 2621 79760 2132 2053 66704 6648 6369 279 3095 44963 1679 60056 38147 374 21909 34797 730 44233 43674 725 489 2721 2569 22183 13692 514
is_linear=0
shrinkage=0.025


Tree=14
num_leaves=31
num_cat=0
split_feature=46 3 52 13 12 51 40 52 64 47 53 54 51 54 35 35 19 13 61 52 16 46 61 25 64 19 36 19 59 47
split_gain=55.6293 16.0944 15.9133 15.128 12.5991 14.0763 14.9608 12.5568 21.2903 12.2598 12.0367 15.4456 13.5064 11.7301 10.9417 10.6857 10.9354 10.65 10.5247 10.6106 15.0421 14.8985 10.4174 9.44563 9.31652 8.90369 8.48309 8.26381 8.00169 7.40502
threshold=0.79184009904185548 0.064765161525526596 0.13500000000000004 0.0055628897138654135 0.019798182724293744 1.425 0.0061033538753718043 0.13500000000000004 0.62685002659657696 0.50412679166242647 16.775000000000002 116.38495000000002 1.7850000000000004 118.87420000000002 -0.025787251884013537 -0.24907056864409285 -0.024353327564166912 0.020650673001638278 1.7141006135769687 2.7200000000000002 1.4202158302983412 1.1928305460714514 -0.43180088043698656 1.4735260523980629 0.22637627144964675 0.15364734719710851 -0.056662688344531358 0.24815165069988046 0.63423561874329459 0.60108746380213174
decision_type=8 10 2 10 8 2 10 2 10 10 2 2 2 2 10 8 8 10 10 2 8 10 10 10 10 8 10 10 10 10
left_child=2 7 24 9 5 6 22 8 28 -3 12 -12 -7 -8 -6 -5 23 -18 19 21 -21 -9 -4 -17 -1 -10 -20 -26 -2 -29
right_child=1 3 4 15 14 10 13 18 25 -11 11 -13 -14 -15 -16 16 17 -19 26 20 -22 -23 -24 -25 27 -27 -28 29 -30 -31
leaf_value=-0.0034536057420739962 -0.0011580876105029927 0.00080676109725478151 0.0012172504037086906 0.0038424972492314062 0.0030250791670574143 -0.00082927385647482688 -0.00058228253742136223 -0.00019097403798988707 0.0019448989496590849 -0.0012063943162936037 0.0016234537560861338 -0.0014767162467808712 0.00059176501617809148 0.0054598168850625087 0.00072420925337292482 -0.0024772168742683062 -0.0014211941771119238 0.0024441054184353248 0.0053522481346892749 0 0.0042526389410202222 -0.00093581289954084096 -0.0056986565697504377 -0.0070047601015970004 -0.0010537124533172772 0.006416995212540591 0.00073002598445940693 0.00034631032445602011 0.0068341176257420621 0.010378048927500258
leaf_weight=945 1285 3999 175 228 2377 5016 3193 43979 630 3582 10088 1112 24968 213 2854 2330 12170 460 285 1955 707 27176 581 331 937 509 1926 110 82 80
leaf_count=945 1285 3999 175 228 2377 5016 3193 43979 630 3582 10088 1112 24968 213 2854 2330 12170 460 285 1955 707 27176 581 331 937 509 1926 110 82 80
internal_value=-0.000138098 -0.000479806 0.000521391 -0.00105999 0.000609483 0.000475212 -0.000909448 -0.00030904 0.00143113 -0.0001435 0.000615348 0.00131486 0.000353767 -0.000200439 0.00177163 -0.00150717 -0.00158772 -0.0012796 -0.000366519 -0.00041751 0.00113096 -0.000475564 -0.00408846 -0.00304612 -0.00162439 0.00395463 0.00133181 -8.18877e-05 -0.000667617 0.00464805
internal_weight=154283 101634 52649 23100 50577 45346 4162 78534 2506 7581 41184 11200 29984 3406 5231 15519 15291 12630 76028 73817 2662 71155 756 2661 2072 1139 2211 1127 1367 190
internal_count=154283 101634 52649 23100 50577 45346 4162 78534 2506 7581 41184 11200 29984 3406 5231 15519 15291 12630 76028 73817 2662 71155 756 2661 2072 1139 2211 1127 1367 190
is_linear=0
shrinkage=0.025


Tree=15
num_leaves=31
num_cat=0
split_feature=46 34 40 51 40 53 41 54 39 50 60 55 55 51 55 60 46 77 42 20 48 44 50 53 55 51 54 16 60 55
split_gain=50.5069 18.3846 15.303 16.4024 15.0189 13.3576 13.1418 17.3105 12.9374 11.6931 14.1062 13.6399 19.8004 14.7268 12.0885 22.0876 12.5959 11.4696 11.2184 10.4841 11.5212 9.87153 8.68373 8.57765 14.5143 11.2513 9.69833 9.28038 9.45391 8.77064
threshold=0.83409535555438541 0.06782451615044828 0.045801080308854943 1.425 0.0061033538753718043 23.135000000000002 -0.08626380519915848 117.03745000000002 -0.059542092849698351 0.27577194883361011 0.76550929407497204 0.22500000000000001 0.32500000000000001 2.8450000000000002 0.015000000000000015 0.51622943335264904 1.1875356623626303 -0.56216271702323739 -0.021925718590754841 0.15222729761239664 -1.7815564614267674 -0.7190884534383315 1.226889834098807 18.660000000000004 1.2350000000000005 1.6150000000000004 112.16755000000002 1.3531424951895297 0.93659018491376889 0.15999999999999984
decision_type=8 10 10 2 10 2 10 2 10 8 10 2 2 2 2 8 10 8 8 2 10 10 10 2 2 2 2 8 10 2
left_child=2 9 3 4 22 8 -6 -8 -5 10 14 -11 13 -13 15 -2 -16 -7 -14 20 -12 -10 -1 25 -25 -3 -26 29 -29 -27
right_child=1 23 -4 5 6 17 7 -9 21 11 19 12 18 -15 16 -17 -18 -19 -20 -21 -22 -23 -24 24 26 27 -28 28 -30 -31
leaf_value=-0.0036545072952754599 0.00781019383020935 0.0014381363348220108 0.0059223345422614575 -0.00664881626851081 -0.0032915728430712183 -0.00028162126699693576 -0.00049087258004831011 0.0025978826232784559 0.0021902411245508565 0.0013814886230247958 0.0046571214267413091 -0.0052326035618061803 -0.0052973706915883179 0.0010233711269641973 -6.1531956307939146e-05 -0.0062893712258090305 -0.0008964252755990894 0.0032307890732936407 -0.00073022137669664271 -0.00080202340821479152 0.00077841342395540674 0.00040910122052979385 0.0036788538096629549 -0.0015782841154787916 -0.00237486115785267 -0.0061261366321420921 -0.0077352793535110653 -0.0027828886849394132 0.00028997026089634198 -8.5204074655144919e-05
leaf_weight=1226 268 1112 313 158 755 808 5156 1452 2035 1619 507 1089 341 297 26911 92 19487 2032 21165 2602 8555 44529 108 3882 412 156 446 2942 789 3454
leaf_count=1226 268 1112 313 158 755 808 5156 1452 2035 1619 507 1089 341 297 26911 92 19487 2032 21165 2602 8555 44529 108 3882 412 156 446 2942 789 3454
internal_value=-0.000160475 -0.00051312 0.000418142 0.000388321 -0.000612593 0.00056412 -0.000169112 0.000187045 0.000462696 -0.000375087 -0.000182636 -0.000833458 -0.000990499 -0.00388691 -0.000376757 0.00417728 -0.00041236 0.00222915 -0.000803279 0.000594862 0.000996834 0.000487158 -0.00305241 -0.00138013 -0.00223241 -0.000901085 -0.00517692 -0.00125662 -0.00213117 -0.000350279
internal_weight=154698 96126 58572 58259 8697 49562 7363 6608 46722 82933 58422 24511 22892 1386 46758 360 46398 2840 21506 11664 9062 46564 1334 13193 4740 8453 858 7341 3731 3610
internal_count=154698 96126 58572 58259 8697 49562 7363 6608 46722 82933 58422 24511 22892 1386 46758 360 46398 2840 21506 11664 9062 46564 1334 13193 4740 8453 858 7341 3731 3610
is_linear=0
shrinkage=0.025


Tree=16
num_leaves=31
num_cat=0
split_feature=46 30 4 51 40 55 60 46 52 9 51 4 35 23 9 30 16 18 40 35 47 9 28 40 51 16 35 40 44 50
split_gain=49.3438 16.1735 17.6569 15.615 12.7745 12.7347 12.5688 12.0912 18.5653 12.0458 10.9313 10.4551 10.7052 10.3396 9.18051 8.8141 8.33102 8.20975 8.17331 8.01594 9.47897 9.32469 7.92503 7.89593 7.62339 9.16101 7.34433 7.33786 6.95647 6.82962
threshold=0.83409535555438541 0.10545961878069733 -0.17060909137260813 1.7850000000000004 0.045801080308854943 1.2250000000000003 0.97486908239256875 1.1928305460714514 0.13500000000000004 0.14001528687206502 1.5750000000000004 0.39506112745364347 -0.020664236109317165 1.5444395220350271 -0.30180265298752351 0.048562016906837265 2.4008649182581672 0.12322560425380148 0.018188372896679614 -0.26904070523110363 1.6803920327015769 -0.042832451167537193 0.61313706017419223 0.0036153816991523684 2.5250000000000004 -0.30888115310554537 0.033372951707450478 0.0036638457699820492 0.25846478626272812 -0.77436083861988814
decision_type=8 10 8 2 10 2 10 10 2 8 2 10 8 10 10 10 10 8 10 8 8 10 10 10 2 10 10 10 10 8
left_child=3 2 14 4 5 11 7 29 -9 23 17 12 -1 19 18 -11 -8 -7 -2 20 22 27 -3 -5 25 -25 -23 -21 -22 -4
right_child=1 13 6 9 -6 10 16 8 -10 15 -12 -13 -14 -15 -16 -17 -18 -19 -20 21 28 26 -24 24 -26 -27 -28 -29 -30 -31
leaf_value=8.1803116603218945e-05 0.0043643644703140983 -0.0067488795599421935 0.00017462372179611799 -0.00091906865586343354 0.0048168305807276025 0.0027850115526219217 0.0024989472503330703 0.0025457820022522382 -0.0010186287144400429 0.0019715442470600651 -6.5750770648664958e-05 0.0043735773058950584 -0.0012411643660309374 -0.0029952263204454485 0.00050444612163339615 0.00061950348234571305 -0.0047773228610976269 -0.0043183592503588273 -0.00069866461548947047 -0.0087058677327584068 0.010760743276992807 0.00033285161107170387 0.0035426224229811892 0.0067080806135077428 -6.2536013522968131e-05 0.00081515086110024346 -0.0011063465881013081 -0.0019023047367851802 0.0018490537432895142 -0.00047568090558565966
leaf_weight=6826 846 95 15747 2580 317 1781 1249 942 27843 6544 2879 261 8658 1820 2974 5626 105 106 257 101 100 3073 89 166 8364 14434 7877 4351 126 28044
leaf_count=6826 846 95 15747 2580 317 1781 1249 942 27843 6544 2879 261 8658 1820 2974 5626 105 106 257 101 100 3073 89 166 8364 14434 7877 4351 126 28044
internal_value=-0.000175278 -0.00052522 -0.000370506 0.000396286 -0.000152833 -0.000230283 -0.000458912 -0.00050353 -0.00090162 0.000699738 0.000901188 -0.000573297 -0.000657499 -0.0012092 0.00123043 0.00134726 0.00192542 0.00237953 0.0031784 -0.00100294 0.00243674 -0.00109518 -0.00173973 0.000390897 0.000538438 0.000883212 -0.000701774 -0.00206064 0.0058613 -0.000241665
internal_weight=154181 95639 78007 58542 20828 20511 73930 72576 28785 37714 4766 15745 15484 17632 4077 12170 1354 1887 1103 15812 410 15402 184 25544 22964 14600 10950 4452 226 43791
internal_count=154181 95639 78007 58542 20828 20511 73930 72576 28785 37714 4766 15745 15484 17632 4077 12170 1354 1887 1103 15812 410 15402 184 25544 22964 14600 10950 4452 226 43791
is_linear=0
shrinkage=0.025


Tree=17
num_leaves=31
num_cat=0
split_feature=15 52 51 45 54 48 49 49 48 51 52 51 29 54 54 61 44 35 1 14 35 52 15 62 48 76 64 64 32 62
split_gain=28.3341 16.8736 16.4241 16.8461 16.4724 26.8202 20.2211 17.5615 14.283 15.795 13.9899 12.8445 12.3325 11.4705 36.4672 15.9493 14.4501 10.8705 10.3252 10.5344 10.1273 20.4978 13.6882 9.86854 9.3094 7.86528 7.532 7.20833 6.8941 6.714
threshold=1.2120230771759659 0.13500000000000004 1.2350000000000001 -0.045146608500448708 116.08025000000002 -1.6756123091662158 1.6300723576463156 1.0575312169589175 0.29087560417065766 0.64500000000000013 0.15500000000000003 0.93500000000000016 -0.20803030417650317 120.39400000000002 119.08110000000001 -0.073925326516444012 -0.58168385514865362 -0.18742325975106164 -0.049682804617674263 0.01130829552985921 -0.24907056864409285 0.18500000000000003 2.0081464451097717 0.10636122351303139 -0.089979169860145689 0.041096651466261326 0.87066310274021108 0.42507627463857883 0.28733562589216083 0.43717141964564649
decision_type=8 2 2 8 2 8 10 10 10 2 2 2 10 2 2 10 8 10 10 10 10 2 10 10 10 10 10 8 10 10
left_child=10 8 3 -3 6 -6 24 -7 9 -2 18 17 -12 14 23 -16 28 -10 -1 29 21 -5 -22 -14 -4 -18 -8 -11 -15 -20
right_child=1 2 4 20 5 7 26 -9 11 27 12 -13 13 16 15 -17 25 -19 19 -21 22 -23 -24 -25 -26 -27 -28 -29 -30 -31
leaf_value=0.0027834446321918466 0.0065772792843143014 -0.008857981808415176 -0.0002918187123578267 0.0078209728535354583 0.0099268157778407695 -0.00050090467728667329 -0.0084989781176065798 0.0024477695032269382 0.0088197358197916326 -0.0058560516892037801 0.0031747913471485605 0.0062658338814306326 0.0007660592552793514 -0.00091295125809967613 -0.00047058221935403319 0.0062604457467734216 0.006549770251801864 -0.00044934851415610801 -0.0010341683784683879 -0.0026811885873245806 -0.0014019211232769448 -0.0022627316475773954 -0.0048555138939237871 3.7851612623544525e-05 -0.0010309038237112966 -0.0011268450182468947 -0.0019454109199427809 -0.00049777156468837607 -0.0083132820836870815 0.0011360136392899441
leaf_weight=441 148 213 22654 202 189 4179 277 1806 92 242 864 545 13867 115 290 883 88 514 3920 2012 3755 329 890 72275 20168 1251 188 453 268 1149
leaf_count=441 148 213 22654 202 189 4179 277 1806 92 242 864 545 13867 115 290 883 88 514 3920 2012 3755 329 890 72275 20168 1251 188 453 268 1149
internal_value=-0.000141534 -0.000585105 -0.000667339 -0.0019783 -0.000524307 0.000683024 -0.000696696 0.00038793 0.00167224 -0.000792406 0.000117205 0.00348281 0.000203934 0.000174978 0.000214915 0.00459117 -0.00184443 0.000960137 -0.000918222 -0.00115025 -0.00169176 0.00156815 -0.00206634 0.000155173 -0.000640102 -0.000611324 -0.00587728 -0.00238118 -0.00612056 -0.000540617
internal_weight=154267 56844 54850 5389 49461 6174 43287 5985 1994 843 97423 1151 89901 89037 87315 1173 1722 606 7522 7081 5176 531 4645 86142 42822 1339 465 695 383 5069
internal_count=154267 56844 54850 5389 49461 6174 43287 5985 1994 843 97423 1151 89901 89037 87315 1173 1722 606 7522 7081 5176 531 4645 86142 42822 1339 465 695 383 5069
is_linear=0
shrinkage=0.025


Tree=18
num_leaves=31
num_cat=0
split_feature=46 16 52 52 53 51 59 52 44 39 12 51 54 54 53 54 40 2 61 51 8 48 41 32 5 2 14 53 49 54
split_gain=48.1183 15.6002 23.9358 21.2819 20.4825 30.05 20.0732 14.9515 11.1089 11.7891 11.1038 12.4493 14.5931 16.483 13.0741 11.0163 10.2542 9.47178 10.2541 14.7849 12.9902 9.34124 9.13425 7.43079 7.15756 8.10897 6.87126 6.85796 6.42725 6.05683
threshold=0.83409535555438541 1.2892927923298516 2.7200000000000002 0.13500000000000004 18.915000000000003 1.8050000000000004 -1.0190389790906049 0.13500000000000004 -0.52803967262616791 0.053765172951862568 0.021166156251801117 1.425 112.78265 117.10270000000001 16.580000000000002 116.38495000000002 0.0076739402773441994 -0.21332969217734823 -0.24936112690690584 2.1650000000000005 0.32850349713364285 0.60499608026534846 -0.10359358316155236 0.12298310087835086 -0.036522571882012127 -0.013134048627420567 0.009565548584402379 22.685000000000002 -0.6820344721547632 112.77090000000001
decision_type=8 8 2 2 2 2 10 2 10 8 8 2 2 2 2 2 10 10 8 2 10 10 10 8 8 10 10 2 10 2
left_child=7 17 3 8 5 -5 -6 21 9 -3 11 12 -9 -14 16 -16 -13 -2 29 20 -20 -1 -21 26 -4 -26 -12 -23 -10 -19
right_child=1 2 24 4 6 -7 -8 10 28 -11 23 14 13 -15 15 -17 -18 18 19 22 -22 27 -24 -25 25 -27 -28 -29 -30 -31
leaf_value=-0.0021770552400864457 0.0045488516180311848 -0.0056479993753068558 0.0056281006481017568 0.00055773986119026897 0.00022694197373405433 -0.0012393083203046113 -0.002993052212633181 0.0021218933764390897 -0.002982341849436874 0.0052928032148143699 0.00097894354086447768 0.00044725999128468903 -0.0022547252296544048 0.0017588185949573788 0.0014014205419080735 -0.0009255604101437849 -0.00074161663567114838 -0.0011061130618611008 -0.00062375499197789991 -0.0035158157241441282 0.0025221231175524255 0.0085473959651399707 0.00066328756603377978 0.0009602799498900751 -0.0015499830000641314 0.0034974908666210434 0.0043285498191387699 0 0.0037795351856185532 -0.00024857715272447861
leaf_weight=1965 259 200 356 7726 1545 23453 5507 869 94 87 637 26938 3186 797 12476 1411 5447 10141 16625 332 861 86 16005 3404 342 468 987 181 1019 10512
leaf_count=1965 259 200 356 7726 1545 23453 5507 869 94 87 637 26938 3186 797 12476 1411 5447 10141 16625 332 861 86 16005 3404 342 468 987 181 1019 10512
internal_value=-0.000138658 -0.000484254 -0.000854347 -0.000958381 -0.00106939 -0.000793764 -0.00228661 0.000426701 0.00206602 -0.0022972 0.000506576 0.00039611 -0.0008079 -0.00144944 0.00052254 0.00116439 0.000247045 -0.000208254 -0.000231108 3.67087e-05 -0.000468263 -0.0015786 0.000577649 0.00162793 0.00267257 0.00135795 0.003021 0.00278782 0.00319912 -0.000670046
internal_weight=153916 95532 40797 39631 38231 31179 7052 58384 1400 287 56152 51124 4852 3983 46272 13887 32385 54735 54476 33823 17486 2232 16337 5028 1166 810 1624 267 1113 20653
internal_count=153916 95532 40797 39631 38231 31179 7052 58384 1400 287 56152 51124 4852 3983 46272 13887 32385 54735 54476 33823 17486 2232 16337 5028 1166 810 1624 267 1113 20653
is_linear=0
shrinkage=0.025


Tree=19
num_leaves=31
num_cat=0
split_feature=68 16 52 52 53 51 35 52 54 11 53 39 51 8 19 11 50 34 0 48 51 55 54 32 8 50 49 55 54 51
split_gain=44.9085 19.0526 22.1275 21.7452 20.8193 34.4588 24.5337 16.9 15.1183 13.7877 12.4973 11.798 11.0606 10.1563 9.97475 9.38193 8.7341 8.36552 8.18636 8.24164 7.93647 10.8022 10.3534 7.73334 10.4964 8.41593 7.59338 9.84101 6.73746 7.04353
threshold=0.31197464152009613 1.2437127351839063 0.13500000000000004 2.7200000000000002 18.915000000000003 1.7850000000000004 -0.26904070523110363 0.13500000000000004 116.18090000000002 0.0094187283876129499 16.580000000000002 0.011359555663341682 0.62500000000000011 0.39506112745364347 -0.24553936183268274 0.02227317623383723 -0.72431148261911371 0.1376068378058963 -0.0041713253925553242 0.025678020163454381 1.675 1.1150000000000004 110.42500000000001 0.26407605781009252 0.10762337647494026 -0.65166995559695118 0.073176416106903258 0.03000000000000003 118.19035000000001 2.2150000000000003
decision_type=8 10 2 2 2 2 10 2 2 8 2 10 2 10 10 8 10 10 10 10 2 2 2 10 10 8 10 2 2 2
left_child=7 9 12 4 5 -4 -6 18 16 28 11 15 -3 23 -12 -9 -5 -14 -1 -20 21 -13 -22 25 -25 -11 27 -16 29 -2
right_child=1 2 3 8 6 -7 -8 10 -10 13 14 20 17 -15 26 -17 -18 -19 19 -21 22 -23 -24 24 -26 -27 -28 -29 -30 -31
leaf_value=0.00038956101295536304 -0.00018735239285162732 -0.002030346570477621 0.00060732263973995631 -0.00083073301232805704 0.0027399948797111572 -0.0012928435997988789 -0.0026068303345881602 -0.00033250699222404695 0.0067408629252375778 0.00010828594716476179 0.0040609355469186795 -0.0023994335746631689 0.0036267973957509235 0.0031491180269624672 -0.005068103090364459 -0.0047953582433025513 0.0046038567642517521 -0.0044558206608107951 -0.0058372969286167656 -0.001470922229907501 -7.7317630227902531e-05 0.0014867138842401427 0.0012384393273997085 -0.0034139791474774445 -0.00063642724470517611 -0.00055858772051463682 0.00050157096082278983 0.0017018530512417332 -0.0042474786876141616 0.0010712272046256883
leaf_weight=635 4196 331 8151 702 576 22187 7391 8638 339 19740 692 1169 1187 513 135 304 249 84 438 722 5634 720 11043 1173 3122 29444 8959 7425 177 8174
leaf_count=635 4196 331 8151 702 576 22187 7391 8638 339 19740 692 1169 1187 513 135 304 249 84 438 722 5634 720 11043 1173 3122 29444 8959 7425 177 8174
internal_value=-0.000153954 -0.000434277 -0.00085683 -0.000973517 -0.00108118 -0.000782069 -0.00221897 0.000495165 0.00221573 -0.000172533 0.000590782 0.000259827 0.00202111 -0.000346102 0.00111925 -0.000485692 0.000588336 0.00308303 -0.00188157 -0.00313039 0.000619306 -0.000914241 0.000793513 -0.00037984 -0.00139749 -0.000290789 0.000995279 0.00157918 0.000573727 0.000643724
internal_weight=154250 107736 41197 39595 38305 30338 7967 46514 1290 66539 44719 27508 1602 53992 17211 8942 951 1271 1795 1160 18566 1889 16677 53479 4295 49184 16519 7560 12547 12370
internal_count=154250 107736 41197 39595 38305 30338 7967 46514 1290 66539 44719 27508 1602 53992 17211 8942 951 1271 1795 1160 18566 1889 16677 53479 4295 49184 16519 7560 12547 12370
is_linear=0
shrinkage=0.025


Tree=20
num_leaves=31
num_cat=0
split_feature=46 52 55 52 48 51 55 60 48 52 48 9 52 48 41 9 31 51 46 12 52 51 20 54 44 9 0 21 49 44
split_gain=47.8874 18.2585 15.1571 14.2057 19.6201 13.0795 12.5357 30.379 20.7293 12.8764 16.4979 20.8433 14.493 14.0228 15.283 12.0324 11.7517 11.4847 10.5922 12.1389 11.0383 10.456 9.9396 9.03179 8.16966 8.09798 8.23999 8.0717 7.28022 5.96136
threshold=0.99579731534586224 2.7200000000000002 0.24500000000000013 0.13500000000000004 0.025678020163454381 0.64500000000000013 0.03000000000000003 0.37956137678952184 0.35811562138953229 0.13500000000000004 -0.089979169860145689 0.036560712415159687 0.14500000000000005 -0.35003734726849028 -0.0067357388243423624 0.44883151252855108 -0.13651989395836148 1.1350000000000002 0.76555518431119107 0.017633806591441582 2.5950000000000002 1.425 -0.24740341305768329 117.7634 -0.20413222733474309 -0.2679573375709432 0.019565407479471223 72.158944120338518 -1.299460150889159 -0.02339015828384786
decision_type=10 2 2 2 8 2 2 8 10 2 10 10 2 10 10 10 10 2 8 8 2 2 2 2 8 8 10 8 10 10
left_child=3 6 16 4 5 -1 7 -2 -9 13 11 -11 -12 14 -8 29 -3 -15 19 21 27 24 -18 -23 -5 -20 -27 -21 -28 -6
right_child=1 2 -4 18 15 -7 9 8 -10 10 12 -13 -14 17 -16 -17 22 -19 25 20 -22 23 -24 -25 -26 26 28 -29 -30 -31
leaf_value=0.0021819862448215384 0.0086898559863588989 0.0086078881915151173 8.8565758849650398e-05 0.00087889985056254665 -0.0016043670460344558 -0.0051564036854772179 0.0018716098061117214 -0.0096366987187188197 0.0046570202694662536 -0.0011206935952854441 -0.0046679368643422273 0.00027225244894091234 -0.0010785819981534387 0.00078611184791125925 -0.0085235063385173115 0.0058005278678911198 -0.0057809211524815808 0.005138674755392046 0.0031552459771709077 0.0021415965506772 -0.002361272426111945 0.00058905855614701684 0.0037884346949925624 -0.0021332741890414926 -0.0017753433240556686 7.8622112979822689e-05 0.001187059825962401 -0.0002805077236464984 -0.0019219385085922616 0.0014307517090156915
leaf_weight=178 285 279 1324 1058 1165 960 165 139 114 11873 718 15435 34581 1748 186 207 81 485 503 5702 426 35717 378 776 2276 32652 584 1006 2359 616
leaf_count=178 285 279 1324 1058 1165 960 165 139 114 11873 718 15435 34581 1748 186 207 81 485 503 5702 426 35717 378 776 2276 32652 584 1006 2359 616
internal_value=-0.0001221 -0.00061924 0.00169551 0.000268854 -0.00138482 -0.0040009 -0.000692 0.00310174 -0.00317497 -0.00072348 -0.000794931 -0.000333122 -0.00115196 0.00100435 -0.00362589 0.000110455 0.00456346 0.00173708 0.000331201 0.000578719 0.00152872 0.000408322 0.00207276 0.000530896 -0.000930793 8.97933e-06 -3.53754e-05 0.00177725 -0.00130222 -0.000550136
internal_weight=153976 67791 2062 86185 3126 1138 65729 538 253 65191 62607 27308 35299 2584 351 1988 738 2233 83059 46961 7134 39827 459 36493 3334 36098 35595 6708 2943 1781
internal_count=153976 67791 2062 86185 3126 1138 65729 538 253 65191 62607 27308 35299 2584 351 1988 738 2233 83059 46961 7134 39827 459 36493 3334 36098 35595 6708 2943 1781
is_linear=0
shrinkage=0.025


Tree=21
num_leaves=31
num_cat=0
split_feature=46 35 46 52 41 51 47 52 52 9 8 55 44 80 51 51 46 3 9 61 30 40 29 52 47 61 64 77 26 51
split_gain=46.0005 16.9717 21.5248 23.4426 23.5654 27.6279 23.6275 15.9414 15.2159 10.1987 10.1109 9.86144 10.2489 9.45226 12.648 10.8907 12.7227 12.6305 9.9002 9.04526 9.06517 10.5548 10.515 7.94826 7.21768 7.16825 6.87421 7.09279 7.66867 6.09935
threshold=0.79184009904185548 -0.26904070523110363 1.3725944852673744 2.7200000000000002 -0.028549359549449257 1.8050000000000004 2.754360733125806 0.13500000000000004 0.18500000000000003 -0.32459048273431573 -0.30076636353637742 0.25499999999999995 0.20871612777703755 1.0000000180025095e-35 1.7850000000000004 2.5950000000000002 -0.045117270695410654 -0.13121095802794722 0.017216207993438707 1.9664499208695785 0.10545961878069733 0.010382542697547291 -0.20803030417650317 2.8200000000000007 0.71874184972489308 -0.15811518548440859 0.95557904627672086 -0.24808982385292985 0.066024517648199402 1.8050000000000004
decision_type=8 8 10 2 10 2 10 2 2 8 10 2 10 2 2 2 10 10 10 10 10 10 8 2 10 10 10 10 2 2
left_child=7 8 19 4 6 -6 -4 24 9 -2 -9 -5 -13 15 18 16 -12 -17 -15 20 22 -22 -3 -16 -1 -26 -10 -28 -29 -21
right_child=1 2 3 11 5 -7 -8 10 26 -11 13 12 -14 14 23 17 -18 -19 -20 29 21 -23 -24 -25 25 -27 27 28 -30 -31
leaf_value=-0.0023939444562752965 0.011223110351654741 0.0028828863977672608 -0.0026128148348815833 0.0061626928369976214 0.00024972642338687431 -0.0016802811154977245 -0.011108349140658362 0.0036098288815500919 -0.0012075283523907715 0.0021708446758217643 0.0045462977975011531 0.0067262670454485245 -0.0022205877144040299 0.0010255999348712187 0.0005638566711569042 0.0074733372295957756 0.0010120314669983938 -0.00031935676859667586 -0.0012904465906983999 -0.00042151245884267108 -0.00030490957883545067 -0.0018773794057845709 -0.00025288047110348302 -0.0034247738012229906 -0.0020632943839614917 0.004993097083670555 0.0063736854130735142 0.0032588923350653381 -0.0036974859624982108 0.0026115001218710932
leaf_weight=1687 169 674 3504 362 7496 12120 217 662 538 149 660 112 271 1480 18323 132 18245 5346 5172 656 6038 4799 62808 316 175 181 210 274 153 1105
leaf_count=1687 169 674 3504 362 7496 12120 217 662 538 149 660 112 271 1480 18323 132 18245 5346 5172 656 6038 4799 62808 316 175 181 210 274 153 1105
internal_value=-0.000148274 -0.000458427 -0.000497936 -0.00114942 -0.00128907 -0.000942401 -0.00311369 0.000453512 0.00218542 0.00702924 0.000541505 0.00320994 0.000389041 0.000500376 0.000161384 0.000851659 0.0011361 -0.000128617 -0.000773931 -0.000291604 -0.000333656 -0.00100208 -0.000219415 0.000495616 -0.00170985 0.00150809 0.000862284 0.00262115 0.000745434 0.00147788
internal_weight=154034 101655 100162 24082 23337 19616 3721 52379 1493 318 50336 745 383 49674 25291 24383 18905 5478 6652 76080 74319 10837 63482 18639 2043 356 1175 637 427 1761
internal_count=154034 101655 100162 24082 23337 19616 3721 52379 1493 318 50336 745 383 49674 25291 24383 18905 5478 6652 76080 74319 10837 63482 18639 2043 356 1175 637 427 1761
is_linear=0
shrinkage=0.025


Tree=22
num_leaves=31
num_cat=0
split_feature=68 52 16 52 52 35 53 53 3 28 14 31 15 60 20 4 44 52 52 48 17 19 39 15 4 48 48 80 15 37
split_gain=37.0018 15.645 15.2271 26.8888 25.4091 16.1833 22.5572 13.4624 12.5819 11.2671 10.1111 11.7069 12.9691 10.7337 10.4356 10.1317 9.6702 9.13385 9.4559 8.28586 7.91144 7.71495 7.6503 7.40985 7.07637 6.86536 6.82147 6.42163 6.18029 6.10221
threshold=0.32760466661744075 0.13500000000000004 1.4747353449193612 2.7200000000000002 0.13500000000000004 -0.26904070523110363 18.915000000000003 16.555000000000003 0.08266197699120538 0.92910499810688563 0.0072738247015345665 -0.18548293819547204 1.5510768091881659 0.97080288796103009 0.44760549359342056 0.084555346897735154 3.6417810046070698 2.8200000000000007 0.81500000000000006 -1.1813373747260576 0.14176398920074609 -0.20458320450939191 0.071046771437739201 0.14453089356168911 0.17924868969867827 0.025678020163454381 -0.032286229199013132 1.0000000180025095e-35 0.5917709871614375 -1.4032979788821622
decision_type=8 2 10 2 2 10 2 2 10 10 8 8 10 10 2 8 10 2 2 10 10 10 10 10 10 10 8 2 10 10
left_child=1 25 10 4 8 16 -7 17 9 -4 15 12 14 20 -12 19 -6 18 -3 -2 -13 -9 -20 -23 -25 -1 -17 -14 -28 -21
right_child=2 7 3 -5 5 6 -8 21 -10 -11 11 13 27 -15 -16 26 -18 -19 22 29 -22 23 -24 24 -26 -27 28 -29 -30 -31
leaf_value=-0.0036691331157032896 0.0025084614176066936 -0.00036121491735422801 0.006504897221659884 0.0037788839925979711 0.0034841725443775819 -0.001093119724604269 -0.0033660194849204996 0.0032302408353006096 -0.0015377189090445143 -0.0030090067380163081 0.00072129889945415763 -0.00064381540533022376 0.0044817902604075248 0.0014280418636992114 -0.0026178222349439286 0.0013512279704922987 -0.0045879662258967125 -0.0045240302999837619 0.00064058798560115773 -0.0015427301770024741 -0.0044098591091323381 0.0023090567227700481 -0.0037675065197393283 0.00053678282484458269 0.0022480542614058342 -0.00057774060049238973 0.0022367120094275925 -0.00053772116623428297 -0.00022988810632737779 -0.0001635175834734859
leaf_weight=747 673 10887 506 710 628 16093 3292 956 257 90 2938 43653 718 1569 729 5294 107 255 17211 2234 351 2115 248 13581 1703 1142 730 201 4805 19697
leaf_count=747 673 10887 506 710 628 16093 3292 956 257 90 2938 43653 718 1569 729 5294 107 255 17211 2234 351 2115 248 13581 1703 1142 730 201 4805 19697
internal_value=-0.000145195 0.000423412 -0.000409087 -0.000999538 -0.00116187 -0.00134135 -0.00147968 0.000513292 0.0030588 0.00505252 -0.000255828 -0.000480321 0.00072279 -0.00060157 5.47974e-05 8.07559e-05 0.00229329 0.000173851 0.000216568 -0.00022022 -0.000674145 0.00104176 0.000577288 0.000920866 0.000728111 -0.00180574 0.000709647 0.00337652 9.44864e-05 -0.00030443
internal_weight=154120 48845 105275 21683 20973 20120 19385 46956 853 596 83592 50159 4586 45573 3667 33433 735 28601 28346 22604 44004 18355 17459 17399 15284 1889 10829 919 5535 21931
internal_count=154120 48845 105275 21683 20973 20120 19385 46956 853 596 83592 50159 4586 45573 3667 33433 735 28601 28346 22604 44004 18355 17459 17399 15284 1889 10829 919 5535 21931
is_linear=0
shrinkage=0.025


Tree=23
num_leaves=31
num_cat=0
split_feature=69 50 34 61 41 48 42 49 53 4 51 40 53 51 39 27 40 66 51 29 9 55 28 40 43 57 42 39 39 55
split_gain=42.1431 13.6945 12.6168 12.6398 12.6123 30.9766 11.911 10.8558 9.95479 9.15079 11.3247 14.4729 10.57 9.8559 8.98816 8.89074 8.86842 10.4714 10.6366 9.41925 8.37935 7.46772 7.07422 7.22008 7.00444 6.94583 7.34354 6.69559 7.16727 6.90567
threshold=-0.39517849597967869 0.27577194883361011 0.06782451615044828 1.7889566112783 -0.15327845528716069 2.2188872671608388 -0.021925718590754841 -0.96542211194951155 28.605000000000004 0.39506112745364347 1.425 0.0061033538753718043 21.450000000000003 1.6250000000000002 -0.05608314278748882 0.0017739138692025008 0.010037095526989189 0.50891226677252888 1.1950000000000001 -0.034625421187217557 -0.25424008393302394 0.90500000000000014 0.4469868747290307 0.016248102843130916 -0.99553775867453687 -0.14589200832505431 -0.0045799765360809213 0.011650002654805426 0.05681796079759683 1.2550000000000001
decision_type=10 8 10 10 8 10 8 10 2 10 2 10 2 2 10 10 10 10 2 10 8 2 8 10 8 10 10 8 10 2
left_child=7 2 3 4 -2 -6 8 22 -3 10 11 -9 14 -14 -12 27 17 18 -4 -18 -13 -21 -1 24 -24 -5 -27 29 -29 -8
right_child=1 6 16 25 5 -7 15 9 -10 -11 12 20 13 -15 -16 -17 19 -19 -20 21 -22 -23 23 -25 -26 26 -28 28 -30 -31
leaf_value=0.0027524541829420132 -0.0026351540434955941 -0.00076583098994396741 -0.0083531242838602703 0.004344559428145104 -0.00015973587468741979 0.007361470877415734 0.00056917854655379456 -0.003042290414878955 -0.0088764680836755268 0.0042740821047059906 -0.0045460284439632096 0.0052079570204585958 0.0043712985590601758 0.0011076930073013905 0.00038677562920736905 -0.0013297505894006917 0.0003057794266118839 -0.0016472748437533693 0.00058755244667596583 -0.0018228969533954085 -0.00023796207411757458 -0.004787601688696002 0.0058876734909823394 0.0058491661295646561 0.00013780450708583396 -0.0031212943111262044 0.0018910225164339711 -0.0010512473036158214 0.0017837699264505067 -0.0011220350092459423
leaf_weight=1944 1268 175 84 544 59370 343 5515 1224 211 365 231 180 734 2774 34682 12320 690 3030 3368 1328 6854 901 139 164 2454 225 935 9285 590 2075
leaf_count=1944 1268 175 84 544 59370 343 5515 1224 211 365 231 180 734 2774 34682 12320 690 3030 3368 1328 6854 901 139 164 2454 225 935 9285 590 2075
internal_value=-0.000130657 -0.000424883 -0.000237563 -0.000109337 -0.00016881 -0.00011626 -0.000872162 0.000450636 -0.00523251 0.000335944 0.00030488 -0.000534557 0.00048551 0.00179396 0.000353768 -0.000815194 -0.00109164 -0.000574612 0.000364993 -0.0022365 -9.66704e-05 -0.00302658 0.00159641 0.000777707 0.000451503 0.00201325 0.000910126 -0.000451724 -0.000880908 0.000105732
internal_weight=154002 102257 72086 62685 60981 59713 30171 51745 386 47044 46679 8258 38421 3508 34913 29785 9401 6482 3452 2919 7034 2229 4701 2757 2593 1704 1160 17465 9875 7590
internal_count=154002 102257 72086 62685 60981 59713 30171 51745 386 47044 46679 8258 38421 3508 34913 29785 9401 6482 3452 2919 7034 2229 4701 2757 2593 1704 1160 17465 9875 7590
is_linear=0
shrinkage=0.025


Tree=24
num_leaves=31
num_cat=0
split_feature=68 30 52 31 68 52 52 20 35 53 51 55 52 24 61 55 55 49 9 3 9 49 17 4 39 34 53 11 59 50
split_gain=42.6542 18.7404 14.3769 11.7671 11.9889 18.8455 15.5727 11.3606 11.2767 10.5413 11.8336 9.834 9.23373 9.229 9.22437 15.8778 10.0206 8.49858 13.6109 7.87717 7.86834 7.60447 7.57252 11.4198 7.32946 7.31765 7.27359 7.18451 6.87123 6.22402
threshold=0.31969845845808736 0.10545961878069733 0.13500000000000004 -0.25745112520956182 0.69085146289890209 2.7200000000000002 1.6150000000000004 -0.56034438811407827 -0.29597965989792574 16.580000000000002 1.7850000000000004 0.25499999999999995 2.8200000000000007 1.0828878783777895 -0.22429339633337667 0.03000000000000003 0.03000000000000003 0.44907818178939124 0.35929426817380478 -0.075329858478381681 -0.28372556486100187 -2.0921944724206942 0.066442721910092498 0.28999548484523258 0.051227593454310501 -0.078577020245963677 22.535000000000004 0.079528071166834649 1.4376553431387582 0.18405278227653135
decision_type=8 10 2 8 10 2 2 2 8 2 2 2 2 10 8 2 2 10 10 10 10 10 10 10 10 10 2 10 8 10
left_child=2 3 17 27 14 6 -6 -3 19 10 -4 -7 -12 28 16 -16 -5 25 29 -9 -15 -11 23 -23 -21 -1 -27 -2 -10 -19
right_child=1 7 9 4 5 11 -8 8 13 21 12 -13 -14 20 15 -17 -18 18 -20 24 -22 22 -24 -25 -26 26 -28 -29 -30 -31
leaf_value=0.002238041431174397 0.0018071325102836145 -0.0054668208446622055 -0.00080590752989871152 0.0061489953446431525 -0.00046799416014369925 0.0045780438126189421 -0.0017596004556326387 -0.0018611903706977396 -0.0011310434785822682 0.0062848343204890827 0.00058563636282457567 0.00019557688149042681 -0.0043383079995483994 -0.0085266134849257807 -0.0061265747200357351 0.00025829812273142806 -0.00053196347193299593 0.0042565533208711922 0.0096785862945071473 0.011062773212432422 -0.0022160905601808253 0.001037994317299508 -0.0012352047049381865 0.0051804201141324854 0.0013692450242991027 -0.0068748825483466586 -0.0022347975841935379 -0.0052623671927197555 0.00024108096764475655 -0.002049127693946252
leaf_weight=138 2219 367 5001 140 25266 620 7597 101 12793 173 22958 668 239 131 244 32238 18973 119 86 107 2185 15990 875 427 93 330 609 92 2765 516
leaf_count=138 2219 367 5001 140 25266 620 7597 101 12793 173 22958 668 239 131 244 32238 18973 119 86 107 2185 15990 875 427 93 330 609 92 2765 516
internal_value=-0.000114129 -0.000391735 0.000509219 -0.000239511 -0.000287038 -0.000650396 -0.000766859 -0.00111419 -0.00102553 0.000595695 0.000296369 0.00231326 0.00053436 -0.00110675 -4.63746e-05 0.00020988 -0.000482251 -0.00168175 0.000409584 0.00375831 -0.0025805 0.00107849 0.00102553 0.00114656 0.00662761 -0.00308765 -0.00388017 0.00151987 -0.000886705 -0.000849845
internal_weight=154060 106599 47461 88057 85746 34151 32863 18542 18175 45663 28198 1288 23197 17874 51595 32482 19113 1798 721 301 2316 17465 17292 16417 200 1077 939 2311 15558 635
internal_count=154060 106599 47461 88057 85746 34151 32863 18542 18175 45663 28198 1288 23197 17874 51595 32482 19113 1798 721 301 2316 17465 17292 16417 200 1077 939 2311 15558 635
is_linear=0
shrinkage=0.025


Tree=25
num_leaves=31
num_cat=0
split_feature=68 52 35 51 9 68 52 52 53 51 47 44 52 4 35 9 12 52 19 51 9 51 1 53 12 53 51 20 51 26
split_gain=35.3748 20.2183 16.8593 16.2954 17.525 14.3801 13.9626 13.0903 25.2933 24.7931 16.1 13.357 12.878 12.8063 15.7665 11.0845 10.8531 13.5855 10.2298 10.1126 10.425 9.69209 9.47751 8.1731 9.51238 9.2325 8.14966 7.92054 7.82288 8.62373
threshold=0.69085146289890209 2.7200000000000002 -0.26904070523110363 1.7850000000000004 0.096008633500353727 0.080881963450163338 0.18500000000000003 0.13500000000000004 18.970000000000002 1.7850000000000004 2.754360733125806 -0.52803967262616791 0.77500000000000013 0.31403952571346222 -0.021663325961042364 -0.30180265298752351 0.037879804488164193 0.17500000000000002 0.16865410219467206 1.4850000000000001 -0.01287217776855659 2.5950000000000002 0.034404036222899677 22.380000000000006 0.015264710913141513 21.185000000000006 1.7450000000000003 0.09354259123339205 3.0650000000000004 0.027830253844999906
decision_type=8 2 8 2 8 10 2 2 2 2 10 10 2 10 10 8 10 2 8 2 8 2 8 2 10 2 2 2 2 2
left_child=3 2 6 13 5 21 15 11 9 -9 -10 22 -6 14 19 -2 26 -18 -13 -1 -21 -5 -4 25 -25 -7 -16 -14 -3 -30
right_child=1 28 7 4 12 23 -8 8 10 -11 -12 18 27 -15 16 -17 17 -19 -20 20 -22 -23 -24 24 -26 -27 -28 -29 29 -31
leaf_value=-0.00039905566208763092 0.011565685600595583 0.0040459512452412178 -0.00025320279612150439 0.0021743445947373249 7.9115876275724336e-05 -0.00026065137233322646 0.00063945185880855506 0.00060693636100263987 -0.0018737750970960821 -0.0009756607927216464 -0.0071795951208201555 -0.00011692768702478923 0.0015524059380591169 0.0019300506715245682 -0.00053928987776745278 0.0014109834085328089 -0.0065169895479349942 -0.0010967445629840595 0.0041732132936101694 0.0020781368786335691 0.00010240230288191684 -0.0004934028037448736 -0.0093782186716683778 0.0022321459270357915 -0.00040329976319436592 -0.0035454399049232666 -0.0022084489371384445 0.00045426474332724439 0.0031419875806001974 -0.0017706083776481774
leaf_weight=8133 153 701 217 2872 9975 29324 873 7834 9251 29325 372 605 12554 1519 16961 123 464 776 804 2799 4154 1203 106 1783 1637 544 2053 6134 416 478
leaf_count=8133 153 701 217 2872 9975 29324 873 7834 9251 29325 372 605 12554 1519 16961 123 464 776 804 2799 4154 1203 106 1783 1637 544 2053 6134 416 478
internal_value=-0.00016214 -0.000698714 -0.00078782 0.000105116 0.000340246 -1.63003e-05 0.00220195 -0.000858837 -0.000937953 -0.000641801 -0.00208053 0.00127296 0.000805257 -0.000315868 -0.000412678 0.00709298 -0.000868455 -0.00313535 0.00232725 0.000198758 0.000899054 0.00138503 -0.00329455 -0.000188116 0.000968786 -0.00032087 -0.000720037 0.00119241 0.00206956 0.000508112
internal_weight=154143 51258 49663 102885 66026 37363 1149 48514 46782 37159 9623 1732 28663 36859 35340 276 20254 1240 1409 15086 6953 4075 323 33288 3420 29868 19014 18688 1595 894
internal_count=154143 51258 49663 102885 66026 37363 1149 48514 46782 37159 9623 1732 28663 36859 35340 276 20254 1240 1409 15086 6953 4075 323 33288 3420 29868 19014 18688 1595 894
is_linear=0
shrinkage=0.025


Tree=26
num_leaves=31
num_cat=0
split_feature=16 8 40 9 54 54 68 3 55 81 39 19 49 3 40 13 60 36 55 49 64 12 54 53 53 19 54 15 9 40
split_gain=38.4671 15.3383 19.3619 15.5616 20.965 13.6941 13.1305 12.2389 13.4077 12.7644 11.6243 15.5676 10.2018 9.42361 8.64933 8.60262 10.8908 9.47271 7.99337 9.44381 7.93515 9.89665 9.93487 7.8648 11.8776 9.30919 7.75048 7.7487 7.31896 9.41224
threshold=1.2437127351839063 -0.14553378613872561 0.038911496244878017 -0.32459048273431573 118.87420000000002 116.09420000000001 0.31197464152009613 0.067601002449163686 0.16000000000000006 1.0000000180025095e-35 0.070007120904098788 0.016569186309654763 1.3919434679899199 -0.12476405109051246 0.0059147204782871313 0.0056323508880087381 0.96719734942567903 0.064544487055222213 1.3050000000000004 0.57321254341094174 0.40514484229100806 0.036646452020917542 114.48000000000002 16.625000000000004 11.365000000000002 -0.24553936183268274 118.73545000000001 0.79930420716989226 -0.3910626287351241 0.020798456146339465
decision_type=8 8 10 8 2 2 10 10 2 2 10 8 8 10 10 10 8 10 2 10 10 10 2 2 2 10 2 10 8 10
left_child=6 2 5 4 -3 -2 13 8 12 -10 14 -12 -5 -1 -9 18 17 27 19 -8 21 22 -15 24 -22 -25 -20 -17 29 -7
right_child=1 3 -4 7 -6 28 15 10 9 -11 11 -13 -14 20 -16 16 -18 -19 26 -21 23 -23 -24 25 -26 -27 -28 -29 -30 -31
leaf_value=0.0029129996768422674 0.00031187836685042246 0 -0.0041054050018217983 0.0001438951498702442 -0.0096130668389714478 0.011168669092830381 0.00095649289590982872 -0.001007779318796017 -0.00045626809462785944 -0.0019444655687523569 -0.0034464524697421974 0.0039264904234580173 0.0048958802971508075 -8.042442266418348e-05 -0.0025017425772871226 -0.0010048717930706624 0.0014611870715388743 -0.0014955972294076357 -0.00031387968139481956 -0.0011515919312446163 0.0024508804656149866 -0.0028439756237421602 0.00086522825667191539 0.0060146279402140401 5.4208297462886198e-05 0.0014287878970447 -0.0073712548949838343 -8.1440659885715711e-05 0.0025558111498477799 0.0011371326782748318
leaf_weight=952 2381 272 451 711 293 157 11023 4690 25719 4194 272 515 471 20191 5065 7002 2097 4299 5353 1506 1558 661 10572 295 7594 4537 98 30172 869 96
leaf_count=952 2381 272 451 711 293 157 11023 4690 25719 4194 272 515 471 20191 5065 7002 2097 4299 5353 1506 1558 661 10572 295 7594 4537 98 30172 869 96
internal_value=-0.000124427 -0.000728458 0.000759247 -0.00086804 -0.00498748 0.00138889 0.000133868 -0.000811818 -0.000561834 -0.000665244 -0.00154832 0.0013674 0.00204684 0.000451649 -0.00178446 -0.000105369 -0.000295325 -0.00038436 0.000354514 0.000702414 0.000399804 0.000179028 0.000244335 0.000895325 0.000463295 0.00171174 -0.00044373 -0.000255604 0.00366496 0.00741508
internal_weight=154066 46156 3954 42202 565 3503 107910 41637 31095 29913 10542 787 1182 46360 9755 61550 43570 41473 17980 12529 45408 31424 30763 13984 9152 4832 5451 37174 1122 253
internal_count=154066 46156 3954 42202 565 3503 107910 41637 31095 29913 10542 787 1182 46360 9755 61550 43570 41473 17980 12529 45408 31424 30763 13984 9152 4832 5451 37174 1122 253
is_linear=0
shrinkage=0.025


Tree=27
num_leaves=31
num_cat=0
split_feature=46 51 48 55 50 53 46 55 54 68 41 50 9 64 39 54 60 54 48 49 32 3 48 12 55 39 60 17 4 51
split_gain=36.0347 15.4479 30.1517 22.8371 27.2369 18.4541 26.4405 17.7718 16.9587 14.6837 13.3097 12.8373 13.4349 12.5283 12.3521 12.0454 11.9153 13.2161 22.8241 11.1594 10.3938 10.3698 10.14 9.43476 10.8358 10.4713 9.09602 8.78 8.71557 11.8799
threshold=1.2086456801132563 1.7850000000000004 0.22074826619404495 1.2250000000000003 -0.020766972068795516 18.970000000000002 1.9544009958066471 0.52500000000000024 111.64125000000001 0.28387054992228561 -0.022900954329125197 2.8337302024644893 0.14355571327958086 0.96319682362627157 0.0218066956257893 116.13980000000001 0.78504812049544703 116.08025000000002 -1.7815564614267674 -1.5295533642702925 0.17867323029791674 -0.12476405109051246 -1.4544196005209884 0.012743641319339043 1.2650000000000003 -0.033574991267660274 0.97080288796103009 -0.017668495036511852 0.20980790202131264 1.425
decision_type=8 2 10 2 10 2 10 2 2 10 10 10 8 10 10 2 10 2 8 10 10 10 10 8 2 10 10 10 8 2
left_child=9 3 16 5 8 6 15 13 -5 21 -8 12 -7 -4 -13 -2 17 -3 -19 -9 -10 -1 -11 24 25 -24 -25 -18 29 -23
right_child=1 2 7 4 -6 11 10 19 20 22 -12 14 -14 -15 -16 -17 27 18 -20 -21 -22 28 23 26 -26 -27 -28 -29 -30 -31
leaf_value=0.0032433242444610761 -6.1227765426165296e-05 -0.0010640304191802921 -0.0048413866890107543 0.0034837781858921869 -0.0068860794687431977 -0.0011444239631702091 -0.0033553609155555185 -0.0029656588525836408 -4.4289389391065489e-05 0.002316789848034885 0.0059878178346614713 -0.011642203846504148 0.0014443808934745345 0.0039183194444553033 -0.0024211706788709424 0.0026602260551475475 0.0031278900651435654 0.012991166293642067 0.00060906553179284847 -0.00085244829667069453 -0.0053650155269469608 -0.00075151359940236204 0.0034977745829294932 -0.00044063666600631661 -0.00048144450046484023 0.00047771528462358601 0.0018930169350687661 0.00010933155977799646 0.0015569292248799715 0.00048848781085456341
leaf_weight=829 4500 14280 1904 433 628 3856 105 2580 502 1054 880 110 1853 106 523 1310 719 103 887 3995 426 5646 753 40855 8553 15230 1069 3715 3841 33184
leaf_count=829 4500 14280 1904 433 628 3856 105 2580 502 1054 880 110 1853 106 523 1310 719 103 887 3995 426 5646 753 40855 8553 15230 1069 3715 3841 33184
internal_value=-0.000122313 -0.000732994 -0.00107784 -8.75285e-05 -0.00258355 0.000290011 0.00119554 -0.0023145 -0.000588434 0.000116447 0.00498137 -0.000679057 -0.000302722 -0.00437364 -0.00405438 0.000551519 -0.000538537 -0.000870002 0.00191904 -0.00168319 -0.00249862 0.000474671 -0.000114253 -0.000152962 0.000236206 0.000620719 -0.000380901 0.000601214 0.000420617 0.000307977
internal_weight=154429 43415 28289 15126 1989 13137 6795 8585 1361 111014 985 6342 5709 2010 633 5810 19704 15270 990 6575 928 43500 67514 66460 24536 15983 41924 4434 42671 38830
internal_count=154429 43415 28289 15126 1989 13137 6795 8585 1361 111014 985 6342 5709 2010 633 5810 19704 15270 990 6575 928 43500 67514 66460 24536 15983 41924 4434 42671 38830
is_linear=0
shrinkage=0.025


Tree=28
num_leaves=31
num_cat=0
split_feature=46 52 51 48 55 50 9 51 60 31 54 54 15 40 26 48 64 52 19 48 41 55 55 49 64 19 46 51 55 54
split_gain=33.7477 16.869 17.2051 20.4296 19.7205 30.79 17.5415 16.288 19.7525 17.3185 21.4985 29.1738 27.8323 19.0475 16.0481 15.6316 12.7953 11.8346 11.6839 11.4689 10.994 10.6108 10.5189 14.675 12.0694 10.255 9.52151 9.20399 13.0224 8.93124
threshold=1.2086456801132563 2.7200000000000002 1.8050000000000004 -0.083939772652862579 1.2250000000000003 0.25238122674810287 0.066229559916856542 1.7850000000000004 0.51622943335264904 -0.089162851573523924 120.39400000000002 118.87420000000002 1.3007741027532191 0.0081965139016101328 0.058999800020226666 -0.56233174910804273 0.98255177859596055 0.63500000000000012 -0.024353327564166912 -0.82200949013870228 -0.15327845528716069 0.24500000000000013 0.52500000000000024 -1.5295533642702925 0.84722095339021763 0.023061293741639125 1.0000000180025095e-35 1.7950000000000002 0.15499999999999994 111.97975000000001
decision_type=10 2 2 10 2 10 10 2 8 10 2 2 10 10 2 10 8 2 10 10 10 2 2 10 10 10 10 2 2 2
left_child=7 2 4 6 14 25 16 9 19 29 11 13 -13 -11 15 -2 -4 -10 -16 26 -12 -3 24 -24 -5 -6 -9 -19 -29 -1
right_child=1 21 3 22 5 -7 -8 8 17 10 20 12 -14 -15 18 -17 -18 27 -20 -21 -22 -23 23 -25 -26 -27 -28 28 -30 -31
leaf_value=0.0028366563191126932 -0.002727867131897101 0.0052381503313645092 -0.0011199885211202745 -0.0045820466964535374 0.0034613289917168029 -0.0077592557463498323 0.00035628576170229935 0.0086183147558057151 6.5233997679820787e-05 -5.6675025992463128e-05 6.0689131018819811e-05 0.0049936811044398307 -0.0062388470718758044 -0.0013970548031879142 -0.0042459367722047789 0.00065298217789335898 -0.0047087565670532487 0.0054730665255179551 0.001279207895549589 -0.00029627169552857687 -0.006400735244901804 0.00039681122605407016 -0.0030754943832157853 -0.00085851346841556489 -0.00055315867468385186 -0.001748838034966993 0.00091533566126515665 -0.0031354082414033497 0.0010026412836193772 0.0003228873232189496
leaf_weight=982 922 437 5707 1798 298 520 6138 102 13281 14030 224 973 159 12576 834 11433 698 281 332 30993 596 810 2923 5200 633 1111 3989 482 26542 8839
leaf_count=982 922 437 5707 1798 298 520 6138 102 13281 14030 224 973 159 12576 834 11433 698 281 332 30993 596 810 2923 5200 633 1111 3989 482 26542 8839
internal_value=-0.000129079 -0.000755932 -0.000848671 -0.00128069 -0.000202286 -0.00256634 -0.00059774 8.95831e-05 0.000302404 -0.000329827 -0.000641377 -0.000523028 0.00340441 -0.000690556 0.00013463 0.000399837 -0.00151306 0.000677966 -0.00266662 -0.000131848 -0.00462902 0.00210283 -0.00209148 -0.00165754 -0.00353685 -0.000639575 0.0011117 0.000975704 0.000928422 0.000575318
internal_weight=153843 39794 38547 23097 15450 1929 12543 114049 75670 38379 28558 27738 1132 26606 13521 12355 6405 40586 1166 35084 820 1247 10554 8123 2431 1409 4091 27305 27024 9821
internal_count=153843 39794 38547 23097 15450 1929 12543 114049 75670 38379 28558 27738 1132 26606 13521 12355 6405 40586 1166 35084 820 1247 10554 8123 2431 1409 4091 27305 27024 9821
is_linear=0
shrinkage=0.025


end of trees

feature_importances:
dgs2_pit=82
dgs10_pit=59
usd_index_pit=49
yield_10y_2y_spread_pit=49
beta_60d_ff_mktrf=38
beta_60d_ff_hml=35
momentum_120d=33
vixcls_pit=32
spy_return_20d=31
beta_60d_ff_cma=24
excess_return_60d_vs_spy=22
beta_60d_ff_smb=20
beta_60d_ff_rmw=20
spy_vol_20d=19
price_to_sma_200d=18
vol_60d=17
beta_60d_spy=17
cs_rank_momentum_120d=17
cs_z_momentum_120d=16
cs_rank_beta_60d_spy=16
downside_vol_decay_60d=15
spy_drawdown_60d=14
return_20d=13
distance_to_60d_high=13
return_60d=12
cs_rank_vol_60d=10
distance_to_20d_low=9
momentum_60d=8
regime_calm=8
beta_20d_spy=7
price_to_sma_50d=7
macd_hist=7
excess_return_20d_vs_spy=7
cs_z_beta_60d_spy=7
vol_20d=6
upside_vol_20d=6
distance_to_20d_high=6
distance_to_60d_low=6
return_5d=5
return_10d=5
downside_vol_20d=5
close_open_gap=5
relative_strength_down_days_20d=5
return_1d=4
price_to_sma_20d=4
relative_momentum_20d_vs_spy=4
cs_rank_relative_strength_down_days_20d=4
cs_rank_downside_vol_decay_60d=4
regime_drawdown=4
rsi_14=3
intraday_range=3
close_location_in_range=3
gap_down_absorption_20d=3
cs_rank_momentum_60d=3
cs_z_momentum_60d=3
cs_rank_vol_20d=3
cs_z_vol_20d=3
momentum_5d=2
bollinger_z_20d=2
volume_zscore_60d=2
dollar_volume_ratio_20d=2
cs_rank_momentum_20d=2
cs_z_momentum_20d=2
cs_z_downside_vol_decay_60d=2
vol_5d=1
volume_zscore_20d=1
excess_return_5d_vs_spy=1
skew_20d=1
beta_stability_price_floor=1
cs_rank_downside_vol_20d=1
cs_z_downside_vol_20d=1
cs_z_gap_down_absorption_20d=1

parameters:
[boosting: gbdt]
[objective: huber]
[metric: l1]
[tree_learner: serial]
[device_type: cpu]
[data_sample_strategy: bagging]
[data: ]
[valid: ]
[num_iterations: 29]
[learning_rate: 0.025]
[num_leaves: 31]
[num_threads: 0]
[seed: 211]
[deterministic: 0]
[force_col_wise: 0]
[force_row_wise: 0]
[histogram_pool_size: -1]
[max_depth: 6]
[min_data_in_leaf: 80]
[min_sum_hessian_in_leaf: 0.001]
[bagging_fraction: 0.78]
[pos_bagging_fraction: 1]
[neg_bagging_fraction: 1]
[bagging_freq: 1]
[bagging_seed: 211]
[bagging_by_query: 0]
[feature_fraction: 0.72]
[feature_fraction_bynode: 1]
[feature_fraction_seed: 211]
[extra_trees: 0]
[extra_seed: 21137]
[early_stopping_round: 0]
[early_stopping_min_delta: 0]
[first_metric_only: 0]
[max_delta_step: 0]
[lambda_l1: 0.3]
[lambda_l2: 1.2]
[linear_lambda: 0]
[min_gain_to_split: 0]
[drop_rate: 0.1]
[max_drop: 50]
[skip_drop: 0.5]
[xgboost_dart_mode: 0]
[uniform_drop: 0]
[drop_seed: 22258]
[top_rate: 0.2]
[other_rate: 0.1]
[min_data_per_group: 100]
[max_cat_threshold: 32]
[cat_l2: 10]
[cat_smooth: 10]
[max_cat_to_onehot: 4]
[top_k: 20]
[monotone_constraints: ]
[monotone_constraints_method: basic]
[monotone_penalty: 0]
[feature_contri: ]
[forcedsplits_filename: ]
[refit_decay_rate: 0.9]
[cegb_tradeoff: 1]
[cegb_penalty_split: 0]
[cegb_penalty_feature_lazy: ]
[cegb_penalty_feature_coupled: ]
[path_smooth: 0]
[interaction_constraints: ]
[verbosity: -1]
[saved_feature_importance_type: 0]
[use_quantized_grad: 0]
[num_grad_quant_bins: 4]
[quant_train_renew_leaf: 0]
[stochastic_rounding: 1]
[linear_tree: 0]
[max_bin: 255]
[max_bin_by_feature: ]
[min_data_in_bin: 3]
[bin_construct_sample_cnt: 200000]
[data_random_seed: 727]
[is_enable_sparse: 1]
[enable_bundle: 1]
[use_missing: 1]
[zero_as_missing: 0]
[feature_pre_filter: 1]
[pre_partition: 0]
[two_round: 0]
[header: 0]
[label_column: ]
[weight_column: ]
[group_column: ]
[ignore_column: ]
[categorical_feature: ]
[forcedbins_filename: ]
[precise_float_parser: 0]
[parser_config_file: ]
[objective_seed: 22542]
[num_class: 1]
[is_unbalance: 0]
[scale_pos_weight: 1]
[sigmoid: 1]
[boost_from_average: 1]
[reg_sqrt: 0]
[alpha: 0.85]
[fair_c: 1]
[poisson_max_delta_step: 0.7]
[tweedie_variance_power: 1.5]
[lambdarank_truncation_level: 30]
[lambdarank_norm: 1]
[label_gain: 0,1,2,3,4,5,6,7,8,9,10,11,12,13,14,15,16,17,18,19]
[lambdarank_position_bias_regularization: 0]
[eval_at: 5,10,25]
[multi_error_top_k: 1]
[auc_mu_weights: ]
[num_machines: 1]
[local_listen_port: 12400]
[time_out: 120]
[machine_list_filename: ]
[machines: ]
[gpu_platform_id: -1]
[gpu_device_id: -1]
[gpu_use_dp: 0]
[num_gpu: 1]

end of parameters

pandas_categorical:[]
