tree
version=v4
num_class=1
num_tree_per_iteration=1
label_index=0
max_feature_idx=84
objective=lambdarank
feature_names=return_1d return_5d return_10d return_20d return_60d momentum_5d momentum_10d momentum_20d momentum_60d momentum_120d vol_5d vol_20d vol_60d downside_vol_20d upside_vol_20d beta_20d_spy beta_60d_spy price_to_sma_20d price_to_sma_50d price_to_sma_200d macd_hist rsi_14 bollinger_z_20d volume_zscore_20d volume_zscore_60d dollar_volume_ratio_20d intraday_range close_open_gap close_location_in_range distance_to_20d_high distance_to_20d_low distance_to_60d_high distance_to_60d_low excess_return_5d_vs_spy excess_return_20d_vs_spy excess_return_60d_vs_spy relative_momentum_20d_vs_spy skew_20d kurtosis_20d spy_return_20d spy_vol_20d spy_drawdown_60d relative_strength_down_days_20d gap_down_absorption_20d downside_vol_decay_60d beta_stability_price_floor beta_60d_ff_mktrf beta_60d_ff_smb beta_60d_ff_hml beta_60d_ff_rmw beta_60d_ff_cma dgs10_pit dgs2_pit vixcls_pit usd_index_pit yield_10y_2y_spread_pit cs_rank_momentum_20d cs_z_momentum_20d cs_rank_momentum_60d cs_z_momentum_60d cs_rank_momentum_120d cs_z_momentum_120d cs_rank_vol_20d cs_z_vol_20d cs_rank_vol_60d cs_z_vol_60d cs_rank_downside_vol_20d cs_z_downside_vol_20d cs_rank_beta_60d_spy cs_z_beta_60d_spy cs_rank_excess_return_20d_vs_spy cs_z_excess_return_20d_vs_spy cs_rank_relative_strength_down_days_20d cs_z_relative_strength_down_days_20d cs_rank_gap_down_absorption_20d cs_z_gap_down_absorption_20d cs_rank_downside_vol_decay_60d cs_z_downside_vol_decay_60d cs_rank_beta_stability_price_floor cs_z_beta_stability_price_floor regime_calm regime_drawdown regime_high_vol regime_rebound stress_flag
feature_infos=[-0.43452090331350879:0.52290083351866889] [-0.61014499786032883:0.88260863646066867] [-0.76666670795573144:1.0566034133703051] [-0.82992956002177165:1.6011328544898928] [-0.85304846129940903:3.1843478105994496] [-0.61014499786032883:0.88260863646066867] [-0.76666670795573144:1.0566034133703051] [-0.82992956002177165:1.6011328544898928] [-0.85304846129940903:3.1843478105994496] [-0.83371665409748386:3.8670393633078328] [0:0.30584445364328161] [0:0.22421856781514868] [0:0.15098312624435092] [0:0.14329584310333965] [0:0.16337929811143656] [-13.695037798663515:20.575205365344527] [-4.0149274431247379:4.8863263853067735] [-0.69421673038056464:0.66131114246219425] [-0.79930206832555228:0.90110352904013702] [-0.82425537243447611:1.8446390551514207] [-132.53715276993563:80.364006761273146] [0:99.861064002984776] [-4.3588989435444114:4.3588989435883247] [-3.1806480089076707:4.3588989435433447] [-3.1101259120259019:7.6809377036926092] [0:20] [0:0.56348448091986825] [-0.47064726396441403:0.4210822666140121] [0:1] [-0.81943928948557032:0] [0:1.7305034091738194] [-0.85817267691977117:0] [0:3.9900962607604482] [-0.61785372931017601:0.89255912114692015] [-0.76226676485515399:1.4709261398977567] [-0.82324954741436951:2.9093527779374631] [-0.77334040331749898:1.3346611088982128] [-4.4721359549995769:4.4721359549995841] [-1.8537485942068546:20.000000000000025] [-0.3098674839759894:0.19880920041384464] [0.0021730140768461124:0.057214790451066776] [-0.31978067271172672:0] [-0.099256665172816158:0.19912924481561101] [-9.4243009236246778:13.933826240627525] [-1:87.127119856643347] [-1.0247428570212176:1.0007807340328658] [-4.1112792539993421:4.848421174419931] [-5.4434395281946788:7.7689924118407419] [-6.7072038827376153:7.6752434274945651] [-13.325735436189344:9.7109719643899926] [-11.504606375379524:8.6540722051089762] [0.55000000000000004:3.2400000000000002] [0.11:2.98] [9.1899999999999995:75.469999999999999] [93.247799999999998:125.0587] [-0.030000000000000027:2.6099999999999999] [0.0020161290322580645:1] [-10.036419127683077:15.738424952473304] [0.0020161290322580645:1] [-8.1746382519581609:16.457532645463687] [0.0020202020202020202:1] [-5.9157233637200122:14.200215155348952] [0.0020161290322580645:1] [-2.7783658620320608:17.573692755422847] [0.0020161290322580645:1] [-2.9782850486284773:14.693670814366223] [0.0020161290322580645:1] [-3.0058206930267617:18.050318432270245] [0.0020161290322580645:1] [-6.3974491418552946:8.9620500168724586] [0.0020161290322580645:1] [-10.036419127683077:15.738424952473304] [0.0020161290322580645:1] [-11.668006201344122:17.853621002907023] [0.0020449897750511249:1] [-9.434540891693187:11.345435387552476] [0.0020161290322580645:1] [-2.3143884498676961:20.623654562246884] [0.0020161290322580645:1] [-16.633473857690657:14.830513071902569] [0:1] [0:1] [0:1] [0:1] [0:1]
tree_sizes=3576 3574 3538 3546 3487 3550 3567 3535 3561 3567 3558 3575 3529 3568 3544 3512 3534 3547 3515 3520 3509 3516 3538 3547 3512

Tree=0
num_leaves=31
num_cat=0
split_feature=46 53 35 61 55 50 54 55 35 38 76 50 51 46 31 3 68 24 51 79 50 25 50 15 69 54 76 54 54 51
split_gain=6.928 2.46293 2.00423 1.92094 2.22807 2.04338 2.7436 1.87967 2.00654 1.84595 1.85957 2.1913 1.60311 1.59618 1.58791 1.57155 1.55571 1.36507 1.3441 1.68272 1.2818 1.37115 1.10787 1.09557 1.08913 1.00494 0.979466 0.979343 0.977934 0.918255
threshold=1.0278491396112048 22.535000000000004 -0.20155603166573369 -0.16679482250116209 0.15499999999999994 0.45834388601649462 117.01430000000002 2.1350000000000007 -0.015711478606046821 3.0089903257814874 0.87710098870056508 -0.85309322673834653 1.8050000000000004 0.49006696531659039 -0.087285690935575241 0.068649127921965439 0.31197464152009613 -0.68601994359677188 2.1650000000000005 -0.12881346836911131 -1.8415802874747158 0.52701680270403817 -0.61685532408732491 1.6427553611269132 -0.85657469227031791 121.55260000000001 0.94758487184689266 114.27630000000001 113.21645000000002 2.3950000000000005
decision_type=10 2 8 8 2 8 2 2 8 10 10 8 2 10 10 10 10 8 2 10 8 10 10 10 10 2 10 2 2 2
left_child=3 7 -3 14 -5 6 12 9 -9 10 15 -12 -6 -8 18 -2 22 -11 19 -1 21 -10 -16 -21 -7 -26 -4 -18 -19 -20
right_child=1 2 26 4 5 24 13 8 20 17 11 -13 -14 -15 16 -17 27 28 29 23 -22 -23 -24 -25 25 -27 -28 -29 -30 -31
leaf_value=-0.0021424154247490844 0 0.0053179827645057874 -0.008609161227978876 -0.0066949865652288082 -3.7381015259191568e-05 0.0046748273432293246 -0.003335576159353329 0.00070514951411498449 0.00061480016186472441 0.0018300998573163004 0.011650650211562575 -0.0013628691017102817 0.0046578771410835176 0.014835490338149435 0.0066732625539084505 -0.0042960799386480321 -0.0017111380071979281 -0.0034283387385745895 -0.0058327888820300933 0.010466232984935465 -0.00097520506324265681 -0.024531423325729589 -0.00054298662651201216 -0.0054858718028891074 -0.00070161205334660719 -0.012740635112213206 0.0038397366375907587 -0.0081065331245416521 -0.011502594530221675 0.0024097356391559487
leaf_weight=9.570575896301305 231.5550806002575 6.4601060639834031 63.028118940303102 12.990909730666315 56.575658080808353 20.944918887456879 2.3082541057374355 6.5615938567789271 0.89189715695101757 11.609111108002251 15.447028911381492 13.526545120752418 178.70514480629936 20.45772725524148 15.006781673640942 67.686331955017522 45.686606902978383 27.328250050544739 12.179430828662587 26.88947429810651 3.9081269704038295 6.3322197258239612 66.550434549571946 1.5977108207298432 59.108505290350877 3.6986506866523987 2.6913286227500057 25.392138230497949 19.107557731098495 20.795052821747959
leaf_count=1614 30373 1173 8559 2153 8165 3643 352 900 62 1528 1645 1960 27893 2097 2374 8830 7295 3538 2194 4547 727 599 11297 238 9498 313 403 3755 2802 3842
internal_value=-8.64667e-05 -0.00232352 -0.0065723 0.00174293 0.00288409 0.00329219 0.00438932 -0.00152861 -0.00928866 -0.00112611 -0.000366929 0.00551404 0.00350268 0.0126054 -3.95968e-05 -0.000981057 -0.00150768 -0.00519795 0.00298386 0.00612791 -0.0152828 -0.0208912 0.000771709 0.00913334 -1.41424e-05 -0.00175332 -0.00792757 -0.00419625 -0.00711427 -0.000513165
internal_weight=1054.59 476.133 72.1796 578.458 354.79 341.799 258.047 403.954 17.6938 386.26 328.215 28.9736 235.281 22.766 223.668 299.241 152.636 58.0449 71.0322 38.0578 11.1322 7.22412 81.5572 28.4872 83.7521 62.8072 65.7194 71.0787 46.4358 32.9745
internal_count=154369 63099 10135 91270 54114 51961 38507 52964 2288 50676 42808 3605 36058 2449 37156 39203 24721 7868 12435 6399 1388 661 13671 4785 13454 9811 8962 11050 6340 6036
is_linear=0
shrinkage=0.025


Tree=1
num_leaves=31
num_cat=0
split_feature=69 76 61 22 78 52 68 61 31 64 42 50 15 31 51 48 52 20 33 76 34 48 74 34 41 63 49 20 40 41
split_gain=12.8021 14.7161 7.3993 8.60548 7.80656 6.70538 9.84341 8.22074 6.63927 6.20646 5.89532 5.73474 3.92165 3.84598 3.49872 3.66643 3.71619 3.78038 3.23814 4.05053 6.14727 3.52511 3.04806 2.96821 3.23767 2.6194 2.28079 2.24917 2.01078 2.4733
threshold=-0.38490383309661358 0.86560893013921991 1.7141006135769687 1.2482705917162356 0.67643988701952618 1.2750000000000001 0.64248871695680221 -1.4517355910759002 -0.098274755315178028 0.78443850456701847 -0.0073641257586687303 -1.5053739102774186 1.8279328019913015 -0.062232938322206659 2.1400000000000001 -1.2589513762517464 0.13500000000000004 0.84212784336863944 0.070274615410082522 0.045216579338667427 0.03573924575777266 -0.68127073869510613 0.081049799799799815 -0.064656740918146369 -0.022926854672786264 1.5310602507449846 0.69493046250616819 -0.056394736788623216 0.00650469559953493 -0.022985510043434128
decision_type=10 8 10 10 10 2 10 10 8 8 10 10 10 10 2 10 2 2 10 8 10 10 10 10 10 10 10 2 10 10
left_child=8 23 3 5 -4 7 -7 -3 14 13 -6 -12 18 -5 15 -1 22 -18 19 20 -10 -21 -17 28 -25 -11 -26 -28 -2 -30
right_child=1 2 4 9 10 6 -8 -9 12 25 11 -13 -14 -15 -16 16 17 -19 -20 21 -22 -23 -24 24 26 -27 27 -29 29 -31
leaf_value=-0.013366893809112415 -0.0051797004106848227 -0.014372009031612024 0.025714664906109904 0.0059925928552262845 0.020060522639043208 -0.0069356676249573181 0.0099401260165868158 0.0011353105800365145 0.017195377251312566 0.0062648075821429509 -0.022084169328931928 0.0080524289325436781 0.016342752679728543 -0.019403397493515079 -0.0012407097889915418 -0.014696316384486883 0.010350559400570702 -0.0066241756367968101 -0.010799613064046273 0.0050867025044151557 -0.00093041273062641596 -0.00038499906612033871 0.0059443704622030918 -0.0078126322213554807 -0.002816743980301217 -0.011234331686127509 -5.9489275812559301e-05 -0.011196829441180113 -0.0012582110430077948 0.0087119724221522091
leaf_weight=3.773577101994305 29.996428929152898 22.764994682511315 14.694431087002156 3.269164441619071 6.0652566696517161 25.590256604133174 106.10577123472467 193.02463276137132 21.968047191621736 16.584418606711555 6.7912570023909202 6.4050504718907204 9.016850841464473 25.562034739647061 31.579895182047039 6.6502685667946926 141.88722791499458 7.3620873156469306 13.694251940818502 84.661761809838936 21.891966828843579 504.17219844425563 8.7619556863792223 167.22834453871474 361.81767213356216 6.3593491206411263 17.175622313749045 42.419382258085534 37.611922281328589 23.887854924541898
leaf_count=59 3084 581 299 153 116 1796 2049 9361 1042 1030 101 180 441 903 3387 130 4009 297 808 3530 1258 37159 251 20717 47775 241 2304 5555 3256 2343
internal_value=-0.00011848 -0.00188831 0.00169797 0.000707695 0.0127069 0.00214923 0.00657149 -0.000536523 0.00217566 -0.00865505 0.00149078 -0.00748394 0.000940753 -0.0161496 0.00615517 0.007585 0.00820361 0.00941723 0.000684434 0.000964804 0.00819792 0.000397749 -0.00292872 -0.00418258 -0.00483247 0.00078661 -0.00361328 -0.00817488 0 0.00258743
internal_weight=1968.77 1113.35 433.217 399.261 33.956 347.486 131.696 215.79 855.42 51.775 19.2616 13.1963 655.405 28.8312 200.015 168.435 164.662 149.249 646.388 632.694 43.86 588.834 15.4122 680.137 588.641 22.9438 421.413 59.595 91.4962 61.4998
internal_count=154215 101844 16810 16114 696 13787 3845 9942 52371 2327 397 281 44238 1056 8133 4746 4687 4306 43797 42989 2300 40689 381 85034 76351 1271 55634 7859 8683 5599
is_linear=0
shrinkage=0.025


Tree=2
num_leaves=31
num_cat=0
split_feature=68 76 50 31 43 4 77 24 35 41 32 56 25 49 78 44 38 42 36 38 25 50 61 31 51 68 50 69 46 68
split_gain=16.3968 20.2523 13.4401 10.4039 7.87458 8.61475 6.05462 5.54377 6.80124 5.30325 4.87228 4.51937 5.39034 4.48555 4.15805 4.60083 4.34322 4.04611 3.79801 3.75259 3.45283 3.42724 2.75093 2.72839 2.70267 2.80335 3.78734 3.29046 2.56571 2.39855
threshold=0.38777733315548446 0.87710098870056508 -0.76119353001793166 -0.10049873400616875 0.55555488837643086 0.32850349713364285 -1.4918301899040547 -0.019270546891631844 0.12903973819448436 -0.01567379751227321 0.21318010327274442 0.77729725180703746 0.53391078063992004 -0.60475607857296609 0.52881540101689362 -0.54075192737694089 0.31309249169883008 -0.0041919955445433215 -0.062573364753109081 1.4529851719381781 0.49485111579324331 1.0373226288693325 0.13275554674111575 -0.068583904448477992 2.1750000000000003 0.0085745007398149112 -1.3294056192613575 -1.2923363116210651 0.29226491699120738 0.19618228927694262
decision_type=10 10 10 8 10 10 10 10 10 10 10 8 8 10 10 10 10 10 10 8 10 10 8 10 2 10 10 10 10 8
left_child=3 9 7 24 5 21 11 8 10 -2 -3 -5 -13 17 28 16 -16 -9 -11 -10 -6 -4 -22 -15 25 -1 -27 -28 -8 -30
right_child=1 2 4 6 20 -7 14 13 19 18 -12 12 -14 23 15 -17 -18 -19 -20 -21 22 -23 -24 -25 -26 26 27 -29 29 -31
leaf_value=-0.0058343063518935777 -0.0087172681527924838 0.0075875246760836379 -0.0011839403326378535 0.0166665943737292 0.0061918850392249022 0.018596754298460569 0.001679520152455416 0.0023373124970460443 0.026492117825660678 0.0023417899922468753 -0.017890394093037464 -0.022981970241864901 0.007481499497202746 0.013601005406844514 0.012966328909439008 0.0005200246421639222 0 -0.010666263989560568 -0.0046721630792152446 0.0048138117781306436 -0.0021235022657021155 -0.013522385076938044 -0.027380554090138395 -0.00034713138682584727 -0.00086175753791678002 0.016622517554413463 0.012381721518480288 0.0046353084323482582 -0.0056085021759599372 -0.00093220243776158136
leaf_weight=8.6155401438008976 199.90160828991793 78.423524101031944 61.850860082777217 23.456156946718693 2.1811077569145736 10.645172977121545 101.5759055193048 40.36369317304343 19.424190083984286 55.361117343883961 3.7034803717397144 3.6225688131526139 13.482527936575933 23.077757167164236 40.499694245168939 237.17068242211826 26.743328470969573 21.763419366208836 294.43294185528066 8.6218798274640012 4.4024713800754371 17.816310183145106 13.194691994460303 12.026136877946554 27.767968335654587 26.245470756432042 45.624496088828892 167.80515395104885 118.82637059153058 172.4161381815793
leaf_count=168 31386 1819 3912 338 55 157 8498 964 194 4430 143 67 308 641 1235 19283 947 505 45107 140 344 1059 307 289 3802 622 834 3641 8870 14340
internal_value=-1.97312e-05 -0.00254557 0.00245939 0.0021338 -0.00452966 -0.00121855 0.000570063 0.00620987 0.0100346 -0.00544903 0.00610751 0.0098165 0 0.00173039 5.47378e-06 0.00220449 0.00792285 -0.00221527 -0.0035365 0.0205552 -0.0183569 -0.0041957 -0.0219997 0.00876244 0.00626542 0.00709287 0.00761545 0.00638616 -0.00168114 -0.00288095
internal_weight=1881.04 867.19 317.495 1013.85 110.091 90.3123 737.793 207.404 110.173 549.696 82.127 40.5613 17.1051 97.231 697.232 304.414 67.243 62.1271 349.794 28.0461 19.7783 79.6672 17.5972 35.1039 276.059 248.291 239.675 213.43 392.818 291.243
internal_count=154405 91452 10529 62953 5834 5128 53886 4695 2296 80923 1962 713 375 2399 53173 21465 2182 1469 49537 334 706 4971 651 930 9067 5265 5097 4475 31708 23210
is_linear=0
shrinkage=0.025


Tree=3
num_leaves=31
num_cat=0
split_feature=69 76 31 76 50 58 38 3 12 37 47 57 35 72 40 9 50 14 16 41 9 76 14 47 28 0 28 36 43 76
split_gain=16.5462 37.2456 11.074 14.048 9.97316 6.22169 9.2445 6.22023 5.47529 6.16313 7.45423 5.30283 5.15267 4.86339 4.74141 5.32259 3.97563 3.96036 3.87262 3.4824 3.46806 5.2183 4.58971 3.855 3.4027 3.87858 3.10229 2.98997 2.92891 2.90547
threshold=-0.38490383309661358 0.87710098870056508 -0.099365674122283851 0.041096651466261326 -0.76119353001793166 0.800201612903226 0.16277675798515182 -0.036725120054906683 0.015264710913141513 -1.6819040250501145 -0.55853847860595451 0.6956671619964121 -0.12394113231038555 0.053069890376532786 0.0053969277387888792 0.10067250660329564 -0.93385622600293716 0.0086795690396153282 0.83856559295996702 -0.020631719016415192 0.26892024607550097 0.95517604286261015 0.0066355851667742917 1.3863360184597171 0.1166665808861579 0.019565407479471223 0.66347694071492735 -0.066586376883924978 -1.0000000180025095e-35 0.27597105126375426
decision_type=10 8 10 10 8 10 10 10 8 10 8 10 8 10 10 10 10 10 10 10 8 10 8 8 8 10 8 10 10 8
left_child=2 19 8 11 5 7 28 17 29 24 12 14 -11 -8 26 -16 -9 -3 -12 -2 -6 22 -22 -23 -10 -26 -4 -21 -7 -1
right_child=1 4 3 -5 20 6 13 16 9 10 18 -13 -14 -15 15 -17 -18 -19 -20 27 21 23 -24 -25 25 -27 -28 -29 -30 -31
leaf_value=-0.0061286149846160112 -0.009750234113572908 0.0021964229552660958 -0.0043309611645184851 -0.0019981171824951312 -0.0074474342450743169 0.028776980800274934 0.018961679758979735 -0.0036634525221910224 -0.017338974027875681 0.012202615119432407 0.013081586982696701 -0.0043763868314152365 -0.014354347629071798 0.00032574641854288332 0.018392050962114697 0.0031499358834863414 0.012962169412995109 0.012349795288958841 0.0020195254982093573 -0.00016983110686900532 0.0087804062168447949 0.021879926998338413 -0.0062752571963731784 -0.0078368110949895917 0.0061242479423969801 -0.018089314156721981 0.009062366076873999 -0.0062199383513206518 0.0085308547029954735 0.00342194320795304
leaf_weight=23.440369588788599 161.30162117676809 46.863352390006185 19.753081358037889 432.95985895302147 47.61300455708988 19.880369626451287 10.753483599750323 68.685159206390381 5.676198221743106 5.6974844336509705 146.23074994632043 18.805046154651791 11.762996794655921 36.115083535667509 45.520303468918428 23.348675715271384 9.021836582105605 54.647019304335117 25.311703220708296 63.827499049250036 16.280271138064563 9.8785337524022889 43.229494254570454 2.5013839509338132 24.488216855097566 3.6622597533278158 20.441428607096896 320.2146945752902 8.8826997070573253 96.900419019861147
leaf_count=649 28916 1179 214 41664 5187 168 99 2200 112 138 3157 1078 374 581 495 300 350 1296 779 4534 943 316 3365 38 550 68 210 52684 98 2509
internal_value=-7.39221e-05 -0.00243721 0.00232216 0.000141332 0.00361531 0.00640776 0.0124162 0.00376484 0.0058515 0.00817035 0.00992498 0.00739479 -0.00505925 0.00512421 0.00951797 0.013474 -0.00147039 0.00781583 0.0115181 -0.00660451 -0.00228217 0.00110231 -0.00194075 0.0151614 -0.00142349 0.00210784 0.00236446 -0.00523754 0.0233669 0.0014578
internal_weight=1823.69 919.696 903.999 560.828 374.352 254.849 75.6316 179.217 343.17 222.83 189.003 127.869 17.4605 46.8686 109.063 68.869 77.707 101.51 171.542 545.344 119.503 71.8897 59.5098 12.3799 33.8267 28.1505 40.1945 384.042 28.7631 120.341
internal_count=154251 101954 52297 43961 15820 5971 946 5025 8336 5178 4448 2297 512 680 1219 795 2550 2475 3936 86134 9849 4662 4308 354 730 618 424 57218 266 3158
is_linear=0
shrinkage=0.025


Tree=4
num_leaves=31
num_cat=0
split_feature=76 69 61 77 31 76 35 17 30 2 50 23 75 79 14 32 19 53 57 36 0 34 19 51 54 54 35 39 39 54
split_gain=21.1594 43.3211 15.5014 11.4039 13.8507 6.26114 5.89632 5.72405 5.65422 4.83692 4.78045 4.48027 4.2174 3.75669 3.98316 4.37039 4.23338 3.55604 3.27891 3.14352 3.02342 2.83048 2.54353 2.46417 2.4371 2.13562 2.05964 1.49937 1.89978 1.49208
threshold=0.87710098870056508 -0.38490383309661358 1.7889566112783 -1.4918301899040547 -0.099365674122283851 0.096808149405772509 -0.015711478606046821 -0.016675198725430104 0.11236249845442371 -0.070101050629576653 -1.2714361088343948 -1.0981737648528462 -0.07968313090040173 inf 0.028491219303462285 0.33349691779765706 -0.08057169802906132 16.625000000000004 -0.42356756912070159 -0.063902278468942517 -0.0053370340815475639 -0.014188390532042404 -0.0087618965795427366 1.8250000000000004 114.98455000000003 114.15840000000001 -0.26904070523110363 0.038620292262384955 0.055394913260234165 112.16755000000002
decision_type=8 10 10 10 10 10 8 10 10 10 10 10 10 8 10 10 8 2 10 10 10 10 10 2 2 2 10 10 10 2
left_child=1 3 13 6 10 7 -1 -6 9 -4 20 -12 -10 14 15 16 -2 19 -15 -3 -5 -11 -17 -7 -23 29 -19 -16 -29 -21
right_child=2 17 8 4 5 23 -8 -9 12 21 11 -13 -14 18 27 22 -18 26 -20 25 -22 24 -24 -25 -26 -27 -28 28 -30 -31
leaf_value=0.025552340765902681 0.0072558198415539291 0.00052641756903156834 0 0.01926297328198795 0.022087215903133593 -0.0070894473619019949 0.001092632729123094 0.0015672469768886366 0.011411416231604824 0.029693963387030339 -0.0058840336924322794 0.0054504758095347151 -0.012634641749265478 0.019161458276316989 -0.020486195173427067 -0.0018032990785053717 0.00074316425114419674 0.002578899195292193 0.00081787377706887408 -0.0062018072160973841 0.0066346720562422586 0.019040046494846946 0.021913798981553087 -0.0018643984622483296 0 -0.0099586289255437204 -0.010605148115354873 0.014693045435918673 -0.013380521028310097 -0.0006975984949476456
leaf_weight=18.192611950449646 75.295876095420681 42.522321607219055 6.5949770170263937 23.882042039418593 8.0170643480960262 82.630147311836481 10.15906299557537 133.03229403565638 10.807012076489629 20.788643504260108 22.976528136292472 190.69454320240766 6.0250758572947225 14.435206160647796 5.365929985418914 2.8280192795209596 360.77771273197141 6.3343957886099806 11.624549413099883 142.49272663425654 31.283085870090872 16.567950560944158 9.7137844548560643 196.01178144849837 6.059150999179109 86.074543759925291 183.09060262597632 1.6201879687141629 2.0313022225163877 43.65281570632942
leaf_count=180 2540 3983 63 327 182 12179 152 4564 136 184 638 4652 103 158 328 75 18926 802 79 24591 422 211 248 21216 108 15401 33412 63 177 7613
internal_value=9.662e-05 -0.00173355 0.00416434 0.0022069 0.00153944 -0.00128427 0.0174419 0.00296279 0.0153638 0.0195206 0.00596154 0.00417069 0.00212015 0.002567 0.0020043 0.00236419 0.00190167 -0.00734329 0.0116502 -0.00562148 0.0125285 0.0224753 0.0163296 -0.00346442 0.0143669 -0.00660734 -0.0101115 -0.013341 0 -0.00496379
internal_weight=1771.58 1221.05 550.535 716.879 688.527 419.691 28.3517 141.049 66.8428 50.0107 268.836 213.671 16.8321 483.693 457.633 448.615 436.074 504.167 26.0598 314.742 55.1651 43.4157 12.5418 278.642 22.6271 272.22 189.425 9.01742 3.65149 186.146
internal_count=153713 130314 23399 44512 44180 38141 332 4746 805 566 6039 5290 239 22594 22357 21789 21466 85802 237 51588 749 503 323 33395 319 47605 34214 568 240 32204
is_linear=0
shrinkage=0.025


Tree=5
num_leaves=31
num_cat=0
split_feature=76 69 59 61 75 57 76 31 77 6 59 10 39 40 27 59 37 51 40 31 54 56 63 27 67 44 53 64 15 37
split_gain=21.694 45.1125 14.4868 12.3135 8.37763 5.87464 5.56057 11.3939 5.54133 5.48596 5.19843 5.75998 5.64235 5.0284 5.116 4.6729 4.41115 4.00464 3.72103 3.61702 5.30281 4.33701 3.7186 3.07523 2.94088 2.83633 3.54994 2.97721 2.78935 2.72818
threshold=0.87710098870056508 -0.39517849597967869 -1.0369313578773449 1.6493751581776175 -1.4871928345894976 -0.23550777983059742 0.096808149405772509 -0.099365674122283851 -1.3103193647291778 0.0077464944086574903 1.3591412137153638 0.011204802081058196 -0.011486510157736328 0.0040694575470957058 0.00091034010329626817 1.1016450906951276 0.77781637902737366 2.8150000000000004 0.0035723210444452121 -0.18149108993232685 105.12135000000002 0.060860746097539477 -0.81453398036928237 -0.0024409816504404503 2.7782714721831141 0.16141534261397081 23.280000000000005 0.800201612903226 1.2810373355250697 -0.85860882974250974
decision_type=8 10 10 8 10 8 10 10 10 10 8 10 10 10 8 10 8 2 10 8 2 10 10 10 10 10 2 10 10 10
left_child=1 2 8 10 13 29 9 17 -1 18 19 -12 -13 -5 -15 16 -7 -8 -4 20 -2 -22 -21 -11 -24 26 -10 -27 -16 -6
right_child=3 -3 6 4 5 15 7 -9 25 23 11 12 -14 14 28 -17 -18 -19 -20 22 21 -23 24 -25 -26 27 -28 -29 -30 -31
leaf_value=0.02113775679563128 -0.010687122999956247 -0.0078150446721099026 -0.011765039751594394 0.016383938738279182 0.0097891700404171712 -0.011509818825863771 0.0057901177737483068 -0.005127222586676158 0.010003104740516192 -0.0099186071824060099 -0.0063001616370577263 -0.0087063952691909842 0.023104026403837921 -0.014889655397018487 -0.0044409925365268988 0.014856750825529392 0.010997043506549517 -0.010494177179946258 0.010524240075854247 0.0097969685967036341 0.013102779009731945 -0.0015356559188477214 9.4935899672324037e-05 0.0018478042413440498 -0.0085165511644399797 -0.0023874700765283093 -0.0037836736635113639 0.011741328003643954 0.013581094592958184 0.025925532079171112
leaf_weight=17.959316487656906 8.4919933618511987 481.03937504743226 3.7474156981334081 9.2164523773826641 13.110488082282243 10.542689557885749 108.94520476367325 226.54816620296333 107.55288698058575 15.594296727329491 6.9803239949978915 3.1708034793846371 19.064168994780626 13.139559410046786 9.1067145226988959 25.852955169277266 8.851487257517876 8.9303634522948396 65.36204859893769 21.745992289623246 43.598721207119524 16.089564759051427 283.20688600162975 78.283344022580422 25.804387773154303 35.229346675565466 11.609767953399567 11.187043807469307 9.4282216040883196 30.482083214912564
leaf_count=186 180 86620 61 75 98 150 2463 32053 2481 698 243 108 353 161 120 360 102 324 1475 1079 1187 764 17297 2836 901 951 298 195 70 229
internal_value=-7.38866e-06 -0.00194303 0.00214069 0.00404099 0.0107651 0.0150352 -2.68763e-05 -0.00184094 0.00813502 0.00374635 0.00196171 0.0119543 0.0180342 0.00114567 -0.00349634 0.0081232 -0.000831283 0.0044001 0.00902878 0.00117753 0.00636863 0.00908117 6.57233e-05 -0.000128383 -0.000630164 0.00653778 0.00857325 0.00107035 0.0046147 0.0216322
internal_weight=1729.87 1171.99 690.949 557.883 129.731 88.8397 507.411 344.424 183.538 162.987 428.153 29.2153 22.235 40.8909 31.6745 45.2471 19.3942 117.876 69.1095 398.938 68.1803 59.6883 330.757 93.8776 309.011 165.579 119.163 46.4164 18.5349 43.5926
internal_count=154118 130641 44021 23477 1365 939 39910 34840 4111 5070 22112 704 461 426 351 612 252 2787 1536 21408 2131 1951 19277 3534 18198 3925 2779 1146 190 327
is_linear=0
shrinkage=0.025


Tree=6
num_leaves=31
num_cat=0
split_feature=77 31 77 44 69 77 58 50 54 33 7 56 19 68 12 68 20 50 37 45 29 58 69 54 69 59 34 9 23 15
split_gain=23.3726 19.1689 16.2254 14.1508 9.91947 14.5546 9.50752 8.28003 7.68152 5.23885 5.52804 4.93034 4.66703 4.58344 4.41015 5.16747 5.60455 4.06834 3.84444 3.81742 3.59787 3.14929 5.34212 4.60473 2.71908 2.24912 2.37409 2.16106 2.14065 1.8868
threshold=-1.3103193647291778 -0.10049873400616875 0.81087624291457894 -0.54075192737694089 -0.36614554724708254 0.83455668069819933 0.81598411813135752 -1.8094250573680029 116.08025000000002 -0.0079078629913969505 -0.060096119635854532 0.58315562123451181 0.12110987676062614 0.35566979623771139 0.014920306198070395 0.0085745007398149112 0.2955188771031394 -0.42233048805117906 -2.0508381813404863 0.0002918426252143523 -0.091918764282986662 0.42741110891219741 -2.0826278530100666 114.82625000000002 -0.52645779613087484 -0.53172334326521786 -0.0041765327065216287 -0.022400291124172186 -0.34722924343004269 0.026685023031284099
decision_type=10 8 10 10 10 10 10 8 2 8 8 10 10 10 10 10 2 8 10 10 8 10 8 2 10 10 10 10 10 10
left_child=9 4 3 13 14 -6 17 18 11 10 -1 -8 -9 19 -2 28 -17 -4 -7 -3 -11 22 -22 -24 -5 26 -12 -23 -16 -29
right_child=1 2 6 24 5 7 8 12 -10 20 25 -13 -14 -15 15 16 -18 -19 -20 -21 21 27 23 -25 -26 -27 -28 29 -30 -31
leaf_value=-0.0020905233360432774 0.00028105849101373905 -0.00013932446344681754 0.0016190285131807308 -0.0046590506790150843 -0.0082138182096684765 -0.0037603612588926793 0.01554344875690496 -0.0045670855352453492 -0.0099829428949243307 -0.012612701241622705 0.029603742103204923 0.0043050136100973345 0.01271963190133963 -0.0063092834903134198 0.0020859221119883644 0.00918587132023806 -0.00077796918892001406 -0.0073482034352072402 0.013280300464785066 0.0078608355116760453 0.027954497616384428 -0.016868855748778631 0.00069634725490759887 0.017316343314657177 -0.0085526610978499118 0.0071335159690380208 0.010558128467834455 -0.011081397242208323 -0.017021106240974897 0.0082766729132637811
leaf_weight=6.8859128998592496 88.553866045549512 108.75928703672253 70.478231419343501 194.02480457746424 106.1350439254893 8.459794457536189 49.694012195104733 58.422035150695592 12.420311314053832 4.613752705976367 19.571843974525109 53.959683156572282 10.3655624166131 46.11108970514033 5.3809222483541816 214.71181316371076 40.332741137128323 54.281642704037949 52.903983592055738 54.123886456247419 8.282357070129363 3.2702644199598607 31.50347342947498 15.252862466266377 332.57837591785938 8.6879619046812859 9.2477461697999406 2.9643201858270904 6.509235685458405 10.278256663819773
leaf_count=90 2900 7338 4105 27427 18989 185 1061 3368 523 63 167 1495 258 8696 106 3756 920 6345 1066 1738 60 115 546 254 61414 215 128 75 105 535
internal_value=-0.000142839 -0.000965734 -0.00311954 -0.00496498 0.00257453 -0.00136693 0.00248279 0.00418346 0.0076109 0.0104037 0.0172473 0.00988074 -0.00168157 0.000504642 0.00521116 0.00681014 0.00758466 -0.00225581 0.0107841 0.00251136 0.00611218 0.00761081 0.010451 0.00657215 -0.00714614 0.020946 0.0244085 -0.00149908 -0.00840268 0.00286343
internal_weight=1688.77 1568.21 976.431 735.597 591.775 236.286 240.834 130.151 116.074 120.559 44.3935 103.654 68.7876 208.994 355.489 266.935 255.045 124.76 61.3638 162.883 76.1653 71.5515 55.0387 46.7563 526.603 37.5076 28.8196 16.5128 11.8902 13.2426
internal_count=154043 151795 120142 106613 31653 23866 13529 4877 3079 2248 600 2556 3626 17772 7787 4887 4676 10450 1251 9076 1648 1585 860 800 88841 510 295 725 211 610
is_linear=0
shrinkage=0.025


Tree=7
num_leaves=31
num_cat=0
split_feature=76 76 69 60 18 69 19 64 9 64 3 18 49 47 33 5 14 44 78 12 12 19 54 2 5 21 11 40 54 19
split_gain=23.0631 23.5109 33.2013 15.499 12.8545 10.7546 6.40715 5.39957 4.74861 4.57488 4.40332 3.85089 3.77849 3.32413 3.2784 3.20609 3.64517 3.1833 4.39186 3.17734 2.96687 2.96504 2.77547 2.73281 2.41762 3.36539 2.5077 2.31896 2.93675 2.19603
threshold=0.032874473143845249 0.87710098870056508 -0.38490383309661358 0.94397445986550299 -0.022539808814680259 -0.97687596942115629 -0.18407380426930506 0.63473824312333638 0.07700602194358909 0.43690476190476196 0.018072688051846812 0.043131505417939205 -0.99408995439172199 -0.67870476940116153 -0.040530438368428838 0.02164138055740961 0.01682626955406092 -0.54075192737694089 0.62867653549423597 0.022184451606961652 0.027823423229567219 0.32401349153129194 113.53170000000001 -0.062067024459956426 0.0012149859380442554 41.265174283024137 0.01722820403918723 0.014293784901629065 111.58520000000001 0.077831269953781659
decision_type=10 10 10 10 10 10 8 10 10 10 10 8 10 10 10 10 8 10 10 10 10 10 2 10 8 10 10 10 2 8
left_child=5 2 4 6 7 8 27 -2 24 -8 23 12 -7 -14 -9 21 -17 18 -6 -11 -19 -12 -4 -5 -1 -26 -27 28 -3 -10
right_child=1 3 22 10 17 11 9 14 29 19 15 -13 13 -15 -16 16 -18 20 -20 -21 -22 -23 -24 -25 25 26 -28 -29 -30 -31
leaf_value=0.01809535407418604 0.0014047138859758211 0.00063168677851778215 -0.006944810589586234 0.0041997163288052877 -0.0040640062982254211 -0.0068479823277710489 -0.0052660429297470834 0.016635734278739666 -0.0098612886278889155 -0.00051413338324855676 0 -0.002386159911317463 -0.012311534749457727 0.011297093724657625 0.0061828242308122547 0.0064014912124487153 -0.01509538315524446 -0.0050701577468287556 0.007524224422882423 0.0056495611453801983 0.0049257673065472322 0.017560269816529191 -0.011286397591066833 0.019155050231048864 -0.0034519844089099501 0.0072481121298204644 0.023012940001398707 -0.0032538347804535392 0.018647848453698958 0.0062063860197164337
leaf_weight=56.151699710870162 125.62857129098848 9.0136451213620621 242.34867233771365 11.665790210478006 40.642276517348364 9.5506160678341967 84.203019722364843 27.506660494487733 5.9691276040393859 155.84505785140209 8.9092424216214585 67.297182154492475 2.7958670121151945 42.98291106056422 75.845533785875887 10.294735166709872 7.2305309681687495 217.79801128502004 38.197072510840371 75.980568920262158 18.575378879439086 14.684023259906096 180.30473607522435 46.461672494420782 8.9420444518327695 24.054242193466052 10.090219268575309 4.8504061452113083 20.139588360441849 18.118212224682797
leaf_count=508 5891 211 46570 115 2556 846 7277 350 88 6915 150 5900 84 1369 1227 184 123 30274 1077 2164 983 164 36869 412 103 364 140 341 452 494
internal_value=-0.000162842 -0.001396 -0.00359427 0.003315 0.00047766 0.0068793 0.000805053 0.00498336 0.0120646 -0.000297709 0.0119773 0.00153746 0.00639178 0.00941794 0.00919555 0.00522422 -0.00246611 -0.00277821 0.00148533 0.00149251 -0.00423215 0.011082 -0.00884134 0.0164257 0.0144682 0.0092095 0.0127422 0.0109279 0.0135699 0.00164902
internal_weight=1662.08 1416.13 966.847 449.278 544.194 245.952 350.032 228.981 123.326 316.029 99.246 122.627 55.3294 45.7788 103.352 41.1185 17.5253 315.213 78.8393 231.826 236.373 23.5933 422.653 58.1275 99.2382 43.0865 34.1445 34.0036 29.1532 24.0873
internal_count=154201 144305 125797 18508 42358 9896 17360 7468 1697 16356 1148 8199 2299 1453 1577 621 307 34890 3633 9079 31257 314 83439 527 1115 607 504 1004 663 582
is_linear=0
shrinkage=0.025


Tree=8
num_leaves=31
num_cat=0
split_feature=31 76 76 69 76 59 9 33 12 20 20 52 32 3 46 69 61 77 62 77 35 76 50 69 54 47 77 43 45 72
split_gain=25.8017 17.685 16.5356 14.3782 10.8816 8.60684 8.01257 6.79128 5.4621 5.75017 4.69702 4.64274 4.4828 4.62028 4.06602 3.47849 3.22026 3.96447 3.68706 3.16857 3.452 2.94718 2.93191 2.93159 2.81639 2.74732 2.62074 2.4617 2.43657 2.13512
threshold=-0.10159457517299335 0.032874473143845249 0.88502140245070315 -0.46437062255745282 0.87710098870056508 0.80847835346901098 0.20177645602074293 -0.0032350417156841167 0.01508774567624154 -2.0499401959307448 0.2955188771031394 2.5950000000000002 0.41736248116070523 0.021050734997792201 0.76555518431119107 -0.38490383309661358 -1.2568262256740932 1.2515703732465282 0.16224473220570537 -1.2589708883245441 -0.014716897762378943 0.10885026826521828 -0.66370704943107595 -0.41451049706980253 113.53170000000001 0.60929819016371412 -0.18925188611500579 -1.5155096216176591 0.029734977726079692 0.84365224134436623
decision_type=10 10 10 10 8 10 10 10 8 2 2 2 10 10 10 10 8 10 8 8 8 10 10 10 2 10 10 10 10 10
left_child=3 7 14 8 15 22 16 19 -1 26 11 -11 13 -7 21 23 17 -6 -18 20 -2 29 -4 27 -16 -9 -10 -5 -12 -3
right_child=1 2 5 4 6 12 -8 25 9 10 28 -13 -14 -15 24 -17 18 -19 -20 -21 -22 -23 -24 -25 -26 -27 -28 -29 -30 -31
leaf_value=0.00038632396220254393 0.025083438826863265 0.0050543596797046402 0.00025367031970032638 0.0078854004970053022 0.018446944260692114 0.0092079152488761459 0.01583953880577621 0.0029728589055048084 -0.021299565567048522 0.010634635647338735 0.0037511050728507365 -0.0061837424517203112 0.018585332125609363 -0.001608278405907045 -0.00623173432135959 -0.0084986272168445162 0.0087154081444852372 0.0010769254443986976 -0.002929730895452821 0.0062862808994738374 0.0016310765558769282 -0.0052748293008998241 -0.008068819979052155 0.011018569754687499 -0.011107278639772266 -0.009668208493858476 0.00084766051834164627 -0.010979165015082351 -0.011109442580177166 -0.0046196542487045413
leaf_weight=72.363001524470747 16.887474477058277 34.081547419773415 56.715436571510509 4.9778470220044282 12.137136647710575 52.295142938150093 26.092227537650615 63.507432871730998 4.3959065722301602 253.99261733330786 31.541545948712155 9.3722382648847979 15.686803126474841 43.400506532983854 220.23434030462522 95.762283475138247 19.134677879046649 24.485934445634484 98.762544814264402 28.791339644929394 6.1362424304243204 196.24408982996829 45.700800117570907 10.785545834340153 130.11576281720772 11.578765973448752 6.5888599406462145 11.89815033436753 7.4780901039484879 22.267245559021831
leaf_count=2658 176 1698 2708 93 312 982 409 2167 76 3343 735 191 200 1141 40894 19392 475 745 7118 773 211 31491 6131 257 26111 898 117 290 140 1918
internal_value=-0.000169498 -0.00285876 -0.00421374 0.00349729 -0.000546218 0.00172537 0.00332952 0.00576118 0.0066956 0.00812166 0.00878639 0.00998245 0.00652584 0.00426592 -0.00633136 -0.00625542 0.00106314 0.00743438 -0.000907984 0.0126228 0.019533 -0.0038282 -0.0034381 0.001281 -0.00809552 0.000803793 -0.00862455 -0.00484576 0.000470124 0.00108456
internal_weight=1633.41 943.643 816.742 689.769 304.036 213.799 180.613 126.901 385.732 313.369 302.384 263.365 111.382 95.6956 602.943 123.424 154.52 36.6231 117.897 51.8151 23.0237 252.593 102.416 27.6615 350.35 75.0862 10.9848 16.876 39.0196 56.3488
internal_count=153850 117499 113274 36351 29091 11162 9059 4225 7260 4602 4409 3534 2323 2123 102112 20032 8650 1057 7593 1160 387 35107 8839 640 67005 3065 193 383 875 3616
is_linear=0
shrinkage=0.025


Tree=9
num_leaves=31
num_cat=0
split_feature=31 60 77 46 77 12 68 77 50 19 77 30 60 68 5 36 11 12 16 3 77 55 13 4 19 55 0 55 73 41
split_gain=24.2836 17.4194 15.9662 12.0874 13.5823 9.08391 7.88631 6.95487 6.55071 5.91086 5.75585 5.72589 5.08163 4.94251 4.86311 4.56685 4.40938 4.63461 4.27103 3.98899 3.36391 3.3533 3.24623 3.14209 3.31653 3.06403 3.02032 2.8833 2.87564 2.60289
threshold=-0.10159457517299335 0.96319682362627157 -0.86499169305181278 0.83822986355835305 0.81087624291457894 0.027823423229567219 0.35566979623771139 0.81087624291457894 -1.8094250573680029 0.14863888628486679 0.68066091030465137 0.024626242791442102 0.54808720726270865 0.7458505509641874 -0.028051031546362733 0.033287673314118423 0.042593097406731416 0.01508774567624154 0.7734651177558487 0.018072688051846812 -1.4918301899040547 0.3650000000000001 0.0035721554278225292 -0.038372888447281754 0.033056573080412995 1.0650000000000002 0.022183575377348389 1.5300000000000002 -0.83520877524726977 -0.018818410109997626
decision_type=10 10 10 10 10 10 10 10 10 10 8 10 10 10 10 10 10 10 8 10 8 2 10 10 10 2 8 2 10 10
left_child=3 2 6 5 18 12 15 22 27 21 -3 -7 16 -9 -12 20 17 -1 -5 -16 -2 -10 -4 24 -14 -21 -15 28 -6 -20
right_child=1 10 7 4 8 11 -8 13 9 -11 14 -13 23 26 19 -17 -18 -19 29 25 -22 -23 -24 -25 -26 -27 -28 -29 -30 -31
leaf_value=0.0015877318302615091 0.019252404207393607 -0.0018245820915320052 -0.001264167685322423 0.018725909846665688 0.01529419502795889 0.024762573261844122 -0.0075603803254186419 -0.0039276216187414358 0.0048536987029620142 0.014021968511244758 -0.0022160638694356362 0.0085005900356982661 -0.0051441792375463338 0.0076654380195056368 0.022792894449284923 -0.0014266143314597775 0.02429189411983948 0.0076786406239392566 -0.0104474203084719 0.014468309659484849 0.0059859552433999437 -0.0088473978051921212 -0.0078684929510739587 -0.01001704629162533 0.015101230777899944 -0.0016806708393818815 -0.010523883367630219 -9.4028795746206451e-05 0.00056974983279188529 -0.0026913083324318857
leaf_weight=140.40064400713891 13.90991795854643 24.951551354955882 55.995177656412125 2.766640477348119 44.990749334450811 23.06319746398367 36.187554887263104 116.92113266908564 14.262732556089757 11.821992469020186 11.04747173655778 40.521256241248921 10.02115819999017 43.981513750040904 23.642192650586367 43.868459251476452 6.811385989887639 187.93081023171544 71.843773930799216 15.897975954692813 94.026714672334492 36.063531350810081 418.79969172505662 21.410425438545644 7.6937862921040496 11.158290564781053 5.1485809436999252 12.675503043690695 11.528376113623379 49.548044394701719
leaf_count=6758 100 4059 8739 31 670 289 6999 10781 694 171 111 681 416 1815 217 2874 58 3242 12697 317 2560 2713 78710 507 152 196 222 287 318 6896
internal_value=0.000101034 -0.00256566 -0.0036896 0.00363141 -0.000662486 0.00614908 0.00267698 -0.00557044 0.00488791 -0.000900417 0.00799769 0.0148643 0.00460571 -0.0011026 0.0120451 0.00520656 0.00560946 0.00511208 -0.00658447 0.0152766 0.00795723 -0.00479627 -0.00711052 -0.00371742 0.00365232 0.00775434 0.00540481 0.0101201 0.012495 -0.00740015
internal_weight=1608.89 915.536 828.839 693.354 255.501 437.853 187.993 640.846 131.343 62.1483 86.6975 63.5845 374.268 166.051 61.7459 151.805 335.143 328.331 124.158 50.6985 107.937 50.3263 474.795 39.1254 17.7149 27.0563 49.1301 69.1946 56.5191 121.392
internal_count=154280 117700 112800 36580 24477 12103 12533 100267 4853 3578 4900 970 11133 12818 841 5534 10058 10000 19624 730 2660 3407 87449 1075 568 513 2037 1275 988 19593
is_linear=0
shrinkage=0.025


Tree=10
num_leaves=31
num_cat=0
split_feature=31 61 76 46 76 33 16 33 76 19 76 40 38 9 39 44 76 35 66 65 18 55 24 29 35 52 51 34 54 38
split_gain=27.2816 13.6716 17.0101 12.5634 12.135 5.67556 5.07432 4.98139 4.82233 4.5305 4.49759 4.42889 4.33941 4.30856 5.6111 3.88117 4.46291 3.4481 3.42752 3.25362 3.08438 4.80611 2.89788 2.89271 2.8403 2.77563 3.43412 2.71772 4.10328 3.61044
threshold=-0.10389601928221158 1.7141006135769687 0.032874473143845249 0.86305013525427798 0.87710098870056508 -0.038418785051624431 0.80681641837514628 -0.0037120478263331642 0.86951945080091542 0.059189786461537726 0.032874473143845249 0.011908652628936825 8.5179428205923653 -0.13103404911803204 -0.0018534438041721832 -0.57438047598445452 0.88102523738972327 -0.18742325975106164 0.93292043769494315 -0.33560859129883364 0.056057527696448457 1.1750000000000005 0.733353130887894 -0.08533346084299008 -0.22070991931827258 2.1000000000000005 1.8050000000000004 -0.073432493079451697 110.17470000000002 8.0346170470787843
decision_type=10 10 10 10 10 8 8 10 8 8 8 10 10 10 10 10 10 8 10 10 10 2 8 8 10 2 2 10 2 10
left_child=3 2 7 5 6 12 -5 9 -3 -2 25 15 17 14 -12 -4 -17 23 -19 -10 -21 -22 -14 -1 -15 26 -7 28 -6 -30
right_child=1 8 11 4 27 10 -8 -9 19 -11 13 -13 22 24 -16 16 -18 18 -20 20 21 -23 -24 -25 -26 -27 -28 -29 29 -31
leaf_value=0.0097561172656816658 0.016956758420187713 -0.0025142033032316616 0.00057473877972057531 0.015524117884102738 -0.0032316357781515142 0.0051348966859996277 -0.0085493583047133014 0.00013129962028599835 -0.0049373556354989773 0.0013117706062169814 0.00029524205257566607 -0.01155012348501658 0.0081896746322913643 -0.013389862128528366 0.010120517272139034 -0.0067746893777732983 -0.0014139391518199365 0.011225460202828028 0.024098734412129386 0.016441957163209911 0.011244275552042757 -0.0089632063251745327 -0.015366972426945276 -0.0072248436536198604 0.0010831606022101131 -0.00030184789243024044 0.023279218025494194 -0.0010750006826562328 0.01217374173702292 -0.0031501642742433177
leaf_weight=17.249131934484467 28.373528409516439 30.077777140308172 70.781842073425651 4.4939875635318458 18.445725106168538 13.725398693699391 101.09926396247465 67.756567789008841 7.7056923038326195 21.1757182253059 62.61173189629335 70.115435649175197 5.1287449519149941 7.8198821367695919 91.263064776314422 427.83733987039886 131.26962600066327 52.464793962542899 21.565064115915447 32.271034648176283 21.655949745094407 9.4125919688958657 5.2520082257688046 7.9738466700073358 135.90175840631127 7.3425051320809862 16.412919988157228 38.957792034139857 55.05446285312064 10.184122734703122
leaf_count=220 436 4932 7442 43 642 146 18808 2978 139 666 3389 12178 74 157 2146 79590 9964 1199 288 279 264 132 89 126 4177 112 160 1579 1526 438
internal_value=-0.000173814 -0.00297864 -0.0040578 0.00364156 -0.00109569 0.00608605 -0.00729165 0.00468228 0.00561551 0.0106075 0.00440535 -0.00553866 0.0110518 0.00331276 0.00620419 -0.00483692 -0.00553518 0.012665 0.0153998 0.00914571 0.0110352 0.00478409 -0.00343825 0.00401969 0.000139581 0.0125146 0.0157684 0.00419734 0.00672065 0.00965501
internal_weight=1591.38 918.433 817.31 672.946 228.235 444.711 105.593 117.306 101.123 49.5492 335.077 700.004 109.634 297.596 153.875 629.889 559.107 99.2528 74.0299 71.0453 63.3396 31.0685 10.3808 25.223 143.722 37.4808 30.1383 122.642 83.6843 65.2386
internal_count=154319 119000 113254 35319 23036 12283 18851 4080 5746 1102 10287 109174 1996 9869 5535 96996 89554 1833 1487 814 675 396 163 346 4334 418 306 4185 2606 1964
is_linear=0
shrinkage=0.025


Tree=11
num_leaves=31
num_cat=0
split_feature=31 76 61 68 79 12 77 9 2 20 40 62 65 39 53 49 42 67 15 59 13 31 58 77 77 20 45 44 68 20
split_gain=23.6407 16.6676 19.9492 11.8996 10.1127 8.19083 7.07384 5.01695 5.84991 4.88462 4.58711 4.1175 4.12512 4.01782 3.82103 3.76434 3.59249 5.62569 3.59171 3.71346 3.56401 3.36036 3.22242 3.33143 2.89204 3.4659 2.6545 2.33884 2.29898 2.13399
threshold=-0.10159457517299335 0.041096651466261326 1.7141006135769687 0.29184111412805475 1.5277938520764771 0.015264710913141513 0.81087624291457894 0.42043145085178552 -0.072439922727784531 0.40636543311932011 0.011908652628936825 0.9827026824866999 1.5810443128117015 -0.0065996135389039248 28.605000000000004 -0.93814057252031724 -0.0073641257586687303 1.4788157009192411 1.1298309073990336 1.0000000180025095e-35 0.010862431510595688 -0.22960367831985237 0.95557904627672086 0.81087624291457894 -1.2589708883245441 0.099214720497470862 0.057824797352167299 -0.58168385514865362 0.045027076366764097 -0.16212538989386791
decision_type=10 10 10 8 8 10 10 10 10 2 10 10 10 10 2 10 10 10 10 8 8 8 10 10 8 2 8 10 10 2
left_child=3 18 10 5 7 28 -4 14 -9 11 22 12 -7 29 21 -13 -8 -18 19 24 -15 -5 27 -24 25 -2 -22 -3 -1 -6
right_child=1 2 6 4 13 9 16 8 -10 -11 -12 15 -14 20 -16 -17 17 -19 -20 -21 26 -23 23 -25 -26 -27 -28 -29 -30 -31
leaf_value=0.0081780628486024624 0.019946098794299622 -0.00030921584321803977 -0.0040489216830983587 0.0052696262621235957 0.0081250998910565083 0.0090050729466327525 0.021998427406202462 -0.0075236050442503231 0.021313504339344577 -0.0022766313749916422 -0.012321416559775861 0.0099115961493115683 0.017717847926013625 -0.0035617649750437569 -0.011825754917616484 -0.0099085950263132216 0.012155064882136536 -0.0051377600609098292 -0.0072105724605417785 0.00041489043229821335 -0.00034012893110818863 -0.002424803937618725 -0.0051265054208947452 0.010660102933848812 0.005246973401043682 0.0014042526232823521 0.017189098496039151 -0.0059564760848157157 -0.0029443637820615572 -0.011834975408285436
leaf_weight=13.287234435789285 24.812237775884569 53.733130897395313 27.128509069094434 40.125956176547334 4.3671265747398138 173.40657140850089 13.694786731386555 5.5699120971839902 11.181853045593014 20.666698498418555 60.113705505384132 10.279112176038327 47.405050720088184 6.3023899579420677 22.371645460254513 11.279658519197254 40.140316623495892 14.935153384460135 11.639784018276258 43.953869677148759 5.2137575638480511 235.58126022596844 15.155991275794806 15.347857814747838 49.599864367395639 9.7582803282421064 39.450786219444126 497.28936286806129 55.568230217788368 6.6333355879178253
leaf_count=363 307 6223 4548 2439 202 2611 102 203 324 585 11732 104 400 166 4290 106 564 163 1045 2259 352 21006 2668 344 1358 279 861 86242 2145 283
internal_value=0.000139078 -0.00259778 -0.00410373 0.00353632 0.000470139 0.00698062 0.00643734 -0.00133583 0.0114455 0.00898383 -0.00569993 0.00998127 0.010995 0.0096153 -0.0021222 -0.000104556 0.0106796 0.00732283 0.00526324 0.00651085 0.0125529 -0.0012599 -0.00497862 0.00268273 0.00955573 0.0151446 0.015024 -0.00542123 -0.00058766 -0.00327642
internal_weight=1585.99 877.303 737.539 708.691 376.798 331.893 95.8988 314.831 16.7518 263.037 641.64 242.37 220.812 61.9674 298.079 21.5588 68.7703 55.0755 139.764 128.124 50.9669 275.707 581.526 30.5038 84.1704 34.5705 44.6645 551.022 68.8555 11.0005
internal_count=154274 117834 112586 36440 30126 6314 5377 28262 527 3806 107209 3221 3011 1864 27735 210 829 727 5248 4203 1379 23445 95477 3012 1944 586 1213 92465 2508 485
is_linear=0
shrinkage=0.025


Tree=12
num_leaves=31
num_cat=0
split_feature=31 69 61 76 76 12 33 12 50 76 53 36 62 25 53 52 48 62 12 73 3 54 55 53 4 47 31 24 47 42
split_gain=20.1657 14.3058 11.9212 14.1262 9.82946 6.7803 5.37354 5.31428 4.53323 4.44071 4.15895 4.07808 3.87411 3.67449 3.34291 3.28247 3.24108 4.68043 3.14777 2.92316 2.79788 2.74796 2.72727 2.61879 2.57422 2.57076 2.55974 2.3013 2.21899 2.12837
threshold=-0.10749968865556019 -0.45411984809174283 1.7141006135769687 0.032874473143845249 0.87710098870056508 0.015264710913141513 -0.038418785051624431 0.022184451606961652 -0.38905895091989612 0.87710098870056508 19.105000000000004 0.047071169439254164 0.16224473220570537 0.51139617366334 13.440000000000001 0.66500000000000015 0.16408839552231144 0.9896587273069487 0.015830344980844843 1.0899753113679955 -0.019710385681289629 115.85390000000002 1.0950000000000002 10.080000000000002 0.32850349713364285 1.6380501031927128 -0.064268190077742801 -0.2423269031284862 0.83199595232251433 0.0021170978789746072
decision_type=10 10 10 10 8 8 8 10 10 10 2 10 8 10 2 2 10 10 10 10 10 2 2 2 10 10 8 10 8 8
left_child=1 5 3 11 -3 -1 14 12 9 -4 21 19 29 -10 -7 -16 17 -9 -11 27 -15 24 -22 -8 -5 -25 -21 -2 -18 -6
right_child=2 4 8 10 7 6 23 16 13 18 -12 -13 -14 20 15 -17 28 -19 -20 26 22 -23 -24 25 -26 -27 -28 -29 -30 -31
leaf_value=-0.0011009630096598822 0 -0.0072301053108328366 -0.0010959200717368118 -0.0036613350155644663 0.01718976849053026 0.022111533566931189 0.020461924599307957 0.013546637042121362 0.015608966636911553 0.00052431389801734863 -0.0092017614728947348 -0.0043809997952310659 -0.0041334978416695768 0.0086153401525888712 0.013686773923081864 0.0029682124600950155 -0.014085737762739145 -0.0016265851069787859 0.016741757850225036 0.025924773063821949 -0.00094019675746443506 -0.0087310640516949905 -0.01740527683296934 0.005419042017343171 0.008131886872005667 -0.0073081369557632175 0.0065244866054654412 0.0088937621100603631 0.00327604354505706 0.00052198708696044288
leaf_weight=62.474312345031649 41.3454495142214 103.17326205049176 17.069969675736502 471.35909085883759 7.7060158532112837 19.374072077218443 6.1865968927741042 47.783398233354092 5.3772040251642457 10.674336853902785 126.14177233388182 25.354349134257063 77.280807807575911 6.2844712233636519 52.960571200354025 30.872398055624217 5.1771402471931651 15.698306367034091 36.030032026348636 7.4073708322830498 15.69934150320478 70.762206551153213 10.820383892394601 196.42994555574842 10.379253451013936 8.940448629204182 13.688829928403722 31.777971021598205 14.447459411108868 12.67649166705087
leaf_count=2349 1213 18402 2823 73847 203 152 59 774 203 117 23514 1867 6320 165 646 300 374 236 329 58 1267 12624 737 3019 708 104 254 696 634 264
internal_value=-0.000192051 0.0031147 -0.00263011 -0.00366486 -0.0011001 0.00630038 0.00779173 0.00238196 0.00534665 0.00938062 -0.00506531 0.00419267 -0.00150778 -0.00128137 0.0125126 0.00992534 0.00699839 0.00971795 0.0132978 0.00660451 -0.0047237 -0.00408947 -0.00839138 0.00539583 -0.00337214 0.00478944 0.0147014 0.00396798 -0.00149174 0.00777647
internal_weight=1561.35 661.181 900.172 798.216 283.943 377.238 314.764 180.77 101.956 63.7743 678.642 119.574 97.6633 38.1814 103.207 83.833 83.1063 63.4817 46.7044 94.2196 32.8042 552.501 26.5197 211.557 481.738 205.37 21.0962 73.1234 19.6246 20.3825
internal_count=154258 33836 120422 114781 27207 6629 4280 8805 5641 3269 110693 4088 6787 2372 1098 946 2018 1010 446 2221 2169 87179 2004 3182 74555 3123 312 1909 1008 467
is_linear=0
shrinkage=0.025


Tree=13
num_leaves=31
num_cat=0
split_feature=31 60 76 68 12 19 18 70 18 32 68 70 58 77 58 51 30 77 11 19 14 53 76 55 24 55 53 77 11 6
split_gain=16.3664 12.2124 13.2533 10.7562 7.6345 5.5021 5.78948 6.17802 5.24056 4.96023 4.83887 4.21948 4.11107 4.05265 3.9137 3.84025 4.64092 4.14588 3.55353 3.55141 3.48327 3.32572 3.23213 3.17132 3.05352 2.98255 2.96627 2.88774 2.81552 2.72552
threshold=-0.10159457517299335 0.96319682362627157 0.045216579338667427 0.22014519760851001 0.015961857490939178 0.1250451485677119 -0.16192866388934621 0.16078815401502275 0.046215654075378761 0.36163280731268527 0.39542131205765924 0.76155482583902701 0.93650786541011222 0.78867857508843631 0.31969845845808736 2.8150000000000004 0.016763341859663997 -1.3103193647291778 0.0079834297258396334 0.091226195732895379 0.0056210611861299171 22.005000000000003 0.8732865396808388 1.5050000000000001 -0.71688063379115674 0.33500000000000002 22.380000000000006 -1.3103193647291778 0.009196399800925131 -0.095151971409657851
decision_type=10 10 10 8 10 10 10 8 10 10 8 10 10 10 10 2 10 8 10 8 10 2 8 2 10 2 2 8 8 10
left_child=3 2 11 4 -1 6 7 26 24 -10 14 19 21 -14 -8 16 20 -18 -12 27 -6 -4 -11 -15 -3 -17 -5 -2 -21 -9
right_child=1 8 12 5 15 -7 10 29 9 22 18 -13 13 23 -16 25 17 -19 -20 28 -22 -23 -24 -25 -26 -27 -28 -29 -30 -31
leaf_value=-0.00029285936405790472 0.015997594890136347 -0.0011106102144616786 -0.0049417745946065805 0.015114287255136336 0.0036114601319521249 0.0095096040152717071 0.0032648498141363727 -0.0081275733852634972 -0.0052222649191051521 -0.0030477618184408099 0.011893301676527466 -0.0033618835516371864 -0.0051181680252087381 0.012290218063678048 -0.0092656576163827314 -0.013422667570345792 0.019964764351849781 0.0044615671073817897 -0.0057189781297832011 0.003569851849774144 0.017870685886036415 -0.011184680490363093 0.015317259745627053 -0.0071028135429595535 0.016542097916401863 0.007031786065982564 -0.00064066273405809031 0.0049102711192709871 -0.012637547566304126 0.0027364219356296421
leaf_weight=68.289972445229068 25.41293946816586 6.4650519788265219 503.32572076003999 33.095128947519697 15.533671368844805 36.500118517549708 106.89068014337681 18.534030971233733 31.783200588542968 7.5634657174814519 6.1182159224990746 38.683826220221817 27.861526462133043 22.110667577711869 16.835105157690123 6.9679868910461655 11.864927878137676 88.205814340151846 168.1187213313533 24.088562266668308 59.844156777486205 62.415526349446736 16.71470527886413 5.419943541288375 30.143281096825376 8.2829672265797836 8.2812986900098604 43.138955562142655 7.8525884938426307 52.280579103156924
leaf_count=2164 308 247 88616 970 168 1303 2922 1237 2408 1294 270 2903 5220 583 1073 116 94 1373 20342 666 630 13170 189 121 839 110 725 1089 490 3025
internal_value=-7.65307e-05 -0.00240977 -0.00346193 0.00273257 0.0067749 0.000360031 -0.000461335 0.00432775 0.00607671 0.00105565 -0.00229975 0.00345675 -0.00502792 0.00133819 0.00142719 0.00933097 0.0103797 0.00658856 -0.00498066 0.00616397 0.0151328 -0.00566597 0.00942749 0.00807407 0.0132899 -0.00215513 0.0118557 0.0093325 -0.000501675 -9.08754e-05
internal_weight=1558.62 852.98 760.31 705.643 258.989 446.654 410.154 112.191 92.6697 56.0614 297.963 139.177 621.133 55.3921 123.726 190.7 175.449 100.071 174.237 100.493 75.3778 565.741 24.2782 27.5306 36.6083 15.251 41.3764 68.5519 31.9412 70.8146
internal_count=154665 118143 113166 36522 4655 31867 30564 5957 4977 3891 24607 5456 107710 5924 3995 2491 2265 1467 20612 2553 798 101786 1483 704 1086 226 1695 1397 1156 4262
is_linear=0
shrinkage=0.025


Tree=14
num_leaves=31
num_cat=0
split_feature=31 76 76 4 68 79 33 40 54 12 34 11 58 16 68 43 38 66 77 35 20 72 45 47 16 30 21 44 11 46
split_gain=21.035 9.60239 10.9008 10.5106 8.90021 6.46625 6.12891 5.04845 4.6484 3.97005 3.67271 3.59251 3.50246 3.46346 3.43381 3.39289 3.23849 3.4149 3.1908 5.13631 3.07717 2.90429 2.89768 2.89377 2.81034 2.80885 2.53346 2.44662 2.22295 2.21226
threshold=-0.1101106527251091 0.032874473143845249 0.87710098870056508 0.36719754178487513 0.15231194475352799 1.477543155792322 -0.0032350417156841167 0.011694041992386961 118.87420000000002 0.01463832329694323 -0.16376557386011928 0.011079977916266096 0.82006229090193472 0.89658726832163815 0.95197418202040296 0.19495325907006852 2.4256116121903677 0.92502676659528926 -1.2589708883245441 -0.014716897762378943 0.18651037684491803 0.045027076366764097 0.054628235259902465 0.60929819016371412 0.85135561022584405 0.096412797664359409 18.060059137013159 -0.5473473512913325 0.0086216054660781302 1.2606580662628797
decision_type=10 10 10 10 8 8 10 10 2 10 8 8 10 10 8 8 10 10 8 8 2 10 8 10 10 10 10 10 10 10
left_child=4 6 7 12 9 8 18 13 10 -1 14 -12 29 27 -6 -5 17 25 19 -2 26 -14 -19 28 -10 -7 -11 -3 -8 -4
right_child=1 2 3 15 5 16 23 -9 24 20 11 -13 21 -15 -16 -17 -18 22 -20 -21 -22 -23 -24 -25 -26 -27 -28 -29 -30 -31
leaf_value=-0.00016440087340424149 0.022657261743127835 0.0025700946977856888 -0.0065564071949274234 0.022988049347228534 0.01144752390903994 0.0085226350274481069 0.0054085824036422987 -0.011860159223930543 0.0070807319577903399 0.00067298919319638492 0.0065038702320244562 -0.00078922364595778664 0.014703697776449984 -0.0063443585813622669 -0.0038617406697477041 0.0039866625072710622 -0.0012381049712778839 0 0.0038290219786575423 -0.0014706868756059548 0.0014719698337838311 0.00089433769066154785 0.02231271538431822 -0.013019701665639176 -0.01377612026949373 -0.011604182854324031 0.013086765288946376 -0.0034408395459377609 -0.0039316149803734777 0.0024002961658587041
leaf_weight=26.325499241938815 19.249641370726749 51.509141732472926 65.514342137612402 15.578684495761989 35.396586124785244 24.471095009939749 33.782527739182115 63.869553361320868 3.6958139017224338 12.96489098202437 48.176765104522929 286.30110600881744 10.013530563795937 263.38924279529601 10.678689060965551 11.633148991968485 13.922788571799172 3.7647478515282273 28.869095164583996 6.5852623631944907 23.780826049624011 75.262576732551679 19.878291054861624 9.3166271194349957 19.706412106868811 3.8520294860936692 103.73470037733205 195.71646369923837 27.432229114463553 21.090210929047316
leaf_count=874 191 3500 8704 154 872 563 935 12782 125 146 2382 21155 104 54015 298 157 385 188 796 213 390 2331 460 908 3484 273 1189 34050 1302 1328
internal_value=3.7657e-05 -0.00241887 -0.00346389 0.0015414 0.00351553 0.00172456 0.0039485 -0.00521114 0.000509587 0.00846717 0.00120446 0.000258395 -0.000740346 -0.00433895 0.00773275 0.0156403 0.00891925 0.0117482 0.0101427 0.0164374 0.0101253 0.00278416 0.0186952 -0.000840474 -0.00999273 0.00517089 0.0117921 -0.00215191 0.00110767 -0.00428683
internal_weight=1535.46 898.812 773.577 199.092 636.65 469.844 125.235 574.484 403.955 166.806 380.553 334.478 171.881 510.615 46.0753 27.2118 65.889 51.9662 54.704 25.8349 140.48 85.2761 23.643 70.5314 23.4022 28.3231 116.7 247.226 61.2148 86.6046
internal_count=154254 121470 117125 12778 32784 30185 4345 104347 28316 2599 24707 23537 12467 91565 1170 311 1869 1484 1200 404 1725 2435 648 3145 3609 836 1335 37550 2237 10032
is_linear=0
shrinkage=0.025


Tree=15
num_leaves=31
num_cat=0
split_feature=31 76 60 69 76 7 4 76 10 40 60 6 54 35 62 18 76 32 37 38 44 35 13 73 15 48 69 59 57 42
split_gain=17.8276 10.3498 12.701 10.23 8.68494 8.45803 6.00901 5.6179 5.39836 5.13369 4.2407 5.02012 4.38363 3.59623 4.51869 3.49254 3.44968 3.17624 3.39406 3.04902 2.83364 2.9033 2.62607 2.4969 3.25729 2.2019 2.08277 2.02616 2.01193 1.95023
threshold=-0.10159457517299335 0.032874473143845249 0.96719734942567903 -0.44375376915113135 0.87710098870056508 0.018072688051846812 0.04218648826135641 0.0085929207623794378 0.01818123484044009 0.011694041992386961 0.02098638197417332 0.00049056637201072572 113.53170000000001 -0.26904070523110363 0.16224473220570537 0.043764779314290465 0.88502140245070315 0.098610763807348137 -0.92812976168129924 8.5179428205923653 -0.66307984687311317 0.3506765504618809 0.023829970385084751 1.0899753113679955 -0.031367566674017681 0.47053891207138066 -0.38490383309661358 3.0192367393261228 0.26257898359718645 -0.009758370982195284
decision_type=10 10 10 10 8 10 10 8 8 10 10 8 2 8 8 10 10 10 10 8 10 10 10 10 10 8 10 10 10 10
left_child=3 15 9 7 26 16 13 -1 10 20 11 -9 -12 -6 -15 23 -4 19 -19 -10 -3 -22 25 24 -2 -8 -5 -11 -26 -7
right_child=1 2 5 4 6 29 22 8 17 27 12 -13 -14 14 -16 -17 -18 18 -20 -21 21 -23 -24 -25 28 -27 -28 -29 -30 -31
leaf_value=0.01739965068399698 -0.014870030185199773 0.0034431847402139962 -0.0012515008003328295 0.0026290905649382062 0.011019119970308135 0.014794477600227413 0.020151124286634146 0.014404229414096543 0.012669509231165874 -0.012399724095861646 -0.0027029134246302805 -0.002088022434074569 0.0048505787628851981 0.0097680129201484656 -0.0027765342843606875 -0.0010692481889259375 0.018527453662937805 -0.015042382071560709 0.0052451014964178741 0.00020048455338297498 -0.004753794834472122 0.0094895622596592871 0 0.015364425099280307 0.0090951531438671716 0 -0.0075927020274883421 0.011874643749844468 -0.0017493470357607438 -0.00290662579431498
leaf_weight=22.664195044431835 3.654676260193809 27.555634974967688 5.7751090254168949 12.535968702984972 16.87329155462794 2.9997858088463536 18.468533623265103 32.440770525485277 86.719062133226544 62.056581278331578 106.34078541956842 16.027109227143228 85.039182411041111 19.87434393609874 116.3882895570714 45.952870116569102 27.642299710772932 4.8983750343322745 29.83223443897441 15.716969185508786 531.00777652277611 7.6766111403703681 7.4770224399399003 18.633944778237492 38.768484036438167 4.2424412688706132 94.376502532861196 1.0026744711212803 12.664583310019223 42.849885192001238
leaf_count=172 52 2946 681 470 324 90 326 348 1396 12893 2304 195 2041 487 7644 2611 191 68 659 208 93085 521 155 313 729 154 19391 34 447 3263
internal_value=-7.57991e-05 -0.00255152 -0.00370576 0.00288471 -0.000664347 0.00562021 0.00260647 0.00547492 0.00468531 -0.00490083 0.00235943 0.00888097 0.000623827 0.000508749 -0.000823012 0.00418943 0.0149678 0.00864237 0.00176822 0.0108532 -0.00410926 -0.00451628 0.0125824 0.00753204 0.00447835 0.0166273 -0.0063089 -0.0116825 0.00630337 -0.0012413
internal_weight=1518.16 828.241 708.566 689.915 290.236 79.2671 183.324 399.679 377.014 629.299 239.848 48.4679 191.38 153.136 136.263 119.675 33.4174 137.167 34.7306 102.436 566.24 538.684 30.188 73.7217 55.0877 22.711 106.912 63.0593 51.4331 45.8497
internal_count=154198 117856 113704 36342 28951 4225 9090 7391 7219 109479 4888 543 4345 8455 8131 4152 872 2331 727 1604 96552 93606 635 1541 1228 480 19861 12927 1176 3353
is_linear=0
shrinkage=0.025


Tree=16
num_leaves=31
num_cat=0
split_feature=31 65 44 61 46 12 71 47 68 70 28 72 48 54 58 62 75 60 50 51 14 12 5 75 79 60 44 47 11 60
split_gain=18.1375 8.24881 7.88948 9.12882 6.92927 5.47118 4.847 4.60826 4.33251 5.19023 5.49115 4.82087 4.51154 6.02976 4.71403 4.25484 3.81171 3.42227 4.85559 3.11159 2.96749 2.96329 2.84956 2.64274 2.61477 3.51211 2.58864 2.49195 3.03603 2.43686
threshold=-0.11404020908492184 0.51879031766470096 -0.69413195161276042 1.6493751581776175 0.79601474321499566 0.017471491754389151 -0.1783210097896383 0.52576230174905192 0.73796837951900995 0.61865266270155062 0.45147206458491917 0.060860746097539477 1.0691110021353787 116.28855000000001 0.02098638197417332 0.69085146289890209 0.42006489198011582 0.012806844896397137 -1.3711211371213032 1.2950000000000002 0.0062560469180260271 0.02829754918668544 -0.014868177318761553 -0.039382101272253507 -1.9675594575294693 0.97486908239256875 0.13912197684717797 -0.42198463952667326 0.010917128525171805 0.084867306606437057
decision_type=10 8 10 8 8 8 10 10 10 8 8 10 10 2 10 10 10 10 10 2 10 8 10 10 10 10 8 10 10 10
left_child=1 4 7 -4 5 27 24 22 9 12 21 17 13 -3 -14 -7 -12 -10 -19 26 -6 -11 -2 -24 -5 -26 -8 -1 -29 -13
right_child=2 8 3 6 20 15 19 -9 11 10 16 29 14 -15 -16 -17 -18 18 -20 -21 -22 -23 23 -25 25 -27 -28 28 -30 -31
leaf_value=0.0083259083644350793 0.0208208334367814 0.009019238859888902 -0.004054462726860315 -0.0089808070091270589 0.00022653522888289981 0.012429685040106893 -0.0039388826869266409 -0.0056271901459179659 -0.0046612225337105918 -0.0044262605813939733 0 0.0023131978510644866 -0.01665819489239365 0.022814347169009302 0.0081394157454678182 -0.00096771978644804256 -0.019168799896471845 0.013293424012449149 -0.0032614582503177991 -0.0026871364338798224 -0.0076786272899108214 0.01592061650985924 0.0072365711708202805 -0.0042640834656441076 0.0031481769189232508 0.01984443783958342 0.017823138389504983 0.0062867781449057573 -0.0047041394463682865 -0.010690038697425063
leaf_weight=16.280158730223775 7.4778147710021576 138.30377869610675 689.6142039061524 2.5601553022861472 48.886295335367322 51.915595701429993 3.9624035335145873 22.03734565351624 13.927673254627733 4.9479517156723913 18.357899311813529 13.025595858693121 6.8226720788516131 24.186810517916456 10.463473462034015 18.928577464539558 8.6206411165185255 37.551570124342106 14.018820704426615 57.45503698498942 67.676638905075379 14.366449704859404 64.292439052835107 13.710832776501773 15.860109744360669 18.838845622958615 8.4314740411937219 19.120236732065678 64.033707875292748 21.416977020329796
leaf_count=533 189 2756 111505 66 4223 1170 479 2108 595 157 330 1694 115 363 364 395 186 1306 1364 4639 10422 196 2085 734 539 389 252 512 1773 2685
internal_value=0.000113532 0.00343483 -0.00213077 -0.00299474 0.00031113 0.00354068 0.00372838 0.00416469 0.00614909 0.00806717 0.000415457 0.00169192 0.00998024 0.0112707 -0.00168826 0.00878949 -0.00659664 0.0056972 0.00867921 -8.84615e-05 -0.004331 0.0103886 0.00681855 0.0050864 0.0108583 0.0127822 0.0105804 -0.000184644 -0.00203452 -0.0056497
internal_weight=1517.09 612.852 904.241 796.722 286.841 170.278 107.108 107.518 326.01 226.07 46.2929 99.9406 179.777 162.491 17.2861 70.8442 26.9785 65.4981 51.5704 69.8489 116.563 19.3144 85.4811 78.0033 37.2591 34.699 12.3939 99.4341 83.1539 34.4426
internal_count=154124 31139 122985 117869 19028 4383 6364 5116 12111 4467 869 7644 3598 3119 479 1565 516 3265 2670 5370 14645 353 3008 2819 994 928 731 2818 2285 4379
is_linear=0
shrinkage=0.025


Tree=17
num_leaves=31
num_cat=0
split_feature=59 76 69 76 9 36 18 69 72 76 33 54 58 48 54 74 30 48 12 20 22 6 24 28 61 16 19 49 6 16
split_gain=15.2152 11.2617 13.2074 8.94744 7.17454 6.61079 6.07569 5.82689 4.54938 4.53469 4.61104 4.23925 3.84651 3.59611 3.29663 3.43704 3.25688 3.066 2.94866 3.96689 2.82026 2.6266 2.92125 2.57171 2.54119 2.27714 2.19838 1.97526 1.95257 1.64009
threshold=-1.0369313578773449 0.87710098870056508 -0.36614554724708254 0.029197112038970078 0.27726814283473072 -0.07771511310645661 -0.16192866388934621 -0.44375376915113135 0.02098638197417332 0.12882765826345544 -0.0074014282492929065 113.53170000000001 0.39957034206494257 1.2410441347882937 113.53170000000001 0.00560228485343042 0.0085815160686357767 0.59222521729760114 0.015961857490939178 0.39449689953096184 1.199920911415284 0.070702494383557149 0.42898906742948978 0.3176512299063633 -1.283863352098942 0.4201701899397699 -0.21614061876744636 -3.1989901238421576 -0.055686118120612464 0.71300894695153305
decision_type=10 8 10 8 10 10 10 8 10 10 10 2 10 10 2 10 10 10 10 2 10 8 8 10 8 10 8 10 8 10
left_child=3 2 5 25 23 12 14 18 -6 10 -7 -4 16 20 21 -16 -2 -17 29 -20 -10 22 -5 24 -3 -1 -9 -28 -26 -8
right_child=1 4 11 6 8 9 7 26 13 -11 -12 -13 -14 -15 15 17 -18 -19 19 -21 -22 -23 -24 -25 28 -27 27 -29 -30 -31
leaf_value=0.022419536043143031 0.011418431902499037 0.017326969779911522 -0.0041374957355216728 -0.0051148953865918032 0.020232238470959105 0.0085645725383842308 -0.001987742759212196 0.0055243681833588264 0.0084429560608612585 -0.0032267538696194517 -0.00065345228432451283 -0.0097796909951822011 0.019482172279749327 -0.014154382317990736 -0.0048315151361641578 0.018443610543134151 -0.0075379935677750733 0.00032311422563046369 0.0078563530403052955 -0.007678863390429955 -0.0018943610586630976 -0.0099383310615385745 0.011069558259822426 -0.0024544712520091893 0.0076414962071811926 0.00898354105784273 0.0057806762160553067 -0.0060388812241482662 -0.00072281154973469349 0.0070381789114957426
leaf_weight=16.967235817573965 10.774681592825802 6.082426997134462 209.90325253165793 8.5843887079972774 14.37386681511998 49.201212311862037 57.802382692229003 13.165291283046825 79.683340711751953 220.02786823769566 99.348727686679922 149.38736506807618 14.843293990008531 4.3030590456910423 4.808819609694182 35.220314792823046 9.2547615747898799 8.0144492919789609 103.97875274391845 9.946980976033954 18.83355070464313 6.6331963175907722 21.002299834741279 131.30727174063213 22.975428234785795 24.200321802636608 8.2662977376021427 83.862634810851887 57.593795912340283 14.786997420131227
leaf_count=127 380 195 42087 182 125 1624 2242 1164 1543 33456 5150 32486 403 98 74 551 387 553 1331 220 639 72 278 11844 1088 654 512 9615 4650 482
internal_value=0.000169606 -0.00136995 -0.00305134 0.00423092 0.00243147 3.73051e-05 0.00296842 0.00121621 0.00738759 -0.0009408 0.00239373 -0.00652898 0.0102704 0.00530717 0.00884638 0.0131117 0.0023752 0.0153528 0.00388068 0.00636891 0.00639253 0.0027492 0.0061138 -0.000225012 0.0030554 0.0151764 -0.00342368 -0.00483732 0.0016478 0
internal_weight=1515.13 1097.89 762.741 417.24 335.153 403.451 376.073 291.809 117.194 368.578 148.55 359.291 34.8727 102.82 84.2635 48.0436 20.0294 43.2348 186.515 113.926 98.5169 36.2199 29.5867 217.959 86.6517 41.1676 105.294 92.1289 80.5692 72.5894
internal_count=154212 136155 115973 18057 20182 41400 17276 15566 2405 40230 6774 74573 1170 2280 1710 1178 767 1104 4275 1551 2182 532 460 17777 5933 781 11291 10127 5738 2724
is_linear=0
shrinkage=0.025


Tree=18
num_leaves=31
num_cat=0
split_feature=16 77 12 9 77 33 14 50 39 3 32 59 9 33 9 24 48 51 9 78 40 69 69 57 64 62 35 63 16 12
split_gain=14.9861 14.923 14.094 8.30566 7.98581 5.57621 6.05175 4.98307 4.64838 4.52219 4.52371 4.12141 3.72905 3.62679 3.60111 3.5827 3.50146 3.50208 3.81457 3.61377 3.47991 3.14985 3.11813 3.55826 3.04724 5.78127 3.6766 3.27578 3.03948 2.72415
threshold=0.78298113094037725 0.81087624291457894 0.017309315387522856 0.33660500814243272 -1.2589708883245441 -0.033182702331254969 0.0059999076397731074 -1.1493243175004622 -0.018678049831782725 -0.018213612310634782 0.43782290786953387 1.7431013050555524 -0.21142568619244292 0.0050745840877395318 0.53260261597366254 -0.36534402561519924 1.7316308484854244 2.8350000000000004 -0.12702728210512923 0.88701144605722149 0.012531923813746786 -2.0826278530100666 -0.38490383309661358 -0.6572309248046786 0.43690476190476196 0.17822896727736762 -0.23278273096337179 -1.0890960425038398 1.5598546220260385 0.025630258802715907
decision_type=10 10 10 10 10 10 10 10 10 10 10 8 8 8 10 10 10 2 10 10 10 10 10 10 8 8 10 10 8 10
left_child=2 20 4 7 8 6 -4 12 -1 11 14 -5 28 -10 -11 -14 17 18 -7 -19 22 -8 23 -2 -6 27 -27 -26 -3 -23
right_child=1 3 5 9 24 16 21 -9 13 10 -12 -13 15 -15 -16 -17 -18 19 -20 -21 -22 29 -24 -25 25 26 -28 -29 -30 -31
leaf_value=-0.0079854083669864094 0.0093523891779933085 0.018155254907748448 -0.0040300989627629156 0.022743881864431475 -0.0033487919818559705 0.011156998878724921 0.0010868454864279389 -0.0051713776725210358 0.014077929609925464 0.0061461721984890248 0.015836274061312224 0 0.0075991202991789021 0.0018052027462983748 -0.0089054610194970723 -0.0033055079562639127 -0.015044180781011768 -0.012530662062843596 0.0030666210157501077 0.012711970395104542 -0.01012750028648176 0.010845801869922782 -0.0049840319705125695 -0.0029818936018927151 -0.0048132379530647796 -0.0078574674866820054 0.001129274501937569 0.013631183982030282 0 0.022350697903286747
leaf_weight=9.4362697054166329 20.244479402317666 14.55217708298005 11.107237902702762 20.062497138278559 223.31390264327638 61.230056941974908 10.406477602198718 80.756315321894363 42.213291955413297 22.307857762789354 14.175236663082613 7.236747658345851 27.55698062852025 25.970587355084717 15.982573672314173 52.910776176606305 4.2261883455794296 11.732082580449058 99.600368756684475 3.5454569305293253 71.512349557480775 34.52805641386658 352.74769512552302 43.881077900063246 6.2260054766666135 37.046458077966236 106.90387793863192 28.219289693282917 7.8558921471703824 32.121177704771981
leaf_count=225 843 313 142 318 29423 887 160 8286 412 578 152 47 1004 441 295 2168 59 427 4680 118 13889 673 71314 4815 187 4111 6610 930 134 375
internal_value=8.52915e-05 -0.00240021 0.0025938 0.00236976 5.75957e-06 0.00716566 0.0123403 -0.000529479 0.00729868 0.00904584 0.00437805 0.0171915 0.00305991 0.00962353 -2.6219e-05 0.000393842 0.00452969 0.00514035 0.00625283 -0.0057183 -0.00498759 0.0148215 -0.00406139 0.000897507 -0.00140234 0.00099855 -0.00117768 0.0100371 0.0118094 0.0167983
internal_weight=1499.61 751.783 747.827 263.397 479.33 268.497 88.1629 183.632 77.6201 79.7649 52.4657 27.2992 102.876 68.1839 38.2904 80.4678 180.334 176.108 160.83 15.2775 488.386 77.0557 416.873 64.1256 401.71 178.396 143.95 34.4453 22.4081 66.6492
internal_count=154016 104156 49860 13295 42339 7521 1350 11905 1078 1390 1025 365 3619 853 873 3172 6171 6112 5567 545 90861 1208 76972 5658 41261 11838 10721 1117 447 1048
is_linear=0
shrinkage=0.025


Tree=19
num_leaves=31
num_cat=0
split_feature=33 76 76 69 12 16 45 9 21 62 26 64 75 17 74 76 19 14 29 38 41 71 56 41 52 33 77 76 20 64
split_gain=15.4973 13.8622 9.24694 8.44262 5.81079 9.25332 5.61413 5.24066 4.45 4.01554 4.09596 3.75012 3.52476 4.54033 3.70429 3.37826 3.1893 3.13441 2.78365 2.50334 2.42931 2.23351 2.09026 3.51731 1.99114 1.85234 1.71615 1.62893 1.60922 1.59155
threshold=-0.035685800983110409 0.02098638197417332 0.87710098870056508 -0.39517849597967869 0.019798182724293744 0.79264001174423449 0.076505353803434692 0.32969390002533178 67.439454601457911 0.12607766629505762 0.021594637741643389 0.64248871695680221 -0.22862806923492629 -0.021505081502781517 0.10876662956484869 0.87710098870056508 -0.065887544551238283 0.0070631276678370459 -0.070110629308100678 3.3468217266937632 -0.029572594946668026 -0.8509115949239846 0.1807630193304792 -0.038137704150960176 2.4250000000000003 -0.0039575662194787356 0.53564827878533039 0.35557950191570886 -0.22267783652015238 0.27001029791034442
decision_type=8 8 8 10 8 8 8 10 10 8 2 10 8 10 10 10 10 10 10 10 10 8 10 10 2 10 8 10 2 10
left_child=4 8 3 11 19 17 15 9 18 21 -11 -3 14 -14 -9 29 -13 -6 -2 26 -5 -4 -19 -24 25 -20 27 -1 -17 -7
right_child=1 2 7 20 5 6 -8 12 -10 10 -12 16 13 -15 -16 28 -18 22 24 -21 -22 -23 23 -25 -26 -27 -28 -29 -30 -31
leaf_value=0.0055674056016228697 -0.00637485538233485 -0.0026736919718431083 0.022276723732319419 -0.010364785072104685 0.0010280140270703597 -0.017363593958891959 0.01371963581629871 0 0 -0.0043060929602023856 0.0020946514063608429 0.0062876059651655247 -0.012909952364766089 0.006104594093995986 0.0189009121667396 0.0073511879006468986 -0.0014025492433028931 0.021428339607022704 0.019024057622828352 -0.0064358793795332775 -0.005137973490225268 0.0041709843540646144 0.018179676009064363 -8.6269863595529476e-05 -0.001135967270555459 0.00875949350585516 0.0069268376588679089 -0.003838415444169191 -0.0022813534635564717 -0.0029396085611839177
leaf_weight=16.97717132337857 3.9445354954805216 273.39613942243159 5.082275704247877 75.648410790367052 9.7004405495244992 5.6241301723057431 22.883823137031868 9.5823936051456275 31.93680380913429 131.91104855271988 115.05074817535933 65.825360607123002 8.3749386442359519 39.919944919180125 21.56926467968151 31.07283503934741 64.604167983634397 35.899083911790513 26.936031300690956 22.420445023919456 288.32227615721058 21.196396553190429 13.207059844629837 10.641994464676829 4.8555146211292586 31.320554516511038 34.252796695800498 29.810155748855323 14.117665191646664 25.506060922169127
leaf_count=1191 114 34238 95 17327 113 337 499 181 1456 11279 5723 1413 111 828 323 748 3934 342 390 1514 59608 877 207 246 155 782 2029 3206 445 4381
internal_value=2.37064e-05 -0.0011761 -0.00197618 -0.00351643 0.00540962 0.00825887 0.00319431 0.00135628 0.00772027 -0.000268984 -0.00129828 -0.00100006 0.0069599 0.00242265 0.0134115 -2.83553e-05 0.00244349 0.0152101 0.0113242 0.000651891 -0.00627535 0.00876547 0.017324 0.0101159 0.0126453 0.0139198 0.00276928 -0.000215269 0.00419911 -0.00632526
internal_weight=1491.59 1219.48 1120.48 767.796 272.114 168.653 99.2045 352.687 98.9934 273.24 246.962 403.826 79.4465 48.2949 31.1517 76.3207 130.43 69.4486 67.0566 103.461 363.971 26.2787 59.7481 23.8491 63.1121 58.2566 81.0401 46.7873 45.1905 31.1302
internal_count=154092 138834 135937 116520 15258 7318 6410 19417 2897 17974 17002 39585 1443 939 504 5911 5347 908 1441 7940 76935 972 795 453 1327 1172 6426 4397 1193 4718
is_linear=0
shrinkage=0.025


Tree=20
num_leaves=31
num_cat=0
split_feature=31 69 76 61 76 65 20 47 20 11 9 9 67 59 70 1 73 33 73 54 54 53 54 61 33 41 60 41 47 48
split_gain=16.6628 9.41611 7.97531 7.71001 8.7987 5.62024 8.46276 4.0897 3.77139 3.67085 4.35881 4.61093 3.71621 3.10454 3.04944 3.0724 2.85921 2.84101 2.886 2.82038 2.81781 2.78705 2.75729 2.3333 2.29007 2.16753 1.70158 1.64666 1.90691 1.58617
threshold=-0.1101106527251091 -0.45411984809174283 0.87710098870056508 1.7141006135769687 0.025130917607431389 1.5810443128117015 0.11118556501569957 0.35198454466226969 -2.0499401959307448 0.0073271331554343377 0.20177645602074293 -0.21142568619244292 2.7782714721831141 -0.29008655363491137 0.54744427028909792 -0.026179395951095804 1.3352151071950422 0.019024885324176347 1.069508381597756 94.683850000000021 116.84020000000002 19.105000000000004 111.25885000000001 -1.12888340122748 0.043441577139009042 -0.013072899891119647 0.96719734942567903 -0.045326604153096743 0.91744588248210956 -0.42795709334428528
decision_type=10 10 8 10 10 10 2 10 2 8 10 8 8 10 10 10 10 10 10 2 2 2 2 10 10 10 10 10 10 10
left_child=1 5 -3 4 13 8 23 -8 -1 -4 11 -11 -12 17 15 -5 29 18 -2 -10 -21 27 -23 -7 26 -25 -17 -6 -29 -16
right_child=3 2 9 14 21 6 7 -9 19 10 12 -13 -14 -15 16 24 -18 -19 -20 20 -22 22 -24 25 -26 -27 -28 28 -30 -31
leaf_value=-0.012236266272331174 0.0059330232181616805 -0.0064186144946000142 0.018872910299585988 -0.0025474801373538583 -0.011627498367394034 0.021555981238378211 0.010462942379527619 -0.01022600571780651 0.017316059539303218 0.0077942576743734327 0.018535931730834437 -0.0026285680694579246 0 -0.00096546534029759077 0.0017083329115267559 0 0.0096314563395673066 -0.0055611476109446861 0.021320493273481476 0.0024977374235894438 0.0092208825842796088 -0.00024871610664553887 -0.0097540403024534081 0.0016926554496629353 -0.0039653305971528155 0.016339098450833183 0.017195257563332969 -0.0025338728998419492 -0.0066839582346941116 -0.0074914803083012162
leaf_weight=7.485672037350013 34.046375019475818 94.406472748261876 7.1102310090791425 9.8408564242999983 14.914216523524372 29.806400951463729 8.9308154876343924 13.071275909896938 9.3168166978284699 33.93458433682099 14.870585086522622 106.97957859421149 10.702595920767637 45.414654716150835 20.332590524572879 4.9621314404066679 13.682743025594389 7.0571860906202337 10.443471489241345 216.97340817842633 48.669817040907219 25.886265972396359 95.391360485577025 13.252639861777427 3.5369475977495304 14.412849631160496 25.236637853085995 432.99985170201398 86.195424959529191 22.587160980096087
leaf_count=178 619 17779 145 226 3020 212 89 144 102 922 230 7251 135 2069 1491 270 1080 243 130 4130 1258 4864 19070 121 77 115 624 71324 14174 1982
internal_value=-0.000141375 0.00293354 -0.000593158 -0.00242311 -0.00329664 0.00555908 0.0114411 -0.00139815 0.00383617 0.00255427 0.00168255 -2.11758e-05 0.0109308 0.0036566 0.00402447 0.00890133 3.33251e-05 0.0078003 0.0101743 0.00435216 0.00379355 -0.00434156 -0.00780871 0.0164122 0.0124285 0.00994486 0.0146656 -0.00352455 -0.0032511 -0.00303529
internal_weight=1482.45 629.924 268.004 852.528 752.349 361.92 79.474 22.0021 282.446 173.598 166.487 140.914 25.5732 96.9617 100.179 43.5766 56.6025 51.547 44.4898 274.96 265.643 655.387 121.278 57.4719 33.7357 27.6655 30.1988 534.109 519.195 42.9198
internal_count=154074 32811 26462 121263 115513 6349 681 233 5668 8683 8538 8173 365 3061 5750 1197 4553 992 749 5490 5388 112452 23934 448 971 236 894 88518 85498 3473
is_linear=0
shrinkage=0.025


Tree=21
num_leaves=31
num_cat=0
split_feature=65 68 46 56 12 44 12 47 1 42 51 65 4 47 20 60 62 18 60 72 66 50 35 62 36 44 58 38 74 50
split_gain=14.5432 10.1561 8.00606 7.1777 6.30493 5.70799 4.79518 4.46283 4.30848 4.20288 3.51939 3.27824 3.12935 3.09336 3.21498 2.99607 2.69994 2.68258 2.67425 3.32605 3.09695 3.11555 2.59037 2.56384 3.5213 2.25995 2.5473 2.19981 2.44456 1.79828
threshold=1.3890885417684062 0.78897105791116762 0.79184009904185548 0.43538074712643687 0.01602641463408366 -0.74688586902544396 0.036646452020917542 0.15172091438050497 -0.074015251700908322 -0.0082615330866283795 1.1350000000000002 0.98435216189618313 0.039994762463767437 -0.67870476940116153 0.20565032562151328 0.016931235890636762 0.88653212891152189 -0.083543732046786265 0.90572098097046594 0.016895478184851164 0.97116371812820856 1.0000000180025095e-35 -0.016714390132981701 0.17440596928426547 -0.1325932009178338 -0.68310963310455552 0.93650786541011222 2.933504142380877 0.76216990629598091 -0.94739792688050106
decision_type=8 10 10 8 8 10 8 10 10 10 2 10 8 8 2 10 10 10 10 10 10 10 10 8 8 10 10 10 8 8
left_child=2 3 4 8 5 22 9 23 -2 12 -5 15 17 -10 -15 -9 -14 -4 -3 -20 21 -21 -1 -6 -25 -11 -27 28 -12 -22
right_child=1 18 6 10 7 -7 -8 11 13 25 27 -13 16 14 -16 -17 -18 -19 19 20 29 -23 -24 24 -26 26 -28 -29 -30 -31
leaf_value=0.012969211949983558 0.021570072927795583 -0.0042059961016856235 0.004934757432113618 0.016994502280300968 0.0061733901711241912 -0.0025743106504898675 -0.013753832682310516 0.017719155159257687 -0.0068100598519971302 0.003759077517121524 0.0085764778828366344 -0.0015137962609900674 0 0.01241541779023185 -0.0025258219860071511 0.0064154548352769458 0.017466467735580006 -0.0070153142951647736 0.01880742545858291 0.011666537982113655 -0.019407155153472629 -0.010964376216936376 0 0.010985218972020956 -0.0029600157884208302 -0.0048863805683240112 0.0014094480420394758 -0.0083418556471291094 -0.001425100281060914 0.0024539314690154588
leaf_weight=21.512482467107475 25.603895872132853 68.786720345378853 21.951487782644108 8.0583744362229464 35.899598105577752 333.36143104033545 26.397561528836377 18.82295696309302 5.5481292910408229 21.430621750187129 24.262006344972178 22.412581288372166 10.109769493690694 71.134344404097646 8.9397363562602532 87.961724672466516 12.372840935131533 22.22351734363474 6.4750420462805804 13.303049139911314 5.2019013583194464 3.7867457617539904 15.815095213009043 11.403088169405235 101.10675419378094 379.78504109859932 42.378723081550561 12.782001730753107 35.065940263913944 2.4650395712815216
leaf_count=266 319 6319 1411 214 1250 40063 4892 561 123 2756 766 568 996 1365 186 4550 470 2556 137 991 150 390 406 172 6269 70482 3897 674 996 85
internal_value=-1.81233e-05 0.00496838 -0.00125456 0.00833126 0.000605335 -0.00151267 -0.00351168 0.00345475 0.0124273 -0.00293611 0.0024567 0.00683341 0.00281419 0.00934663 0.0106424 0.00865218 0.010178 -0.000938322 -0.00141517 0.00442845 0 0.00585156 0.00755877 0.000432114 -0.00137967 -0.00382232 -0.00423446 0.000478187 0.00263005 -0.0121518
internal_weight=1476.36 291.413 1184.95 191.394 648.296 370.689 536.65 277.607 111.226 510.252 80.1683 129.197 66.6576 85.6222 80.0741 106.785 22.4826 44.175 100.018 31.2318 24.7567 17.0898 37.3276 148.409 112.51 443.594 422.164 72.1099 59.3279 7.66694
internal_count=154280 12715 141565 4643 54105 40735 87460 13370 1993 82568 2650 5679 5433 1674 1551 5111 1466 3967 8072 1753 1616 1381 672 7691 6441 77135 74379 2436 1762 235
is_linear=0
shrinkage=0.025


Tree=22
num_leaves=31
num_cat=0
split_feature=31 61 76 69 9 40 3 54 6 48 46 19 72 46 33 66 55 33 23 54 39 43 12 33 55 21 0 16 3 50
split_gain=12.545 7.50841 7.30314 6.9264 6.51768 4.78051 4.1537 4.03631 4.72796 3.98983 3.96694 6.63616 4.68601 3.7026 3.5701 3.30324 4.5976 3.13625 2.71187 2.63851 2.43754 2.42344 2.23546 2.15779 2.15587 2.13254 2.27087 2.12404 2.11697 2.10579
threshold=-0.1101106527251091 1.7141006135769687 0.081079678397349683 -1.2923363116210651 0.5060301205100638 0.0118705075089792 0.0031510114877516542 113.53170000000001 0.00089784690404803868 0.07133473863701166 0.79184009904185548 -0.26686442557139234 0.069071673980338144 0.46365798338412889 -0.0039575662194787356 0.93292043769494315 0.20499999999999988 -0.054603452025471448 0.1093700509930223 109.56700000000002 0.0086241277224008445 0.42534739511214531 0.022574307741586776 0.0089830402206833044 1.4050000000000005 59.026424706352252 -0.02176949501523134 2.4008649182581672 0.027014802246672635 -1.2351300031836756
decision_type=10 10 10 10 10 10 10 2 8 8 8 10 8 10 10 10 2 10 10 2 10 10 10 8 2 10 10 10 10 10
left_child=3 2 14 7 10 -4 25 8 9 18 11 13 19 -5 28 16 -9 -13 -1 -12 -11 -10 -8 -6 -7 26 -3 -24 -2 -18
right_child=1 6 5 4 23 24 22 15 21 20 12 17 -14 -15 -16 -17 29 -19 -20 -21 -22 -23 27 -25 -26 -27 -28 -29 -30 -31
leaf_value=0.0073683196630760298 0.0099125078435021961 -0.0047974637958260163 -0.003521382569817065 -0.0054922456003397629 0.019882590493502321 -0.012642373175215747 -0.0035681155287501827 -0.0078940691505617541 -0.011369073154384637 0.0048347190716941093 -0.0037667715113182199 0.0077408663138887005 -0.0041256381436556733 0.016228448303367733 -0.0014402571082644132 0.020261192841467178 0.0012759750883286714 -0.00052119434680964697 -0.0074910676274678447 0.00519455588383997 0.0240533859983303 0.0043511673677620721 0.0075427289506063812 -0.00025469637170495024 0.0031768129248135307 -0.003975184038604633 0.015390916089194115 -0.014254780852390693 0.00099126082657046777 0.01498720465674803
leaf_weight=18.00091083813459 36.555148476967588 2.7778152311220792 507.9305892951088 4.6472554677166036 13.790561619680373 52.569542956305668 36.64548809430562 8.3304768139496428 15.360395404510202 9.46830538287759 26.422846388653852 34.354904522420838 160.19203219597694 29.730219441698864 100.46424865012523 20.678917755838484 11.289705189177765 142.29221556102857 11.356230638921259 73.076570510398597 10.220905838767065 8.0641008727252466 27.781242693308744 3.305617380654442 4.6933178906328967 3.9259153334423891 28.38409741804935 1.7734726998023678 33.912494953139685 27.034742437768728
leaf_count=263 1161 83 93395 104 314 11196 2898 137 214 113 1450 500 20021 546 7192 160 110 3571 181 4226 105 90 1748 97 1037 89 714 177 1651 432
internal_value=-7.03917e-05 -0.00207691 -0.00296174 0.00259378 0.00116176 -0.00433249 0.00423992 0.00748484 0.003166 0.00758679 0.000574706 0.00312298 -0.00147211 0.0129952 0.00152576 0.0118869 0.00760344 0.00108486 0.00130637 0.0027238 0.015979 -0.00570435 0.000388343 0.0158177 -0.0111789 0.0110469 0.0132484 0.00548571 0.0058123 0.0112992
internal_weight=1465.03 837.413 736.125 627.617 487.812 565.193 101.288 139.805 72.4708 49.0464 470.716 211.025 259.691 34.3775 170.932 67.3338 46.6549 176.647 29.3571 99.4994 19.6892 23.4245 66.2002 17.0962 57.2629 35.0878 31.1619 29.5547 70.4676 38.3244
internal_count=153975 121341 115632 32634 30829 105628 5709 1805 966 662 30418 4721 25697 650 10004 839 679 4071 444 5676 218 304 4823 411 12233 886 797 1925 2812 542
is_linear=0
shrinkage=0.025


Tree=23
num_leaves=31
num_cat=0
split_feature=31 68 19 60 44 46 56 12 20 46 33 11 52 68 55 26 50 42 48 66 75 19 62 68 51 52 51 43 46 1
split_gain=14.7368 7.33905 7.8441 6.37913 7.28827 5.16914 5.27123 4.25164 4.46487 4.23873 4.08294 4.1115 3.9161 3.80535 3.51497 3.48116 3.47627 3.28592 3.24883 3.13571 2.45916 2.44485 2.34236 2.95775 2.33048 2.43 2.22933 2.17005 2.13909 1.91199
threshold=-0.1101106527251091 0.15231194475352799 0.1250451485677119 0.96319682362627157 -0.54075192737694089 0.83409535555438541 0.13291786389169322 0.01628892433255413 0.28073124815553191 -0.17801914876299196 -0.042768364956675346 0.011079977916266096 2.4550000000000005 0.27987496043051602 0.52500000000000024 0.022095307650127249 -1.8415802874747158 -0.014477780855013316 1.2410441347882937 0.85929120630613187 -1.6790480855780066 -0.0922975246694102 0.96335109558255505 0.67894769528321575 2.6150000000000007 0.13500000000000004 2.1750000000000003 0.030819780971071468 0.30601900127852716 -0.0054860041250971983
decision_type=10 8 10 10 10 10 10 10 2 10 10 8 2 8 2 2 10 10 10 10 10 8 10 10 2 2 2 8 10 10
left_child=1 7 5 4 13 10 16 21 9 -9 15 -12 -11 24 -10 -3 -7 -5 22 -4 -21 -1 26 -24 25 -2 -19 -22 -23 -26
right_child=3 2 19 17 -6 6 -8 8 14 12 11 -13 -14 -15 -16 -17 -18 18 -20 20 27 28 23 -25 29 -27 -28 -29 -30 -31
leaf_value=-0.0077703772541695059 -0.013723484344055429 -0.00058393682094389822 -0.0059992985970130476 0.023295750899192377 -0.0041355956843190135 0.0053828482548937597 -0.0077244488013716948 -0.0034859572217693078 0.011898513027370173 0.014153657883921741 0.0076566829583089718 -0.0011295109134279947 -0.0030721148576449671 -0.0027636616104716859 -0.011340207616141879 0.012503797076526586 -0.0032366043372488982 0.0011894829194967821 -0.014679602514104509 -0.0033609181910878548 0.023108419458357191 0.011849822737741655 0.0066792517210273435 -0.01398600277699503 0.0086372706905198295 0.0064697090348061126 0.010465926138442704 0.0069466694749496741 -0.0012461992445547323 -0.0089158746881526623
leaf_weight=13.524078454589469 2.5456775506027034 16.463515376672149 3.8287216401658943 4.2693497661966822 550.49851841584314 53.581386108882725 73.726776046096347 9.7167751104570907 5.1193338353186837 99.316197520354763 42.845131110399961 132.04478753497824 7.8026943719014517 77.564083219156601 9.7646152218803746 41.209056472405791 60.858998913550749 33.209281859337352 4.7821256970055392 2.9713542163372066 17.175932182697579 12.728485838044437 6.6545267149340344 7.9609633446671069 3.958544748369607 98.763875970500521 35.540859316010028 11.445826510433109 15.229879605583845 12.472143746679647
leaf_count=345 184 619 315 59 102040 2253 12723 91 110 996 1181 5554 90 10363 162 643 6046 2023 348 83 369 315 240 423 120 3228 1850 300 489 615
internal_value=0.000276639 0.00316899 0.00147643 -0.00188749 -0.00266236 0.000490483 -0.00255983 0.00754276 0.00972625 0.0113691 0.00299106 0.00101788 0.0128095 0.00145194 -0.00258956 0.00870456 0.000748177 0.00423951 0.00293212 0.0125826 0.0152003 0.000355264 0.00422504 -0.00430988 0.00429199 0.00573443 0.0061895 0.0174364 0.00470106 -0.00396147
internal_weight=1467.57 629.354 456.151 838.22 745.803 420.73 188.167 173.202 131.72 116.836 232.562 174.89 107.119 195.304 14.8839 57.6726 114.44 92.4171 88.1478 35.4218 31.5931 41.4824 83.3656 14.6155 117.74 101.31 68.7501 28.6218 27.9584 16.4307
internal_count=154177 32684 30086 121493 116550 29019 21022 2598 1449 1177 7997 6735 1086 14510 272 1262 8299 4943 4884 1067 752 1149 4536 663 4147 3412 3873 669 804 735
is_linear=0
shrinkage=0.025


Tree=24
num_leaves=31
num_cat=0
split_feature=31 68 60 19 77 3 18 40 65 35 21 14 56 9 60 52 57 69 58 65 67 2 23 47 26 77 20 65 69 2
split_gain=11.5226 9.21921 8.84566 7.0171 5.90866 5.3062 4.04084 3.83971 3.71012 3.31559 3.45897 3.24589 3.16992 3.54223 2.95645 2.74773 3.00331 2.58504 2.53696 2.40154 2.27114 2.43701 2.43526 2.35488 2.25457 2.12111 1.96709 1.68438 1.63959 1.43051
threshold=-0.11404020908492184 0.22419017763845353 0.97080288796103009 0.13490999458331546 -1.0680405013466501 0.018072688051846812 -0.13528783406658498 0.0118705075089792 0.23509591226372345 -0.26904070523110363 63.25405891575128 0.0042394262625091942 0.76155482583902701 0.08018686117412778 0.025130917607431389 2.1950000000000007 -1.4786426275269866 -0.54784468780820605 0.31969845845808736 2.6145981276978776 1.1627556743124741 -0.095151971409657851 -0.89297913488988312 0.6665036547062354 0.033444772469650934 0.81087624291457894 -0.013907114236854886 -0.52649497250180566 -1.2099928500945036 -0.026267910414841219
decision_type=10 8 10 10 10 10 10 10 10 10 8 10 10 10 10 2 8 10 8 10 10 10 10 8 2 10 2 10 10 10
left_child=1 8 4 6 12 25 15 -6 24 19 14 27 13 26 -11 17 -17 -3 -13 -10 -5 23 -23 -22 29 -4 -2 -8 -26 -1
right_child=2 3 5 20 7 -7 11 -9 9 10 -12 18 -14 -15 -16 16 -18 -19 -20 -21 21 22 -24 -25 28 -27 -28 -29 -30 -31
leaf_value=-0.0032586181694138332 0.01478650487179637 0.0067566281858832365 0.0010496198493628913 -0.0057006712117997002 -0.003006643794732926 0.00012038265903426759 -0.0056699554869594831 -0.0094515155841513113 -0.0076648332027591456 0.019652295125559743 -0.0032377792451451846 -0.002188738139319862 -0.0035525522572866781 -0.0026100010930561598 0.0092578205209607033 0.016963540195753159 -0.0024058377432026137 -0.0015134292376679584 -0.0089836982553111507 0.0083537872515394834 0.012790053704333504 0 0.023055179061084254 -0.013538899911065969 0.015464999001576461 0.016728128294410768 0.0044182543855515498 0.012581686153884953 0.001876591433075555 0.0037766722924804925
leaf_weight=35.484235696261749 20.934261844260618 32.264126316644251 8.2913989070802909 2.7362831807695356 600.15716880687978 45.361671032034792 2.8438364842440924 64.810140386340208 10.954155369196089 26.147922936826944 8.7300871971528959 154.62829331983812 34.797723772586323 22.649149423581548 78.664763599634171 13.875752588734029 6.153427115641537 76.969398695859127 45.520738366409205 10.076104972977189 3.3968635601922896 3.1759933407884153 14.748729966115201 2.7269573865924031 11.342222871957349 25.444698143750429 33.233219176763669 10.910944869974626 13.249579793075098 34.217725790338591
leaf_count=897 554 367 608 282 100816 3212 150 13042 98 200 112 13408 2761 956 816 333 245 6137 5391 78 71 66 315 102 211 199 850 601 439 883
internal_value=-7.93184e-05 0.00257229 -0.00194471 0.000107529 -0.00276449 0.00593147 -0.000850828 -0.00366194 0.00650252 0.00917495 0.0108475 -0.00296994 0.00249785 0.00534728 0.0121148 0.00259344 0.0108599 0.000908246 -0.00381572 0 0.012164 0.014668 0.0190705 0 0.0025426 0.0132579 0.00879439 0.00815443 0.00886256 9.47961e-05
internal_weight=1454.5 598.818 855.679 369.951 776.582 79.0978 343.167 664.967 228.867 134.573 113.543 213.904 111.614 76.8166 104.813 129.263 20.0292 109.234 200.149 21.0303 26.7848 24.0485 17.9247 6.12382 94.2938 33.7361 54.1675 13.7548 24.5918 69.702
internal_count=154200 31202 122998 27468 118979 4019 26632 113858 3734 1304 1128 19550 5121 2360 1016 7082 578 6504 18799 176 836 554 381 173 2430 807 1404 751 650 1780
is_linear=0
shrinkage=0.025


end of trees

feature_importances:
cs_rank_downside_vol_decay_60d=46
cs_z_beta_60d_spy=26
cs_z_downside_vol_decay_60d=26
distance_to_60d_high=25
usd_index_pit=25
vol_60d=23
beta_60d_ff_cma=22
cs_rank_beta_60d_spy=21
excess_return_5d_vs_spy=19
momentum_120d=17
price_to_sma_200d=17
macd_hist=16
excess_return_60d_vs_spy=15
cs_rank_momentum_120d=15
cs_z_momentum_120d=15
beta_60d_ff_mktrf=14
beta_60d_ff_smb=14
dgs10_pit=14
downside_vol_decay_60d=13
spy_vol_20d=12
yield_10y_2y_spread_pit=12
beta_60d_spy=11
beta_60d_ff_hml=11
cs_rank_momentum_60d=11
cs_rank_vol_20d=11
return_20d=10
kurtosis_20d=10
vixcls_pit=10
cs_z_momentum_60d=10
vol_20d=9
upside_vol_20d=9
price_to_sma_50d=9
spy_drawdown_60d=9
dgs2_pit=9
cs_z_vol_60d=9
volume_zscore_60d=7
relative_momentum_20d_vs_spy=7
spy_return_20d=7
relative_strength_down_days_20d=7
cs_rank_momentum_20d=7
cs_rank_vol_60d=7
cs_rank_relative_strength_down_days_20d=7
return_60d=6
momentum_10d=6
beta_20d_spy=6
distance_to_60d_low=6
excess_return_20d_vs_spy=6
gap_down_absorption_20d=6
cs_z_momentum_20d=6
cs_z_gap_down_absorption_20d=6
return_10d=5
rsi_14=5
distance_to_20d_low=5
skew_20d=5
beta_stability_price_floor=5
beta_60d_ff_rmw=5
cs_rank_downside_vol_20d=5
cs_z_relative_strength_down_days_20d=5
cs_z_beta_stability_price_floor=5
return_1d=4
momentum_5d=4
volume_zscore_20d=4
dollar_volume_ratio_20d=4
close_location_in_range=4
cs_z_downside_vol_20d=4
cs_rank_excess_return_20d_vs_spy=4
cs_rank_gap_down_absorption_20d=4
cs_rank_beta_stability_price_floor=4
return_5d=3
downside_vol_20d=3
intraday_range=3
distance_to_20d_high=3
cs_z_vol_20d=3
momentum_20d=2
vol_5d=2
price_to_sma_20d=2
bollinger_z_20d=2
close_open_gap=2
cs_z_excess_return_20d_vs_spy=2

parameters:
[boosting: gbdt]
[objective: lambdarank]
[metric: ndcg]
[tree_learner: serial]
[device_type: cpu]
[data_sample_strategy: bagging]
[data: ]
[valid: ]
[num_iterations: 25]
[learning_rate: 0.025]
[num_leaves: 31]
[num_threads: 0]
[seed: 101]
[deterministic: 0]
[force_col_wise: 0]
[force_row_wise: 0]
[histogram_pool_size: -1]
[max_depth: 6]
[min_data_in_leaf: 80]
[min_sum_hessian_in_leaf: 0.001]
[bagging_fraction: 0.78]
[pos_bagging_fraction: 1]
[neg_bagging_fraction: 1]
[bagging_freq: 1]
[bagging_seed: 101]
[bagging_by_query: 0]
[feature_fraction: 0.72]
[feature_fraction_bynode: 1]
[feature_fraction_seed: 101]
[extra_trees: 0]
[extra_seed: 15181]
[early_stopping_round: 0]
[early_stopping_min_delta: 0]
[first_metric_only: 0]
[max_delta_step: 0]
[lambda_l1: 0.3]
[lambda_l2: 1.2]
[linear_lambda: 0]
[min_gain_to_split: 0]
[drop_rate: 0.1]
[max_drop: 50]
[skip_drop: 0.5]
[xgboost_dart_mode: 0]
[uniform_drop: 0]
[drop_seed: 23279]
[top_rate: 0.2]
[other_rate: 0.1]
[min_data_per_group: 100]
[max_cat_threshold: 32]
[cat_l2: 10]
[cat_smooth: 10]
[max_cat_to_onehot: 4]
[top_k: 20]
[monotone_constraints: ]
[monotone_constraints_method: basic]
[monotone_penalty: 0]
[feature_contri: ]
[forcedsplits_filename: ]
[refit_decay_rate: 0.9]
[cegb_tradeoff: 1]
[cegb_penalty_split: 0]
[cegb_penalty_feature_lazy: ]
[cegb_penalty_feature_coupled: ]
[path_smooth: 0]
[interaction_constraints: ]
[verbosity: -1]
[saved_feature_importance_type: 0]
[use_quantized_grad: 0]
[num_grad_quant_bins: 4]
[quant_train_renew_leaf: 0]
[stochastic_rounding: 1]
[linear_tree: 0]
[max_bin: 255]
[max_bin_by_feature: ]
[min_data_in_bin: 3]
[bin_construct_sample_cnt: 200000]
[data_random_seed: 368]
[is_enable_sparse: 1]
[enable_bundle: 1]
[use_missing: 1]
[zero_as_missing: 0]
[feature_pre_filter: 1]
[pre_partition: 0]
[two_round: 0]
[header: 0]
[label_column: ]
[weight_column: ]
[group_column: ]
[ignore_column: ]
[categorical_feature: ]
[forcedbins_filename: ]
[precise_float_parser: 0]
[parser_config_file: ]
[objective_seed: 2051]
[num_class: 1]
[is_unbalance: 0]
[scale_pos_weight: 1]
[sigmoid: 1]
[boost_from_average: 1]
[reg_sqrt: 0]
[alpha: 0.9]
[fair_c: 1]
[poisson_max_delta_step: 0.7]
[tweedie_variance_power: 1.5]
[lambdarank_truncation_level: 30]
[lambdarank_norm: 1]
[label_gain: 0,1,2,3,4,5,6,7,8,9,10,11,12,13,14,15,16,17,18,19]
[lambdarank_position_bias_regularization: 0]
[eval_at: 5,10,25]
[multi_error_top_k: 1]
[auc_mu_weights: ]
[num_machines: 1]
[local_listen_port: 12400]
[time_out: 120]
[machine_list_filename: ]
[machines: ]
[gpu_platform_id: -1]
[gpu_device_id: -1]
[gpu_use_dp: 0]
[num_gpu: 1]

end of parameters

pandas_categorical:[]
