tree
version=v4
num_class=1
num_tree_per_iteration=1
label_index=0
max_feature_idx=84
objective=lambdarank
feature_names=return_1d return_5d return_10d return_20d return_60d momentum_5d momentum_10d momentum_20d momentum_60d momentum_120d vol_5d vol_20d vol_60d downside_vol_20d upside_vol_20d beta_20d_spy beta_60d_spy price_to_sma_20d price_to_sma_50d price_to_sma_200d macd_hist rsi_14 bollinger_z_20d volume_zscore_20d volume_zscore_60d dollar_volume_ratio_20d intraday_range close_open_gap close_location_in_range distance_to_20d_high distance_to_20d_low distance_to_60d_high distance_to_60d_low excess_return_5d_vs_spy excess_return_20d_vs_spy excess_return_60d_vs_spy relative_momentum_20d_vs_spy skew_20d kurtosis_20d spy_return_20d spy_vol_20d spy_drawdown_60d relative_strength_down_days_20d gap_down_absorption_20d downside_vol_decay_60d beta_stability_price_floor beta_60d_ff_mktrf beta_60d_ff_smb beta_60d_ff_hml beta_60d_ff_rmw beta_60d_ff_cma dgs10_pit dgs2_pit vixcls_pit usd_index_pit yield_10y_2y_spread_pit cs_rank_momentum_20d cs_z_momentum_20d cs_rank_momentum_60d cs_z_momentum_60d cs_rank_momentum_120d cs_z_momentum_120d cs_rank_vol_20d cs_z_vol_20d cs_rank_vol_60d cs_z_vol_60d cs_rank_downside_vol_20d cs_z_downside_vol_20d cs_rank_beta_60d_spy cs_z_beta_60d_spy cs_rank_excess_return_20d_vs_spy cs_z_excess_return_20d_vs_spy cs_rank_relative_strength_down_days_20d cs_z_relative_strength_down_days_20d cs_rank_gap_down_absorption_20d cs_z_gap_down_absorption_20d cs_rank_downside_vol_decay_60d cs_z_downside_vol_decay_60d cs_rank_beta_stability_price_floor cs_z_beta_stability_price_floor regime_calm regime_drawdown regime_high_vol regime_rebound stress_flag
feature_infos=[-0.43452090331350879:0.52290083351866889] [-0.61014499786032883:0.88260863646066867] [-0.76666670795573144:1.0566034133703051] [-0.82992956002177165:1.6011328544898928] [-0.85304846129940903:3.1843478105994496] [-0.61014499786032883:0.88260863646066867] [-0.76666670795573144:1.0566034133703051] [-0.82992956002177165:1.6011328544898928] [-0.85304846129940903:3.1843478105994496] [-0.83371665409748386:3.8670393633078328] [0:0.30584445364328161] [0:0.22421856781514868] [0:0.15098312624435092] [0:0.14329584310333965] [0:0.16337929811143656] [-13.695037798663515:20.575205365344527] [-4.0149274431247379:4.8863263853067735] [-0.69421673038056464:0.66131114246219425] [-0.79930206832555228:0.90110352904013702] [-0.82425537243447611:1.8446390551514207] [-132.53715276993563:80.364006761273146] [0:99.861064002984776] [-4.3588989435444114:4.3588989435883247] [-3.1806480089076707:4.3588989435433447] [-3.1101259120259019:7.6809377036926092] [0:20] [0:0.56348448091986825] [-0.47064726396441403:0.4210822666140121] [0:1] [-0.81943928948557032:0] [0:1.7305034091738194] [-0.85817267691977117:0] [0:3.9900962607604482] [-0.61785372931017601:0.89255912114692015] [-0.76226676485515399:1.4709261398977567] [-0.82324954741436951:2.9093527779374631] [-0.77334040331749898:1.3346611088982128] [-4.4721359549995769:4.4721359549995841] [-1.8537485942068546:20.000000000000025] [-0.3098674839759894:0.19880920041384464] [0.0021730140768461124:0.057214790451066776] [-0.31978067271172672:0] [-0.099256665172816158:0.19912924481561101] [-9.4243009236246778:13.933826240627525] [-1:87.127119856643347] [-1.0247428570212176:1.0007807340328658] [-4.1112792539993421:4.848421174419931] [-5.4434395281946788:7.7689924118407419] [-6.7072038827376153:7.6752434274945651] [-13.325735436189344:9.7109719643899926] [-11.504606375379524:8.6540722051089762] [0.55000000000000004:3.2400000000000002] [0.11:2.98] [9.1899999999999995:75.469999999999999] [93.247799999999998:125.0587] [-0.030000000000000027:2.6099999999999999] [0.0020161290322580645:1] [-10.036419127683077:15.738424952473304] [0.0020161290322580645:1] [-8.1746382519581609:16.457532645463687] [0.0020202020202020202:1] [-5.9157233637200122:14.200215155348952] [0.0020161290322580645:1] [-2.7783658620320608:17.573692755422847] [0.0020161290322580645:1] [-2.9782850486284773:14.693670814366223] [0.0020161290322580645:1] [-3.0058206930267617:18.050318432270245] [0.0020161290322580645:1] [-6.3974491418552946:8.9620500168724586] [0.0020161290322580645:1] [-10.036419127683077:15.738424952473304] [0.0020161290322580645:1] [-11.668006201344122:17.853621002907023] [0.0020449897750511249:1] [-9.434540891693187:11.345435387552476] [0.0020161290322580645:1] [-2.3143884498676961:20.623654562246884] [0.0020161290322580645:1] [-16.633473857690657:14.830513071902569] [0:1] [0:1] [0:1] [0:1] [0:1]
tree_sizes=3569 3553 3545 3556 3537 3553 3545 3555 3546 3576 3578 3552 3558 3522 3498 3564 3526 3563 3518 3522 3540 3521 3493 3536 3542

Tree=0
num_leaves=31
num_cat=0
split_feature=46 33 29 43 47 65 38 25 27 39 76 45 64 3 37 0 10 39 28 75 69 62 67 76 33 9 79 15 57 42
split_gain=6.9041 2.77623 2.71209 2.72972 2.73908 2.17419 1.82505 1.72343 1.57159 1.5603 1.55458 1.65048 1.49589 1.46872 1.57555 1.53648 1.43126 1.40352 1.57028 1.3793 1.31211 1.48938 1.29104 1.4361 1.52434 1.21745 1.19798 1.14811 1.07212 1.07145
threshold=0.94180710630812514 0.0039184259854307965 -0.008530287869606799 0.059649417234939328 0.60108746380213174 -0.30122343990730704 4.8776959199168575 0.73330100817544575 -0.00081234043693253078 -0.01550118687062446 0.9513463328030054 0.011298518239124674 0.45265323803335505 0.0084679325081238339 -0.74247646487605312 0.010301754660851705 0.012560557399197056 0.0075487429918751356 0.48695601933731575 0.38409650488816965 0.613953256304276 0.37368411721163614 -0.024874170120198779 0.081079678397349683 0.0072395543754676392 0.3063774660548772 -0.25071913221999181 1.500347922329476 0.12117836539161793 -0.005353370197904295
decision_type=10 10 10 8 10 10 10 10 10 10 10 10 8 10 10 10 10 10 8 10 10 10 10 10 10 10 10 10 10 8
left_child=22 2 6 5 16 -4 10 -8 12 -10 11 -2 20 14 -11 -15 -5 18 -14 -19 -3 -22 23 24 -1 28 -26 -12 -24 -25
right_child=1 8 3 4 -6 -7 7 -9 9 13 27 -13 17 15 -16 -17 -18 19 -20 -21 21 -23 25 29 26 -27 -28 -29 -30 -31
leaf_value=0.010856712637675965 -0.0018946375113100265 0.00054192722903129186 -0.017707365024565946 0.016246394071359856 -0.0007868679278216972 0.0042382588408308537 0.00046057228206321525 -0.012712340317983923 -0.011845027286403194 -0.0074746970201192784 0.016154404723324866 0.002861911702776403 -0.0048411499688897101 -0.0079586377132922562 0.0037591554186434534 -0.0018981919813041591 -0.0018147914018384903 -0.0084526602442390845 0.0064137551799593922 0.0022193774211054706 0.023935491259008831 0 0.00040438996092790399 0.015021227516290862 -0.0045001552084678901 0.008007069333635394 0.0062446742880088888 0 -0.0061299393532140986 0.002255072307476872
leaf_weight=28.827877185423858 188.85141308716265 18.021028057555672 3.7172860567225143 19.454146517091438 9.9589283547829819 4.9150504639837873 8.6181028757710028 13.896170153864658 18.447474609129131 9.7468651664676127 4.8386841033352521 57.975847553927451 12.488890621112661 63.205891512567177 25.42865506419912 52.234411978744902 2.0635678551625452 28.825257043587044 15.927474733791312 8.1999636935070139 2.6953282824251792 2.4694453929550946 91.897008155705407 3.2429160969331861 9.1085343688027951 10.027423017367253 14.820792147773316 5.6604164355667308 17.362348247901537 304.51098954147892
leaf_count=4249 25710 2159 290 1836 1584 653 1143 1836 2393 1238 579 7823 1891 8091 3388 6866 341 3789 2217 1255 103 183 15892 382 1508 1899 2328 754 3191 48535
internal_value=0.000217214 -0.00161462 -3.33289e-05 0.00592358 0.00935996 -0.005457 -0.000935454 -0.00758555 -0.00353973 -0.00495386 -0.000292098 -0.000738719 -0.000728538 -0.00397347 0.000296264 -0.00532845 0.0141798 -0.00272877 0.00121829 -0.00589745 0.00446601 0.014296 0.00243672 0.00318154 0.00703629 0.000114205 0.00183668 0.0085654 -0.000621392 0.00247169
internal_weight=1057.44 577.64 319.95 40.109 31.4766 8.63234 279.841 22.5143 257.691 169.063 257.326 246.827 88.6274 150.616 35.1755 115.44 21.5177 65.4416 28.4164 37.0252 23.1858 5.16477 479.798 360.511 52.7572 119.287 23.9293 10.4991 109.259 307.754
internal_count=154106 76122 42549 4704 3761 943 37845 2979 33573 21976 34866 33533 11597 19583 4626 14957 2177 9152 4108 5044 2445 286 77984 57002 8085 20982 3836 1333 19083 48917
is_linear=0
shrinkage=0.025


Tree=1
num_leaves=31
num_cat=0
split_feature=16 48 63 68 76 38 61 6 69 31 28 37 22 51 4 32 47 73 1 51 79 56 31 32 69 16 25 1 67 61
split_gain=7.221 6.4794 6.15931 5.36054 4.5145 4.85862 4.12281 5.44324 3.9644 3.76693 3.45855 3.89053 3.43356 3.42765 4.54967 3.37211 3.32264 3.26984 3.01407 2.99076 2.69701 2.68316 3.18573 2.67434 2.55655 2.50574 2.46975 2.42182 2.79235 2.44952
threshold=1.2279795602392214 -0.85481293377331458 -0.50912647611488049 0.76155482583902701 0.077081220419202179 -0.69865700629083827 -0.18350539156424397 -0.074888052276891257 0.10513948748927872 -0.018434740041678662 0.56194921047683521 0.59090792481046395 0.41081877236129433 1.7850000000000004 0.18814182030074436 0.19614114098829852 0.62519999176996355 0.7847343223871267 0.016588725690895426 2.1950000000000007 0.13456359879835897 0.60691804533437743 -0.0063174218099668047 0.063182401967059279 -0.21530047627984844 0.94491106451579621 0.61445384198570274 -0.12604589715496869 -0.11253559153684112 0.01613197941488264
decision_type=10 8 10 10 8 10 8 10 8 10 8 8 8 2 8 10 10 10 8 2 8 10 10 8 10 8 10 10 10 10
left_child=1 8 3 20 5 17 7 -6 25 27 -5 12 -12 14 -8 -9 23 19 -15 -3 -2 24 -23 -10 -7 -1 -27 -4 -29 -30
right_child=2 4 9 10 6 21 13 15 16 -11 11 -13 -14 18 -16 -17 -18 -19 -20 -21 -22 22 -24 -25 -26 26 -28 28 29 -31
leaf_value=0.0050591670183735456 -0.0081191911879582336 0.020469599652367165 0.011273015982184109 0 0.0068911736662340449 0.0064649504920858379 -0.0041043159979153579 -0.0028611541411747358 0.00037264710678291995 -0.007858840748808358 -0.0024659370122146491 -0.0069025612763994604 0.021457003945132863 0.0033177093871218119 0.0036999009189847016 -0.012335232715076101 -0.0014587831723260447 0.0014442074400206869 -0.0014295820410216973 0.0051126864134479894 0.0079494270325562028 -0.00361957687051402 0.0033812022761820605 0.017189007440510183 -0.0030228770103958545 0.011168133115699894 -0.0092056106538471096 0.0020075530124063481 -0.0059081896933286249 -0.00042941530973952406
leaf_weight=56.061615370446816 24.055998821742833 19.27254041004926 6.5129225903656325 16.810443707276136 32.197639044141397 82.439521027961746 158.36891506006941 303.93138513318263 8.230026103788985 111.4726697509177 3.566151644336057 3.5694353959988829 21.35810299706646 302.04576120804995 64.032040918245912 25.16008936567232 9.0785583271644992 23.459823482204229 112.05756075540558 17.27188136568293 7.318191799568015 94.294287695782259 68.947898106649518 35.018393899779767 20.564448911231011 3.3424208571668741 16.395168258342892 57.975280777784064 149.94629407208413 81.932592604542151
leaf_count=3762 1361 390 574 837 2784 1436 14392 32660 677 9603 223 124 463 26177 4342 2395 904 578 12262 324 362 2263 1976 1683 662 233 1270 5005 15888 8503
internal_value=-5.91166e-05 0.000818913 -0.00270166 0.00370688 0.000291006 0.00284192 -0.000537977 -0.00267053 0.00616295 -0.00393221 0.0091611 0.0142911 0.017791 0.000663476 -0.00181604 -0.00365037 0.0114163 0.009217 0.0020146 0.0138035 -0.00398609 0.00134221 -0.000613983 0.0142541 0.00448576 0.00231758 -0.00495491 -0.00240435 -0.00278265 -0.00401666
internal_weight=1936.69 1452.17 484.518 76.6783 1324.04 326.25 997.793 361.289 128.126 407.84 45.3041 28.4937 24.9243 636.504 222.401 329.091 52.327 60.0042 414.103 36.5444 31.3742 266.246 163.242 43.2484 103.004 75.7992 19.7376 296.367 289.854 231.879
internal_count=154113 111170 42943 3370 102641 7629 95012 37839 8529 39573 1647 810 686 57173 18734 35055 3264 1292 38439 714 1723 6337 4239 2360 2098 5265 1503 29970 29396 24391
is_linear=0
shrinkage=0.025


Tree=2
num_leaves=31
num_cat=0
split_feature=76 48 45 33 77 37 33 37 19 38 75 46 46 69 61 33 19 51 34 78 12 63 46 69 79 9 12 24 49 67
split_gain=14.2429 7.89592 7.06185 6.20504 5.52635 5.55626 5.39011 5.30372 5.27614 4.84772 4.164 3.59 3.53934 4.2387 3.34999 4.05011 3.13949 3.04471 2.94071 2.69322 2.69308 2.6908 7.18571 2.77453 2.80802 2.64867 2.48711 2.30781 3.1584 2.30682
threshold=0.088912991082188489 -0.85481293377331458 -0.016855899913392602 0.0036928902655626321 1.7888074148348332 -1.4032979788821622 0.033928241868625038 0.16681355952327925 0.17251711179270782 -0.69865700629083827 1.0708336993602032 1.0114453985134439 1.2086456801132563 0.23454888023854639 -0.10755985071018008 -0.002531858735780101 0.22210906197025729 1.7950000000000002 -0.013126686534718155 0.1956984273820537 0.013369130251140443 -0.76053203968480709 1.2307984499903502 0.27301156149337541 2.1534022418289589 0.48353801805347291 0.012798069580723702 0.37978506230258585 0.26759038574634142 -1.1424020619231112
decision_type=8 10 10 10 8 10 10 10 10 10 8 10 10 8 8 8 10 2 10 10 10 10 10 10 10 10 10 8 10 10
left_child=2 6 3 16 21 -6 8 9 12 14 11 -7 13 -2 -4 -16 19 18 -10 29 26 22 -3 24 -23 -9 -5 28 -11 -1
right_child=1 4 7 20 5 10 -8 25 17 27 -12 -13 -14 -15 15 -17 -18 -19 -20 -21 -22 23 -24 -25 -26 -27 -28 -29 -30 -31
leaf_value=-0.0011330421185057338 1.2305356295628646e-05 -0.001374560720027098 0.019603188038599253 -0.0053650988412887093 -0.0058259148255615728 0.0025622260182517472 -0.0067743846103460294 0.0033389025390873415 0.012742565628873815 0.00316535381635865 -0.0025475081188129798 0.015799498387840158 -0.0041865119314143818 0.0075500090278453101 0.018539541803260482 -0.00032904657122479998 -0.01057934058390011 0.013358596397760764 -0.0081428731419546808 -0.0043906983196888502 -0.013399412494308195 -0.0025233696941964322 0.018287027170653787 -0.0051928951750958305 0.0082674748568953103 -0.013252835253125914 0.017103297075947894 -0.0034493982635599753 0.014365364361665901 0.010138493587202178
leaf_weight=13.637182820122687 116.29825240653008 151.43110318877734 35.693574524251744 12.577233931748195 29.166227125795558 24.721733979415148 36.314924422185868 184.05910613504238 5.854979806812481 52.00755232363008 20.366828822530806 30.996912391856313 50.583486868068576 78.947995601920411 10.155264011584221 16.915313223376874 8.1764720412902516 42.285578104667366 9.2425066570285672 14.281340957852079 27.408517330652103 484.37644195999019 11.370135597418992 328.5425099178683 14.107158489292486 4.8888126965612164 2.7582404979038975 14.330107743153347 23.789153402438387 41.157884561922401
leaf_count=252 6899 19424 450 765 2518 1563 2658 5005 199 1411 1289 1027 5291 2082 120 297 189 1793 298 329 1863 56630 282 38114 1139 146 104 488 584 1116
internal_value=2.84966e-05 -0.00119711 0.00384506 -0.00131267 -0.00223276 0.0031541 0.00211724 0.00567571 0.00322931 0.00914474 0.00673051 0.0102359 0.00157783 0.00312586 0.0145049 0.00697052 0.002842 0.00999901 0 0.00469091 -0.0088648 -0.00281626 7.66439e-05 -0.00339407 -0.00218386 0.00278924 0 0.00518828 0.00694704 0.00723517
internal_weight=1896.44 1434.61 461.836 119.997 1095.08 105.252 339.528 341.839 303.213 152.891 76.0855 55.7186 245.83 195.246 62.7642 27.0706 77.2529 57.3831 15.0975 69.0764 42.744 989.827 162.801 827.026 498.484 188.948 15.3355 90.1268 75.7967 54.7951
internal_count=154325 141206 13119 4618 121986 6397 19220 8501 16562 3350 3879 2590 14272 8981 867 417 1886 2290 497 1697 2732 115589 19706 95883 57769 5151 869 2483 1995 1368
is_linear=0
shrinkage=0.025


Tree=3
num_leaves=31
num_cat=0
split_feature=77 48 77 79 13 15 16 69 56 76 5 62 73 37 3 59 21 51 16 48 33 62 6 12 33 12 4 73 5 37
split_gain=26.9795 14.1659 15.6334 6.81778 5.5878 5.25959 6.14511 5.10639 5.95254 5.17857 4.92429 5.29771 5.34101 4.55222 4.55268 6.20443 4.2056 4.15168 4.0214 3.64747 3.86731 3.52236 3.41619 3.16789 3.15629 3.10445 2.93056 2.76746 2.88391 2.8476
threshold=-0.84658299345518073 -0.83814706767239522 1.7888074148348332 2.1534022418289589 0.005252846616659341 0.58356867903242493 1.2333542033482885 0.18850694481539057 0.86320287899235282 0.036999011331660205 0.003146071456893385 0.3340587672517501 0.43730117642395622 -1.4484389114971439 -0.066516964342158855 -1.8599932188045867 44.84842762987023 2.7750000000000004 1.2333542033482885 -1.4544196005209884 -0.022639164766725613 0.41339054126110503 -0.12946070407498603 0.017553436763037424 -0.0011609671621628512 0.013962430998303335 -0.038372888447281754 0.3328553184932101 0.023969040872696915 -0.026920978181130661
decision_type=10 10 10 10 10 10 8 10 10 10 10 10 10 10 10 10 10 2 8 10 10 10 10 10 8 10 10 10 10 10
left_child=7 5 3 4 18 25 19 8 9 17 23 12 24 -4 15 -15 -16 22 -3 20 -7 -8 -1 -9 -12 -2 -21 28 -11 -29
right_child=1 2 13 -5 -6 6 21 10 -10 27 11 -13 -14 14 16 -17 -18 -19 -20 26 -22 -23 -24 -25 -26 -27 -28 29 -30 -31
leaf_value=-0.004328194151761236 0.00082106936721392562 -0.0039721625783666536 -0.0076107985867633733 0.0048253121489851454 -0.0066872986584778291 -0.0024218153956950404 0.0081458911791868083 -0.01284569224687347 -0.00028835933907936758 0.0098135275632588049 0.015874885378102631 -0.0026682785286658854 0.021473408761828915 -0.013527989623296653 -0.0047656183424295336 0.015709129225664736 0.0072466353562915227 -0.0016030066095229724 0.0032623164695643895 -0.0028208928395118526 0.018813705838107649 -0.0030929888797147065 0.012611671710350707 0 -0.0067418420900993113 -0.010368977923224285 0.0065965199216741453 0.0066839539161523886 -0.0042507890416061738 -0.0013664298469195535
leaf_weight=6.6042057834565631 32.27013607788831 183.71409582463093 15.473007715074344 42.36938697937876 548.83651234419085 5.6760683155152973 20.529432774055749 21.626834714319557 77.037117978092283 66.992158877663314 4.545675840228796 29.901892156340182 15.536748248385264 3.9100318579003206 29.615070725558326 39.228287807665765 42.232785969506949 14.634643958183004 62.757230307208374 23.106298824306577 24.808213201584294 84.655775802675635 143.32350609241985 26.951423526508734 10.386657957453282 26.512387042632326 116.48648441536352 43.1376973381266 9.0275446756277216 68.607271820073947
leaf_count=83 2272 23778 2373 2139 81186 171 1002 940 3036 1700 111 2675 483 68 1045 838 1828 306 4385 1477 709 8402 2384 1462 381 1332 3497 1278 378 2431
internal_value=-1.00425e-05 -0.00196023 -0.00349406 -0.00475205 -0.00527819 0.0024594 0.0039223 0.00468742 0.00591121 0.00728436 -7.92408e-05 0.00458013 0.011762 0.00449614 0.00625163 0.0125955 0.00219567 0.0105484 -0.00209294 0.00684805 0.014681 -0.00076181 0.0117874 -0.0059912 0.000346914 -0.00420736 0.00497366 0.00433517 0.00800612 0.00171291
internal_weight=1840.49 1302.18 968.136 837.677 795.308 334.045 275.262 538.313 429.364 352.327 108.949 60.371 30.4691 130.459 114.986 43.1383 71.8479 164.562 246.471 170.077 30.4843 105.185 149.928 48.5783 14.9323 58.7825 139.593 187.765 76.0197 111.745
internal_count=154150 136502 117640 111488 109349 18862 15258 17648 11596 8560 6052 3650 975 6152 3779 906 2873 2773 28163 5854 880 9404 2467 2402 492 3604 4974 5787 2078 3709
is_linear=0
shrinkage=0.025


Tree=4
num_leaves=31
num_cat=0
split_feature=76 48 77 38 19 79 20 37 39 47 63 66 68 63 68 37 2 9 71 77 63 50 46 47 74 1 19 55 72 49
split_gain=32.4853 19.8309 17.7353 9.37178 7.59338 7.40279 6.11509 4.8765 5.07557 4.85254 4.97399 4.81438 4.74875 4.70065 9.38455 4.22614 4.17023 4.41842 4.09222 3.96837 3.85402 3.71915 3.70603 3.94053 3.60631 3.44762 3.37804 3.10675 3.09513 2.91235
threshold=0.088912991082188489 -0.85481293377331458 1.7888074148348332 -0.67350863358424651 0.17906708881564962 2.1534022418289589 0.31286612104093592 -1.4484389114971439 0.057674958098814406 0.54022671631847341 -0.63275353886794627 0.97116371812820856 0.82032115171650066 -0.76053203968480709 0.76550929407497204 0.28006729062836538 -0.0034385574586298646 0.21660530684787863 0.72231058103969459 -1.0880961566533245 -1.3462358077090399 -1.7777085659123648 1.1674127483694872 0.11972456053283394 0.95502187803225869 0.0036636995579026892 -0.13663559780498999 0.46500000000000002 0.18849807643450808 0.18561339046161673
decision_type=10 10 10 8 10 10 2 10 10 8 10 10 10 10 10 10 10 8 10 10 10 10 10 10 10 8 10 2 10 10
left_child=3 4 5 9 12 13 21 -4 11 15 27 -9 16 14 -3 18 28 -18 19 -1 25 -6 23 -7 29 -5 -12 -11 -2 -22
right_child=1 2 7 20 6 22 -8 8 -10 10 26 -13 -14 -15 -16 -17 17 -19 -20 -21 24 -23 -24 -25 -26 -27 -28 -29 -30 -31
leaf_value=0.023272094154388467 0.0056853596898318428 -0.0046452387294283973 -0.010068286975683167 0.01651692560446957 0.016321451464102348 -0.0043513979461768477 -0.0045554301009373193 0.0041107278495451927 -0.011310884875825385 0.0086724043806558505 -0.0022583299636784399 0.017652263178432197 -0.0077323186272387923 -0.0075071231589388908 0.015330655016898351 0.0020005842115165063 0.0075964462607676173 -0.0065981227701716154 0.0028232017189040526 0.010913018543230587 0.00089914272439430639 0.0047616614360746386 -0.010711107098956622 0.011512032672538353 -0.0096504201893447706 0 0.015355839863963877 -0.012196759147726999 -0.0065901625228498078 0.0057215867540403621
leaf_weight=37.678321378771216 16.622888523852453 123.17179808369838 13.548742886632679 21.538067596266046 46.786773517262191 12.898812446277587 15.979807460214941 109.08194888755679 9.6872610654681903 4.7976492056623128 8.9170491823460925 19.150966255459934 35.479526570765302 566.46449336060323 15.378728111041708 21.492753285681829 84.63775331270881 14.788177947048096 16.804186086636037 40.792033716570586 248.75221193989273 32.865672941552475 8.2313672918826324 28.892363670747727 14.616834518732501 13.260915833525358 18.581707998178899 14.646151247434316 41.938262633280829 116.82131221354939
leaf_count=320 977 19332 2403 264 1303 429 779 3160 307 65 369 305 5028 92480 213 411 3565 586 429 498 11008 797 1001 813 607 286 419 291 2333 3223
internal_value=-8.30157e-05 -0.00244021 -0.00426086 0.00476903 0.00323685 -0.00582958 0.0089553 0.0034941 0.00495568 0.0098322 0.00274517 0.00633594 0.000333871 -0.0064925 -0.0022617 0.0125608 0.00223706 0.00535717 0.0148108 0.0172026 0.00273104 0.011786 0.00330039 0.00645655 0.0019596 0.0106046 0.00952714 -0.00647931 -0.002936 0.00247431
internal_weight=1774.3 1195.61 906.506 578.699 289.099 755.038 95.6323 151.469 137.92 163.71 46.9426 128.233 193.467 705.015 138.551 116.767 157.987 99.4259 95.2745 78.4704 414.989 79.6524 50.0225 41.7912 380.19 34.799 27.4988 19.4438 58.5612 365.574
internal_count=154001 135811 120443 18190 15368 114268 2879 6175 3772 2802 1144 3465 12489 112025 19545 1658 7461 4151 1247 818 15388 2100 2243 1242 14838 550 788 356 3310 14231
is_linear=0
shrinkage=0.025


Tree=5
num_leaves=31
num_cat=0
split_feature=76 76 60 38 63 46 63 78 79 67 38 35 33 63 14 66 69 16 39 38 41 18 26 9 46 31 45 49 31 39
split_gain=33.2486 18.616 14.5292 8.22022 11.5033 6.27187 5.82687 5.74881 5.52871 5.07954 4.80392 4.45388 4.22419 4.21337 4.18802 4.00582 3.91995 6.03616 3.8121 3.63643 4.24913 3.54287 4.36518 3.7495 3.4549 2.95747 2.82897 2.75079 2.69118 2.66331
threshold=0.088912991082188489 0.9513463328030054 0.80490309009866301 -0.67350863358424651 -1.3462358077090399 0.94180710630812514 -0.5636993141820047 0.96858635299071094 2.1534022418289589 -0.80171840955850848 5.2629442435948182 -0.12394113231038555 0.00068711846336466664 2.8403290373287375 0.016246760485905048 0.60769974170957075 0.17064959904209689 1.2385839466010446 -0.017819566463116384 -1.1790159551267825 -0.038137704150960176 0.0047412924707359591 0.016454320157083844 -0.026378934969013997 1.4738147912890855 -0.020691818444234563 0.0023235500857508385 0.36467762219962463 -0.063614827942937088 0.023922112248668363
decision_type=10 8 10 8 10 10 10 10 10 10 10 8 10 8 10 10 10 10 8 10 10 10 2 10 10 8 10 10 10 10
left_child=3 2 8 6 18 13 9 16 -2 19 12 27 24 -3 15 -9 29 -18 -5 25 -21 22 -8 -23 -7 -1 -25 -6 -20 -4
right_child=1 5 7 4 11 10 21 14 -10 -11 -12 -13 -14 -15 -16 -17 17 -19 28 20 -22 23 -24 26 -26 -27 -28 -29 -30 -31
leaf_value=0.01072772905261876 -0.0058038047164272232 -0.0027749671352588004 -0.0067137156768600562 -0.001904260704847437 0.0027752046596408023 0.015680081641693693 -0.0068876148866782241 -0.0003296921839506675 0.003317272703749795 0.019586380243045133 -0.0077357026275769892 0.0003810608136492939 0.0006199599490054903 0.017673086654488041 -0.00040522371376096908 0.02018062164285471 0.008583973207619354 -0.0020785603494245194 0.023334173048867122 -0.0025456396231817828 0.01416016647573728 -0.01569586142681163 0.015555274062249822 -0.0063280566442101283 0.00099178400723434258 -0.0086420505464433351 0.010436517959141795 0.015854634358040753 0.008953891417541212 0.001542149859163189
leaf_weight=6.7614280844572932 681.45850386447273 59.973596273455769 66.518837456125766 6.623477577464655 24.842440414940938 64.933482261840254 6.1420410836581167 7.0393111074809012 42.403428329154849 44.114817431895062 8.4286615226883423 298.03433758043684 22.312680824659765 5.7943268180824807 15.64925568224862 21.625264681177214 59.008139257319272 71.341554989572614 22.16623064619489 10.236530754715202 53.477478872053325 8.6670975796878356 18.508332571247593 10.27633456233889 13.299238118575884 11.471364648314195 12.19474933715537 18.874173247721046 19.620697794714943 35.593382691731676
leaf_count=63 102015 3937 7827 97 951 1072 111 256 1903 434 1030 13480 867 232 578 553 3176 7440 196 237 734 244 325 322 303 159 196 387 285 4704
internal_value=0.000329047 -0.00207197 -0.00339192 0.0052698 0.00317821 0.00541546 0.0096661 0.00145417 -0.00525455 0.01264 0.00906702 0.00151499 0.0106239 -0.000577043 0.00958135 0.0150818 -0.000104258 0.00272553 0.0144478 0.00858157 0.0113632 0.00268999 0.00961299 -0.00271199 0.0133303 -0.000854151 0.00252087 0.00886179 0.0171949 -0.00377888
internal_weight=1747.39 1175.38 1000.64 572.012 390.161 174.742 181.85 276.776 723.862 126.062 108.974 341.751 100.545 65.7679 44.3138 28.6646 232.462 130.35 48.4104 81.9468 63.714 55.7886 24.6504 31.1382 78.2327 18.2328 22.4711 43.7166 41.7869 102.112
internal_count=154114 135893 128452 18221 15396 7441 2825 24534 103918 1627 3272 14818 2242 4169 1387 809 23147 10616 578 1193 971 1198 436 762 1375 222 518 1338 481 12531
is_linear=0
shrinkage=0.025


Tree=6
num_leaves=31
num_cat=0
split_feature=76 48 76 78 38 11 9 37 36 59 76 52 52 57 59 67 32 47 28 59 37 69 33 11 28 11 46 15 72 20
split_gain=29.4682 23.4589 23.4759 14.1111 9.08397 8.95433 7.96115 5.72352 5.66219 6.21506 5.10549 5.08957 4.54607 5.10399 3.78131 4.41011 3.65608 3.55554 3.4726 4.25783 3.30329 3.08645 3.08259 2.88841 2.82282 2.82199 3.31142 2.70237 2.67769 2.5975
threshold=0.088912991082188489 -0.85481293377331458 0.9513463328030054 0.97578201368523965 -0.67350863358424651 0.030558364495882877 0.094467132913193877 0.18888935512125724 0.036796490983243231 0.3090228047368288 0.0043336995614652891 2.7200000000000002 2.3950000000000005 -0.24408311379698824 -1.8599932188045867 0.68628491295261929 0.15466185864254714 0.24067034593188227 0.7394965391175734 -0.79828016282764758 -1.4032979788821622 -0.071401090510149215 0.0027582557726343331 0.0084990871707273912 0.79271205792325927 0.0085609178060786131 1.2194104704556989 0.71981203826266527 0.016895478184851164 0.013765094626126422
decision_type=10 8 10 10 8 10 10 10 10 10 8 2 2 10 10 10 10 8 10 8 10 10 10 10 8 10 10 10 8 2
left_child=4 6 3 25 7 20 -2 12 9 -8 18 -11 13 -1 -7 -16 23 -15 19 -6 -4 -5 -12 -9 -18 26 -3 -14 -22 -25
right_child=1 2 5 21 10 14 8 16 -10 11 22 -13 27 17 15 -17 24 -19 -20 -21 28 -23 -24 29 -26 -27 -28 -29 -30 -31
leaf_value=0.021364290762058792 -0.0016143984950204963 -0.0056803235736974994 -0.010390210212099502 0.0078711100573649762 0.027648519888321101 -0.0058192344621901424 0.0017760973842065896 0.013017671878864307 0.0010234683659688553 0.016657211396369623 0.0033211063237637561 -0.0073129169690401468 -0.011725033471018958 0.013758864068965083 -0.0030842284182155586 0.021395874190047823 -0.014410475629728759 0.0037272967371712977 -0.0033923789027245203 0.004310238221296502 -0.012751662446884479 -0.0031259242706725681 -0.0014103907062618017 -0.010558530067951188 0.0064135495786042636 -0.0082554438017861023 0.0054624018232679542 0.0080024677525739 0.0034676974762711029 0.0070492418463841246
leaf_weight=34.083167863544077 93.063359302235767 86.971618601353839 12.839111280627547 47.140931089175865 10.533715409692375 3.7565546180121592 34.991718420758843 17.413006367627531 59.247191478032619 68.701167662395164 213.75960249477066 4.8965426567010573 7.1129551753401739 56.013527037575841 4.5152388776186845 27.943497783737257 11.244325621519234 41.926246548071504 5.5669806660152963 10.800634407438343 5.4487777154427013 21.834931348916143 139.96156324236654 8.2304443700704741 4.6239435614552358 527.02965436223894 18.886358777061105 7.6779448839370161 102.62920321174897 10.418023186968638
leaf_count=314 8933 16104 2096 1101 141 220 2033 232 2420 1817 6920 152 107 539 138 661 273 745 151 200 86 1462 7929 155 100 94457 915 94 3254 237
internal_value=0 -0.00236437 -0.00436171 -0.00632006 0.00457478 0.00431988 0.004173 0.00890482 0.00741508 0.0107848 0.00227331 0.0148704 0.01142 0.0128862 0.0150227 0.0177791 0.00155559 0.00963728 0.0125684 0.0170249 0.000936773 0.0042891 0.00142936 0.00602833 -0.00787874 -0.00749406 -0.00358333 -0.00118344 0.00245031 -0.000512552
internal_weight=1699.26 1119.9 858.996 701.863 579.366 157.132 260.9 198.744 167.837 108.589 380.622 73.5977 146.814 132.023 36.2153 32.4587 51.9297 97.9398 26.9013 21.3343 120.917 68.9759 353.721 36.0615 15.8683 632.888 105.858 14.7909 108.078 18.6485
internal_count=153986 135849 120494 114039 18137 6455 15355 2796 6422 4002 15341 1969 1799 1598 1019 799 997 1284 492 341 5436 2563 14849 624 373 111476 17019 201 3340 392
is_linear=0
shrinkage=0.025


Tree=7
num_leaves=31
num_cat=0
split_feature=76 48 76 45 38 19 71 68 22 63 12 55 38 65 1 6 68 46 58 68 49 61 11 51 59 16 77 13 72 36
split_gain=32.417 20.3596 20.3687 13.1379 9.5224 7.69472 6.12567 6.08628 6.07272 5.73914 5.58357 5.40139 5.38429 5.04769 4.76533 4.32976 4.05309 4.82688 3.96887 6.83071 4.81518 3.94131 3.89818 3.60864 3.35323 3.26999 3.02142 2.82723 2.81973 2.70484
threshold=0.088912991082188489 -0.85481293377331458 0.95517604286261015 0.070144767693182938 -0.67350863358424651 0.076801888034988122 0.37324503207109028 0.54744427028909792 1.3592456364656866 -1.3462358077090399 0.022184451606961652 1.0550000000000004 2.2226608482858778 0.061009030266489669 0.012361277222438296 -0.050367397434514398 0.82032115171650066 0.42414981184648581 0.13631599008957501 0.42734115727608141 0.23541136447669744 0.32756731125150323 0.067781411166240285 2.5150000000000001 -0.72499773730690009 1.0065526050467419 -0.88456554676583188 0.0038078607101044229 0.91719085861982574 -0.026225511945845933
decision_type=10 8 10 10 8 10 10 10 10 10 10 2 10 10 10 10 10 10 8 10 10 8 10 2 8 10 10 10 8 10
left_child=4 5 3 -3 8 -2 16 21 15 24 12 22 25 -8 -13 -1 17 -7 19 20 -11 -5 -12 26 -6 -4 28 -20 -10 -17
right_child=1 2 10 7 9 6 13 -9 23 18 11 14 -14 -15 -16 29 -18 -19 27 -21 -22 -23 -24 -25 -26 -27 -28 -29 -30 -31
leaf_value=-0.00096186196783887724 -0.0023548453887906823 -0.0072024676562903447 -0.0025297462128450877 0.00049990085641858845 0.023688182990747365 -0.0079679052749030924 0.0092289115022233942 -0.008164253755025502 0.010529261550727984 0.0023250095298639178 0.017669402325807528 0.0063594115857659441 -0.0079964157533475889 -0.0043292196325960645 -0.022682391456917105 0.020812140212129356 0.0022588521775817115 0.014739956101323465 0.0027075035715041764 -0.0051202584420186326 0.018954538041886418 0.014998332608364013 -0.0032898119613389773 -0.0095417692828694157 0.006642392690368034 0.0085679428917156616 -0.0090200177855564011 -0.0026872325932825766 -0.0060305993434665497 0.011200801490545784
leaf_weight=13.148038387764243 89.256709631765261 623.88587241829373 24.863815739750862 21.93888254603371 8.8555559478700143 5.154818592593073 26.013258663937449 16.299466912634671 37.561883637914434 21.056625240249559 35.694678598782048 9.5678853215649706 31.375283290166408 44.895733751822263 3.9665032674092791 27.993584489682689 32.538933184463531 75.249491761438549 107.99172487738542 20.164368005935103 25.280661791330203 27.283130437834188 5.442879135021939 11.048311650054528 41.806095448322594 41.94418135820888 6.3133413332980117 134.87060755770653 6.2757969838567069 103.00561947957613
leaf_count=121 9307 111355 1468 936 65 146 790 1927 496 508 782 211 2594 2203 103 232 1380 1588 5066 967 272 595 99 336 510 706 109 8030 145 1373
internal_value=0.000146757 -0.0023202 -0.00424641 -0.00607981 0.00502143 0.00358544 0.00650643 0.0044348 0.00931691 0.00252786 0.00395688 0.0102707 0.000284118 0.000611438 -0.00279694 0.0121156 0.0100964 0.0130965 0.00120512 0.00656239 0.011805 0.00885063 0.0147045 0.00249858 0.0102457 0.00435569 0.00545812 -0.000256149 0.00789451 0.0134817
internal_weight=1680.74 1115.37 842.263 689.407 565.372 273.109 183.852 65.5215 205.347 360.026 152.855 54.6719 98.1833 70.909 13.5344 144.147 112.943 80.4043 309.364 66.5017 46.3373 49.222 41.1376 61.1993 50.6617 66.808 50.151 242.862 43.8377 130.999
internal_count=154420 136190 120776 114813 18230 15414 6107 3458 2812 15418 5963 1195 4768 2993 314 1726 3114 1734 14843 1747 780 1531 881 1086 575 2174 750 13096 641 1605
is_linear=0
shrinkage=0.025


Tree=8
num_leaves=31
num_cat=0
split_feature=76 60 77 48 68 69 35 30 38 38 12 79 4 19 38 2 39 69 67 16 45 25 77 29 17 55 62 49 73 0
split_gain=26.4379 21.7031 16.1639 15.8548 7.39508 6.92049 7.2205 6.6221 5.31113 5.19394 5.4802 4.96924 4.08499 3.93898 3.95142 5.31257 3.58191 3.19076 3.14258 4.41971 2.96773 2.97469 2.74979 2.60875 3.68522 3.80158 2.48362 2.49015 2.43085 2.15852
threshold=0.088912991082188489 0.93262013729977122 1.8786917957316633 -0.85481293377331458 0.82032115171650066 -0.53665646985986515 -0.1403913658566697 0.070577767811824468 -0.67350863358424651 5.9453503624560211 0.020860053698785835 2.1534022418289589 0.078891132617636819 -0.057173462075877139 -0.67350863358424651 -0.019535671903539772 0.060936528448545697 0.23454888023854639 -0.033402697425396158 1.4120474028639405 0.09501341302981163 0.97932181644920302 0.47227899270891377 -0.0038700941267093554 -0.03518394323207396 0.4549999999999999 0.3340587672517501 -1.6122332498619434 -1.2173032835105635 0.0017208667769239574
decision_type=10 10 10 10 10 10 8 10 10 10 10 10 10 8 10 8 10 10 10 10 10 10 10 8 10 2 10 8 10 10
left_child=5 2 3 4 17 6 29 12 23 10 28 -5 -3 -8 15 -15 -12 -2 -14 -20 21 22 -9 24 -7 -26 27 -10 -4 -1
right_child=1 7 9 11 -6 8 13 20 26 -11 16 -13 18 14 -16 -17 -18 -19 19 -21 -22 -23 -24 -25 25 -27 -28 -29 -30 -31
leaf_value=0.021597273314623355 2.3204232952182365e-06 -0.00091277059305548453 0.0083501805760222824 -0.0075544540155646741 -0.0075536764491028925 -0.0066573410420632823 0.016411889567682313 -0.0026164894825198592 0.015725795899356063 -0.0088343783132763948 0.014508082356686131 0.0006556405908515686 0.0047143545665574438 0.023939058550552058 0.0012600725542732099 0.0056973306802253132 -0.0049465936663126214 0.007823842090787618 0.020660996459237899 0.0028665459498700696 0.012180287665633706 -0.0080981176240866037 0.010684031527730894 0.00073583729268331848 0.019817434647202196 0.0063509369627612325 -0.0052946725806070141 0 -0.0013121612384047365 0.0081740906332594485
leaf_weight=26.304239100078121 60.378776030382141 14.400072074495254 21.467689393088222 563.72959920123685 40.759084483142942 8.3949451078660768 18.711189193418249 21.752059702761471 5.6493352204561234 15.594952327199278 44.94407965359278 48.153002747101709 23.633493719156832 11.214087778236715 111.01320177828893 72.086613554041833 5.5637741996906689 74.942911045858636 38.984741099877283 13.007565627805887 10.410361276473848 24.899073714623228 15.091601249063386 53.079381697811186 17.378257092321292 64.283524006837979 59.849716227035969 78.393844526493922 53.957296570530161 16.382168641546741
leaf_count=244 4223 921 593 106066 5280 94 381 2021 233 1920 743 1837 1638 81 3455 797 158 3073 919 598 286 2166 578 2128 181 906 5878 3564 2581 198
internal_value=0.00012182 -0.0021151 -0.00359347 -0.00499447 0.00157337 0.00462969 0.00762181 0.00627613 0.00191738 0.00413049 0.00586323 -0.0068961 0.010757 0.00562678 0.00445552 0.00854691 0.0121549 0.00441961 0.0130563 0.0165152 0.000498552 -0.0015466 0.00279958 0.00531827 0.00789178 0.00955272 -0.00142994 0.00127006 0.00142779 0.016981
internal_weight=1634.41 1091.67 929.491 787.963 176.081 542.741 255.712 162.179 287.029 141.528 125.933 611.883 90.0259 213.025 194.314 83.3007 50.5079 135.322 75.6258 51.9923 72.1531 61.7427 36.8437 143.136 90.0567 81.6618 143.893 84.0432 75.425 42.6864
internal_count=153741 135601 126474 120479 12576 18140 5156 9127 12984 5995 4075 107903 4076 4714 4333 878 901 7296 3155 1517 5051 4765 2599 3309 1181 1087 9675 3797 3174 442
is_linear=0
shrinkage=0.025


Tree=9
num_leaves=31
num_cat=0
split_feature=76 9 77 58 37 29 45 47 33 38 76 46 50 79 11 68 50 51 68 25 35 68 76 45 41 38 40 13 26 14
split_gain=20.42 17.7827 12.8589 10.4726 7.04166 6.79921 6.34734 6.01845 6.18303 6.18793 5.84294 5.0603 5.02923 5.81144 4.72954 4.36434 4.12139 3.95514 3.81549 3.46239 3.42224 3.39115 3.24124 3.23766 3.06436 3.04732 3.01276 2.97598 2.82092 2.47531
threshold=0.088912991082188489 0.32969390002533178 1.9782714629387426 0.14040715040669091 -1.4984754513294303 -0.056173229605088741 0.035426368341182242 0.57778253803803892 0.0043782364988158582 -0.67350863358424651 0.76765581122427606 1.0278491396112048 -1.3104198501073372 2.1534022418289589 0.030558364495882877 0.83583701363592422 -2.8941272060036041 1.7950000000000002 0.89778829910198288 0.52701680270403817 0.070545418904809545 0.62286309175920518 0.029197112038970078 -0.027185469753495044 -0.048358292843095833 -1.2152218001675406 0.0033947393190157109 0.0029259679448552086 0.012964603911372323 0.0075567685638992981
decision_type=10 10 10 8 10 10 10 10 8 8 10 10 10 10 10 10 10 2 10 10 10 10 8 10 10 10 10 10 2 10
left_child=3 2 12 11 -4 14 10 8 9 27 17 22 15 -14 -6 21 -12 -3 20 -13 -8 -2 -1 -18 -11 26 -10 -5 -22 -21
right_child=1 6 4 7 5 -7 18 -9 25 24 16 19 13 -15 -16 -17 23 -19 -20 29 28 -23 -24 -25 -26 -27 -28 -29 -30 -31
leaf_value=0.017102853719998645 -0.0034655877699295333 -0.01029000514616977 -0.010688363354109495 0.0017870716461023549 0.0055983473846279233 -0.0020228670814982988 -0.00091352791339222603 -0.0035373808220527381 0.0013938678736858928 -0.0036647079334982259 0.025696457815908225 0.021286971317188201 -0.0066163616036156786 0.0030096999506417266 0.01949539957285706 -0.0078712540530755729 0.014586876007640996 0.0017631739543363092 -0.0028647487694942256 -0.014532831235260491 -0.0016652820333668045 0.0035877623545069017 0.0073650246907791071 -0.00012925237704230157 0.004990255465544843 0.0010061640544228277 -0.017004305945603388 0.013919239670150513 0.017283208498976604 0.0031133067801499773
leaf_weight=53.219133005011827 73.445185687742196 27.990159434033558 16.216765735531226 17.817678530700505 45.753593334229663 37.779913008911535 8.0993727194145304 90.001035404158756 8.2956162104383129 32.950004921061918 6.1284455012064418 2.3817616228479919 508.45337006705813 40.673209268832579 25.090491221984848 48.597275631502271 12.293809749186037 38.171384376473725 9.4489254243671876 8.2992414366453904 4.4388610376045099 97.224983800668269 46.427630603080615 27.152559199603274 94.15290186018683 107.65861442824826 11.627543524373321 66.639814887428656 48.341149269370362 8.5835247051436436
leaf_count=577 8239 4378 2319 167 1125 1615 401 4523 892 2025 126 52 94142 1545 334 7900 556 2867 632 287 198 6770 723 1639 2372 5319 204 616 1309 536
internal_value=6.23852e-05 -0.00193431 -0.00339114 0.00398929 0.00398997 0.00634247 0.0051476 0.00213429 0.00366864 0.00628148 0.00133292 0.0105332 -0.00460445 -0.00588473 0.010867 -0.00134955 0.00815573 -0.00331715 0.0109794 -0.000798792 0.0132628 0.000505824 0.0127818 0.00456788 0.00267481 -0.000623987 -0.00934462 0.0115082 0.0155491 -0.0055352
internal_weight=1623.35 1075.3 893.235 548.055 124.841 108.624 182.065 429.143 339.142 211.56 111.736 118.911 768.394 549.127 70.8441 219.267 45.5748 66.1615 70.3283 19.2645 60.8794 170.67 99.6468 39.4464 127.103 127.582 19.9232 84.4575 52.78 16.8828
internal_count=154388 136095 123989 18293 5393 3074 12106 16118 11595 5180 9566 2175 118596 95687 1459 22909 2321 7245 2540 875 1908 15009 1300 2195 4397 6415 1096 783 1507 823
is_linear=0
shrinkage=0.025


Tree=10
num_leaves=31
num_cat=0
split_feature=76 61 77 48 79 41 56 16 17 66 61 19 49 19 47 72 77 58 12 27 45 11 72 59 34 50 12 44 58 27
split_gain=19.7704 25.4652 16.9716 13.4569 7.44063 5.72046 5.59761 4.62475 4.49947 4.23863 4.09178 3.83392 3.71486 3.19123 3.73322 3.14841 5.00435 3.55897 3.28642 2.87728 2.85687 2.84821 4.03661 2.90986 2.8263 2.79209 2.78867 2.77397 2.7653 2.74769
threshold=0.088912991082188489 1.7889566112783 1.9782714629387426 -0.85481293377331458 2.1534022418289589 -0.026276136665708435 0.61481522956326995 1.2437127351839063 0.025396773491556782 0.59959140915844489 3.2376139196343092 0.076801888034988122 -1.0243697045961657 0.0014620374023271989 0.81198642203752447 0.61170234445405525 -1.2589708883245441 0.30801254559474617 0.034432586446250406 -0.0060292882883083926 -0.020464717403160748 0.010757160699248668 0.80084301602529939 -2.511366157238164 0.046686906764603193 -0.16553502882948237 0.022184451606961652 -0.52803967262616791 0.172156229942415 -0.0093343665379889054
decision_type=10 8 10 10 10 10 8 10 10 10 8 10 10 8 8 10 8 10 10 10 10 8 8 8 10 10 10 10 10 10
left_child=6 2 3 7 -5 29 12 11 9 -3 -11 -2 13 14 -1 18 17 -17 -14 -8 -15 24 23 -23 -21 -6 28 -18 -7 -4
right_child=1 8 5 4 25 26 19 -9 -10 10 -12 -13 15 20 -16 16 27 -19 -20 21 -22 22 -24 -25 -26 -27 -28 -29 -30 -31
leaf_value=0.016625009225095532 -0.0020001148108009393 -0.00033022843994801943 0.00068947791501524508 -0.0076680915470688123 -0.0043015309324504376 -0.012260496836537732 0.0081068116318915254 -0.0050519447742674488 0.0019555753844163171 0.018506548875199348 0.0033090031656806199 0.0067779909550727702 0.011851515821337246 0.003335487041942896 -0.0066114061837176359 0.0192174695864753 -0.0013355151612066925 0.00023941088486221482 -0.0080824118754252005 0.0052895822784305739 -0.010119982987923203 0.016679155039319108 0.0015581236793170896 -0.0093326895697058831 -0.0021971202378661438 0.0070367667815021059 0.0073126395688433588 0.0087697612295547494 0.00027840443577021543 0.014330320920849741
leaf_weight=11.427676282590253 47.572378923418 13.00538144726306 13.776338898343964 557.00571651617065 22.296668278053403 12.928121348377315 30.99489320628345 55.612105792155489 45.778967218240723 46.744058199226856 16.853501624194905 80.976861123926938 98.664492863928899 16.657357305055484 5.2061787554994252 19.418003765633333 61.624415415106341 10.02174514508806 4.1914034446235737 85.460494349943474 19.749591232044622 1.5704042338766155 57.154659104067832 48.414363642921671 46.978586616227403 29.822127768304199 24.065656447783113 21.738085143500939 44.534093025140464 38.073244804982096
leaf_count=255 4335 843 284 109735 967 904 1459 6655 2996 1238 485 2212 1933 1116 175 189 1109 162 99 2184 1037 16 3261 2812 1912 989 725 420 2488 1120
internal_value=-0.000214032 -0.00221769 -0.00364097 -0.00503246 -0.00682121 0.00455052 0.00366608 0.000849325 0.00842921 0.0121117 0.0147308 0.00348321 0.00622002 0.000140759 0.00897626 0.00767156 0.00459351 0.0132642 0.0108833 0.00108597 -0.00385425 0.000110641 -0.00286972 -0.00799706 0.00258191 0.00205788 0.000293413 0.00129796 -0.0026079 0.0109449
internal_weight=1588.32 1049.05 926.663 793.286 609.125 133.377 539.272 184.161 122.382 76.6029 63.5976 128.549 268.699 53.0408 16.6339 215.658 112.802 29.4397 102.856 270.573 36.4069 239.579 107.139 49.9848 132.439 52.1188 81.5279 83.3625 57.4622 51.8496
internal_count=154115 135976 130414 124893 111691 5521 18139 13202 5562 2566 1723 6547 6495 2583 430 3912 1880 351 2032 11644 2153 10185 6089 2828 4096 1956 4117 1529 3392 1404
is_linear=0
shrinkage=0.025


Tree=11
num_leaves=31
num_cat=0
split_feature=76 60 76 48 76 17 79 38 18 37 33 4 2 47 50 76 47 47 42 36 38 45 79 33 38 52 24 22 79 52
split_gain=28.1335 18.5899 17.0049 13.1416 7.56407 6.02251 5.80046 5.30924 5.25616 4.78133 4.88117 3.99301 3.54199 4.64001 3.96452 3.4766 3.30937 2.9986 2.93395 2.7409 2.72088 2.57255 2.54805 2.68395 2.5341 2.53069 3.85056 2.27491 2.27137 2.24269
threshold=0.088912991082188489 0.94397445986550299 0.9513463328030054 -0.85481293377331458 0.025130917607431389 0.029029995569107573 2.1534022418289589 -0.67350863358424651 0.036166235380911578 -1.4484389114971439 -0.066042055540041986 0.04527295162933654 -0.077654321331646667 -0.52471816223578094 -1.4136019306113365 0.38739617807195476 0.70932281140282261 0.43367200539212319 0.0038114260423160622 0.065846957506953144 -0.77652819192691303 0.036210089293970314 0.077907306854959155 -0.0084567058549084289 0.13900168615136568 2.0150000000000001 -0.40088390671597701 -1.149087872843823 -0.50968159100062149 0.39500000000000007
decision_type=10 10 10 10 8 10 10 8 8 10 10 10 10 10 10 10 10 8 10 10 10 10 8 8 10 2 8 8 10 2
left_child=4 2 3 16 11 12 -5 8 29 -4 -11 19 13 -3 15 -14 18 28 -2 25 -19 -16 -9 -24 -8 -1 -27 -15 -10 -6
right_child=1 5 9 6 7 -7 24 22 17 10 -12 -13 14 27 21 -17 -18 20 -20 -21 -22 -23 23 -25 -26 26 -28 -29 -30 -31
leaf_value=0.014260712424564247 0.004198624384871924 0.018881000875904816 -0.0081665482682126474 -0.0080882527503639973 0.018497060390431818 -0.0020963537022860301 0.0084928133751896225 -0.0017300427424740339 -0.0024992382658240962 0.015730009585240203 0.0029625183846835202 0.0025665570671079226 0.0013691638305474291 0 -0.0012994557509341687 0.01748180735158434 -0.0059212427362636579 -0.0088764905633000653 -0.0064728128879263215 -0.00010991079935505086 0.0080595491454118762 0.010251837547111264 0.0096981675157320826 2.7601691980969909e-05 -0.0031960507074089931 0.015555363995986803 -0.0061606861882113097 -0.024127817470990985 0.0094516285849592582 0.0077655637561200412
leaf_weight=90.60322552616708 109.28776511794422 2.9028438339009872 17.480684415670112 519.81964885687921 18.487582052592188 47.154565299395472 16.739899576175958 154.13650512672029 13.141608830774201 22.162254189839587 112.83627121034078 48.357399841304868 11.777655821759252 5.7589751232881099 24.187924164580181 44.524677976034582 34.826604089699686 22.840059148380536 17.27317076921463 10.532510730670763 6.3998823575675479 20.650812410749495 28.645802905317396 48.938917416147888 30.810991126578301 7.7453284352086484 10.273708497406917 3.9895848701708001 27.983883042819798 57.186487136175856
leaf_count=1266 7161 50 2806 106992 196 3611 640 9441 252 335 3846 1570 323 197 2009 790 4210 552 1333 432 159 502 749 2235 1255 154 179 77 384 635
internal_value=-0.000100621 -0.00251193 -0.00394399 -0.00553537 0.00448981 0.00525394 -0.00732378 0.0024871 0.00620023 0.00359688 0.00523371 0.00891189 0.00835515 -0.00341914 0.00992406 0.0143406 0.000713468 0.00112278 0.00263636 0.0113735 -0.00475164 0.00398622 9.48592e-05 0.00378669 0.000872835 0.0125443 0.00317196 -0.0120861 0.00549296 0.0107327
internal_weight=1587.46 1042.18 881.237 728.758 545.273 160.947 567.371 377.761 146.04 152.479 134.999 167.512 113.792 12.6514 101.141 56.3023 161.388 70.3654 126.561 119.155 29.2399 44.8387 231.721 77.5847 47.5509 108.622 18.019 9.74856 41.1255 75.6741
internal_count=154341 136137 128578 121591 18204 7559 108887 14603 2178 6987 4181 3601 3948 324 3624 1113 12704 1347 8494 2031 711 2511 12425 2984 1895 1599 333 274 636 831
is_linear=0
shrinkage=0.025


Tree=12
num_leaves=31
num_cat=0
split_feature=76 61 77 30 63 38 79 35 41 42 47 68 8 62 61 49 52 67 68 41 31 76 14 8 32 52 14 69 42 45
split_gain=23.1029 28.7994 18.6732 8.92741 5.59176 5.85178 5.34612 5.26335 5.21073 5.18758 6.05654 4.53144 4.1355 4.11262 3.92532 3.83712 3.59512 4.00468 4.32298 2.77126 2.84878 2.67358 2.6625 2.38918 2.31556 2.29195 2.20898 2.52314 2.1868 2.30881
threshold=0.088912991082188489 1.6493751581776175 1.9782714629387426 0.074365481241447276 -1.3462358077090399 -0.67350863358424651 2.1534022418289589 -0.12394113231038555 -0.026276136665708435 0.0069045651525438826 0.55514000533344221 0.38366063406494683 -0.038372888447281754 0.16631354505667156 0.54565501941146299 -1.0389436755403991 2.7550000000000003 -0.14970415562229275 0.90185970260127835 -0.14112847084721039 -0.14864129826509345 0.0043336995614652891 0.012688126751188735 0.0081746320196449691 0.27277775380459407 2.7200000000000002 0.023452090021717678 -1.2923363116210651 -0.011548111084982769 0.089150552034375621
decision_type=10 10 10 10 10 8 10 8 10 10 8 10 10 10 10 10 2 10 10 10 10 8 10 10 8 2 10 10 10 10
left_child=4 2 6 16 12 9 14 11 19 10 15 21 -1 -12 25 -6 17 -3 -19 -4 -21 -7 -16 -14 -10 -2 27 -8 -5 -30
right_child=1 3 8 28 5 7 26 -9 24 -11 13 -13 23 -15 22 -17 -18 18 -20 20 -22 -23 -24 -25 -26 -27 -28 -29 29 -31
leaf_value=0.019494168309803134 -0.0074176246935274389 0.00080876539025582529 -0.0018192173816575033 0.015691403395186206 -0.00065480178771818148 0.020561042640496671 -0.0083282817277002732 -0.00061741751971291874 -0.0010919322490641427 -0.0044440042273746509 -0.013525209395891125 -0.003063094577666803 -0.0068871364791050207 0.0042507286873527568 -0.0010317153614733305 0.012799922700489089 -0.0095232217486782861 0.018734673497320258 0.0023619190299913784 0.018099660635750959 0.0053185140400256485 0.0069026486413596225 -0.0088033637704081086 0.0090298003931517778 0.012726475580829649 0.00113706702544847 -0.010888558106295102 0.006202043763480645 -0.0043749465050492769 0.0082839609813824232
leaf_weight=24.322700473479927 491.07014310033992 14.074443083256481 8.8552695610560459 3.8534109233878544 13.735350338509305 13.085739078931509 7.5119807645678511 227.9163949333597 70.946199775440618 21.178682756144553 8.7377499397844058 18.49245335557498 6.6682091923430589 42.458957568975165 140.53998812986538 108.96079842629842 3.1638905587606123 62.342756540747359 13.714058185927568 26.21471919235773 23.934045556932691 39.090916078537703 34.217636295827106 19.764703898690641 7.2390874917618921 18.503129125572741 5.9969549113884559 43.148013105383143 40.053562787827104 10.106561259599401
leaf_count=256 94733 960 151 122 175 78 173 13524 4027 485 158 778 87 822 19010 1062 68 1180 475 527 767 499 4766 328 125 3378 492 1785 3175 258
internal_value=0.000140599 -0.00206375 -0.00378708 0.00810693 0.00430198 0.00344959 -0.00535979 0.00120941 0.00462609 0.00681195 0.00824672 0.00711744 0.012177 0.000833492 -0.00597289 0.0112414 0.0127411 0.0137196 0.0159621 0.0101585 0.0124126 0.0108539 -0.00264569 0.00461832 0.000266058 -0.00709037 0.00188617 0.00375998 0 -0.00154437
internal_weight=1569.9 1025.49 878.177 147.309 544.413 493.657 740.988 298.586 137.189 195.072 173.893 70.6691 50.7556 51.1967 684.331 122.696 93.2951 90.1313 76.0568 59.004 50.1488 52.1767 174.758 26.4329 78.1853 509.573 56.6569 50.66 54.0135 50.1601
internal_count=154424 136172 129934 6238 18252 17581 124337 14879 5597 2702 2217 1355 671 980 121887 1237 2683 2615 1655 1445 1294 577 23776 415 4152 98111 2450 1958 3555 3433
is_linear=0
shrinkage=0.025


Tree=13
num_leaves=31
num_cat=0
split_feature=61 77 77 48 33 79 44 38 38 68 69 37 59 34 12 47 0 33 19 46 10 77 38 10 33 50 30 78 46 19
split_gain=15.5234 21.1432 11.3366 9.53522 6.42275 6.42007 6.55242 6.04866 5.60383 4.78528 4.77017 4.7367 4.47927 4.4009 4.3484 4.13521 4.0774 3.26509 3.21134 3.14604 2.87083 2.83222 2.71398 2.65267 2.52552 2.50427 3.67843 3.50736 2.29427 2.02257
threshold=1.7889566112783 -0.95101190432763938 1.7888074148348332 -0.85481293377331458 0.0084695256603188902 2.1534022418289589 -0.62767066800748217 -0.67350863358424651 4.8776959199168575 0.82032115171650066 -1.2923363116210651 -0.52051125123052999 -0.29854090146387519 0.059346082682885 0.020860053698785835 -0.077281846160890025 0.014896829989032192 -0.01778473376682815 0.082180236647772423 2.4576421313538788 0.0047763610736362505 -0.6309748068088793 0.10363740893425956 0.0207226195188462 -0.022183567465602846 -1.4582888077365292 0.071176876740448161 0.98705500111715205 1.3645991151779693 0.1250451485677119
decision_type=10 10 10 10 10 10 10 8 10 10 8 10 10 10 10 10 10 8 10 10 10 10 10 8 10 10 10 10 10 10
left_child=1 7 3 9 19 6 -5 13 14 18 12 23 15 20 -4 -9 -16 -12 -3 21 -1 -2 -7 28 -22 26 -23 -27 -6 -15
right_child=4 2 8 5 11 22 -8 10 -10 -11 17 -13 -14 29 16 -17 -18 -19 -20 -21 24 25 -24 -25 -26 27 -28 -29 -30 -31
leaf_value=0 0 -0.00041958290233752604 0.0011531156785359127 0.0012259606994915945 0.023185809767907996 0.010073553766901147 -0.0067844431472735209 0.00017816815646381394 -0.0087652895844210696 -0.0070791842000326333 0.0061550476614791842 -0.003964987837224764 -0.00064099722806808994 -0.0092654438310883578 0.013768334114126278 0.01906683987303516 -0.0010863614056175685 -0.0018242612896705581 0.0063462104642571862 -0.0070806587387104844 0.00022694536887675793 0.021412870588842989 -0.0013201074936513716 -0.0067507911178834416 0.012893921540333031 0.0032595542757416184 0.0033183852387675991 0.021596025166368871 -0.00052490548549344307 0.0064601297091201257
leaf_weight=14.254771927837281 9.2577432664111239 89.824202527990565 70.25672028423287 70.189084727782756 8.6217667441815085 20.419333266559988 541.85863085556775 11.320394478039814 18.116998191922903 36.231782765360549 39.714406213723123 38.081909822532907 21.229548037750646 10.907243965892123 47.686648800037801 24.093633487820625 13.712942365091292 146.39364452823065 80.800117330625653 4.197359441779553 12.353271139319984 37.560994672821835 30.092085585929453 2.3960330556146809 95.224814706714824 28.238501617219299 10.436096135526894 8.147678869776426 2.5599510008469233 7.2707259559538207
leaf_count=157 474 8799 3351 4965 259 654 106600 198 2336 5654 1181 2549 769 328 715 284 272 6900 2518 116 152 380 1304 98 1147 1306 314 88 146 219
internal_value=0.000119261 -0.000694828 -0.00258056 -0.00367917 0.00774807 -0.00514171 -0.00585299 0.0042992 0.0037256 0.000971908 0.00185571 0.000439345 0.00812749 0.00843084 0.00556454 0.0134375 0.0103737 -5.29569e-05 0.00276269 0.0114793 0.0101435 0.0124694 0.00326765 0.0126187 0.0115269 0.013892 0.0178079 0.00812344 0.017627 -0.00257803
internal_weight=1551.45 1401.95 1019.19 869.415 149.498 662.559 612.048 382.762 149.773 206.856 242.752 51.6597 56.6436 140.011 131.656 35.414 61.3996 186.108 170.624 97.8384 121.833 93.641 50.5114 13.5778 107.578 84.3833 47.9971 36.3862 11.1817 18.178
internal_count=154233 148503 137168 130494 5730 113523 111565 11335 6674 16971 9332 3052 1251 2003 4338 482 987 8081 11317 2678 1456 2562 1958 503 1299 2088 694 1394 405 547
is_linear=0
shrinkage=0.025


Tree=14
num_leaves=31
num_cat=0
split_feature=61 76 76 41 78 5 66 51 46 51 65 12 14 56 3 0 38 46 53 61 69 68 40 39 60 52 24 51 53 38
split_gain=16.8558 24.7348 18.0816 6.3769 6.03686 4.92137 3.91512 3.86702 3.8514 4.1335 3.88554 3.68415 4.05363 3.56634 3.44108 3.43075 3.23446 3.69539 3.10591 3.05875 2.85842 2.77184 2.59471 2.51129 2.09913 2.07824 2.07008 2.06552 2.04635 1.85916
threshold=1.7889566112783 0.088912991082188489 0.9513463328030054 -0.026276136665708435 0.97936014313708786 0.060683667212806609 0.50103306226121125 2.5150000000000001 1.423443228194077 1.7750000000000001 1.8326271425694451 0.02424037662239507 0.0068009037399016569 0.65846146077911605 0.041854319231551258 0.0050123669606803043 -0.74990152398657151 0.49006696531659039 19.270000000000003 -0.8621687752277436 1.196703136215397 0.98274000148953611 0.0061328673242853453 -0.060784857742107228 0.80490309009866301 0.13500000000000004 -0.69379887470105905 2.5350000000000006 16.285000000000004 0.10363740893425956
decision_type=8 10 10 10 10 8 8 2 10 2 8 10 10 10 8 10 10 10 2 10 10 8 10 10 10 2 10 2 2 10
left_child=1 7 4 15 24 6 27 14 9 10 -8 12 19 21 16 23 26 -18 -11 -9 -17 -10 -13 -4 -3 -5 -1 28 -2 -6
right_child=5 2 3 25 29 -7 8 11 13 18 -12 22 -14 -15 -16 20 17 -19 -20 -21 -22 -23 -24 -25 -26 -27 -28 -29 -30 -31
leaf_value=0.0023645255174608976 -0.012264218872577622 -0.0068046654158824037 0 0.013788338972178509 0.0076971667782249871 -0.0061002883128049613 0.011368703121396088 -0.012794787734847749 0.0006278061661406896 0.016582205285483431 -0.0058760208480682944 -0.0041870518137031923 -0.0082021171484509981 -0.0085423682675901513 0.0016359308907493962 0.0051867899542868464 0.0095908898270506953 0.0011213976506096663 0 0.0029198807139142798 -0.017669983839492892 0.019448318854038225 0.020728004974464104 0.016020684814068539 -0.0032087231707250089 -0.0014652458444724234 0.013442981861840156 0.0097125804931571386 0.0041166716475614078 -0.0013720366215554201
leaf_weight=15.836237884126602 10.45038175489754 511.5848558912985 7.4948894551489493 4.7513290578499427 23.461717371596023 14.962213146267457 16.893693615449592 7.2376906578429034 14.174225334543737 72.103767097229138 13.255338094662877 2.6360722153913212 37.607549589592963 11.414804699830709 143.4249309154693 18.333209563745189 52.356505410047248 87.714142355136573 7.5830254559405139 82.333893841598183 2.9035554684232912 7.1443600927013895 7.1845043494831771 38.44277858780697 141.82530390634201 82.59988798876293 54.964491857681423 6.3431855845265082 6.3810568095650515 29.885253858054057
leaf_count=163 784 102154 183 161 746 1091 516 137 440 1244 272 90 2954 768 5652 588 773 2871 160 3973 85 153 220 967 19008 5118 462 402 614 1534
internal_value=-0.000162088 -0.00112683 -0.00368252 0.00401327 -0.00537968 0.00697753 0.00823839 0.00333635 0.00978136 0.0120194 0.00361293 -0.000178157 -0.00142043 0.00189122 0.00471245 0.00973605 0.0067485 0.00439485 0.0150064 0.0014151 0.000949553 0.00796834 0.013632 0.0135113 -0.00604292 -0.000375246 0.0111499 -0.000960438 -0.00577736 0.00256064
internal_weight=1533.28 1352.58 861.283 154.526 706.757 180.706 165.744 491.296 142.569 109.836 30.149 137 127.179 32.7334 354.296 67.1744 210.871 140.071 79.6868 89.5716 21.2368 21.3186 9.82058 45.9377 653.41 87.3512 70.8007 23.1746 16.8314 53.347
internal_count=154283 147839 130544 7102 123442 6444 5353 17295 3553 2192 788 7374 7064 1361 9921 1823 4269 3644 1404 4110 673 593 310 1150 121162 5279 625 1800 1398 2280
is_linear=0
shrinkage=0.025


Tree=15
num_leaves=31
num_cat=0
split_feature=77 60 77 44 79 77 53 65 44 58 54 2 29 39 48 56 47 46 5 50 47 2 28 37 20 50 68 55 50 47
split_gain=15.6786 22.2368 12.6298 5.48015 5.26527 5.13099 4.62989 3.86053 4.19695 3.82489 3.6756 3.96999 3.6123 5.32004 3.45809 3.43618 3.01552 2.86407 2.61869 2.91297 3.09658 2.66232 2.28052 2.1737 2.12875 2.11332 2.093 2.05757 2.00159 1.99222
threshold=-0.92794173357349219 0.93262013729977122 1.9782714629387426 -0.58875841561159836 2.1534022418289589 -1.3103193647291778 17.875000000000004 -0.37684207106747053 0.14627272500882479 0.30394233294159689 114.64975000000003 -0.08052241001504705 -0.058071328739088983 -0.036119878947647226 -0.85481293377331458 0.18461574070177508 0.43367200539212319 0.47254973100620917 0.024733177119306341 2.0684142968581027 1.4128141303019723 -0.095151971409657851 0.079302547266208653 -1.0528715932564336 0.39449689953096184 0.15000064587930748 0.75366882760136256 0.4549999999999999 -1.6871244817054347 1.5289843112468238
decision_type=10 10 8 10 10 8 2 10 10 10 2 10 10 10 10 10 8 10 8 8 10 10 10 10 2 10 10 2 10 10
left_child=5 2 3 16 14 9 22 -3 15 17 11 -10 13 -8 -5 -9 24 -1 19 20 25 -21 -4 -12 -2 -7 -6 -20 -19 -17
right_child=1 7 6 4 26 18 12 8 10 -11 23 -13 -14 -15 -16 29 -18 28 27 21 -22 -23 -24 -25 -26 -27 -28 -29 -30 -31
leaf_value=0.020791522967248788 0.0063502250659208271 -0.0050742406623470217 0.010471347060963535 -0.0020239299290389198 0.0040635927602063436 0.0049415811251080494 -0.0014538225396391075 0.015761847428610341 -0.0053737202076083223 0.0018222579519679896 0.013430406769383974 0.014750001185581452 -0.0023768205435155229 0.015933876133701889 -0.0070360447476595332 0.0019040677557299324 -0.002971498203681382 -0.0050270241194464915 -0.010413133086782525 -0.0032279915801459768 -0.010855582614481907 0.017461703561942314 -0.0029017453054565093 -0.00068531090877153172 -0.0089159059220206491 -4.8855233725878989e-05 -0.0085301662760976886 0.00035025319359699149 0.010533374232330708 -0.010300822965149869
leaf_weight=20.74806908192113 48.507837549084798 17.325795956421643 7.9787273630499831 110.91503736865707 46.195781588787213 161.65200695814565 13.830602285685016 9.1502918356563878 5.5405336620751759 29.570009083021432 7.6446130957920095 68.695614514872432 13.930190017446874 39.031733636278659 495.99085520999506 63.152933024102822 80.010391197632998 4.7399104505311689 13.434366531670092 3.9280786886811283 8.6250330209732038 14.961912696948273 55.198572538793087 25.713077637366951 5.0109357214532784 74.241414732998237 8.566268577706067 40.756516201188788 29.98700786777772 8.3709630814846587
leaf_count=162 2685 1820 354 11457 1257 5015 286 249 120 1044 143 2020 572 843 102720 3330 7525 116 805 45 458 300 3344 952 401 2187 1033 2446 493 516
internal_value=-0.000178967 -0.00169225 -0.00335043 -0.00453532 -0.00546622 0.00404468 0.00381714 0.00570936 0.00676718 0.00949097 0.00999672 0.0130871 0.0083573 0.0113146 -0.00613819 0.00228501 2.94168e-05 0.0133212 0.00253254 0.00357156 0.00276497 0.0128502 -0.000932637 0.00268661 0.00461962 0.00334704 0.0018189 -0.00235046 0.00810379 0.000226109
internal_weight=1533.41 1130.76 925.167 795.197 661.668 402.644 129.97 205.594 188.268 85.045 107.594 74.2361 66.7925 52.8623 606.906 80.6742 133.529 55.475 317.599 263.408 244.518 18.89 63.1773 33.3577 53.5188 235.893 54.7621 54.1909 34.7269 71.5239
internal_count=154698 141627 132477 127078 116467 13071 5399 9150 7330 1815 3235 2140 1701 1129 114177 4095 10611 771 11256 8005 7660 345 3698 1095 3086 7202 2290 3251 609 3846
is_linear=0
shrinkage=0.025


Tree=16
num_leaves=31
num_cat=0
split_feature=61 76 76 18 79 56 76 48 37 58 47 44 30 68 38 2 33 69 30 16 75 35 47 38 17 38 55 27 55 38
split_gain=19.2088 25.2915 17.4332 9.05578 8.17543 6.19147 5.99793 5.78993 5.023 4.02126 4.16625 4.00834 5.39289 3.87791 3.64979 3.21577 3.2092 3.08975 2.8478 3.36534 2.79967 2.75048 3.11573 3.06448 2.59557 2.5119 2.46737 2.28276 1.98143 1.83216
threshold=1.7889566112783 0.088912991082188489 0.95517604286261015 0.0093136802260885849 2.1534022418289589 0.14480319125490371 0.0085929207623794378 -0.85481293377331458 -1.4484389114971439 0.24021053952996246 1.8952025887673616 0.65464078827600491 0.067081592284534933 0.90185970260127835 -0.6616588900747763 -0.11142979784208816 0.016916416211440025 0.20699019751128042 0.021779928277634201 1.1265897036645025 0.81393668412436093 -0.18742325975106164 0.29096630516851135 -0.72410327015837683 0.017473570431306155 2.6562219014719157 1.1650000000000003 0.0019244401982118958 1.1650000000000003 -0.32306256645487069
decision_type=8 10 10 8 10 8 8 10 10 10 8 10 10 10 10 10 10 10 8 8 8 8 10 10 8 8 2 10 2 10
left_child=1 3 4 6 7 15 -1 16 -4 20 -11 13 25 18 17 -2 -3 -8 19 -7 -10 -5 23 -23 -20 -13 -14 29 -24 -6
right_child=5 2 8 21 27 11 14 -9 9 10 -12 12 26 -15 -16 -17 -18 -19 24 -21 -22 22 28 -25 -26 -27 -28 -29 -30 -31
leaf_value=0.01776313930631452 0 0.00074382155029813484 -0.0078788116656971236 0.013207658639118129 0.014577962687486554 -0.0137711608661661 0.013264859526586107 -0.007507676197280203 0.014822626172101609 0.003911741109154928 -0.020930344430351407 0.020729539508436742 0.0069927477864737382 -0.0085056504957931184 0.0018028972953029092 0.020579479514454067 -0.0084973923488629657 -8.2918363749077999e-05 0.011252122806128166 0.0084991295662711092 -0.0036519121870913977 0.0056856976562342787 -0.00025509233924789508 -0.00036388868373080568 0.0022743258454042295 0.00098092896270235365 -0.010601085863117678 -0.0028905927856649801 -0.0073392289711000569 0.0025871272462419347
leaf_weight=32.322704824153334 4.8828124133870032 96.525556419510394 17.769616963807493 9.9153563291765732 11.900216863956301 9.5520130926743132 45.502272970508784 494.98143855924718 34.792825387092307 85.763576479163021 3.1777824549935749 24.858606217661873 12.150282616727056 15.571708552073686 74.847474550129846 26.737547596218064 29.331661470234394 12.652573311701415 35.815848066937178 5.5570219317451111 4.7654931219294658 92.431399509310722 71.959160650614649 113.51749724056572 51.814050880493596 5.867848381400111 6.7147780298255375 22.804845718666911 38.410572636639699 27.557045297464356
leaf_count=293 99 9241 2697 143 272 227 397 108891 686 2834 54 351 457 1121 2641 415 3342 159 792 127 245 2461 3161 5765 2556 99 210 998 2262 1185
internal_value=1.60868e-05 -0.001073 -0.00373854 0.00340729 -0.0054193 0.00722701 0.00815748 -0.00628887 0.00404027 0.00580397 0.00267414 0.00517646 0.0111055 0.00254191 0.00562923 0.0172994 -0.00141077 0.0102915 0.00436736 -0.00509772 0.012371 0.00095607 0.000499946 0.00233221 0.00613057 0.0173717 9.71798e-05 0.00308821 -0.00284014 0.00671153
internal_weight=1520.45 1320.93 829.37 491.559 683.101 199.523 165.325 620.839 146.269 128.5 88.9414 167.902 49.5915 118.311 133.002 31.6204 125.857 58.1548 102.739 15.109 39.5583 326.234 316.319 205.949 87.6299 30.7265 18.8651 62.2621 110.37 39.4573
internal_count=154181 147727 130445 17282 123929 6454 3490 121474 6516 3819 2888 5940 1117 4823 3197 514 12583 556 3702 354 931 13792 13649 8226 3348 450 667 2455 5423 1457
is_linear=0
shrinkage=0.025


Tree=17
num_leaves=31
num_cat=0
split_feature=61 76 76 79 41 58 76 48 37 33 11 40 17 21 58 63 17 12 14 12 32 49 49 3 45 4 50 54 61 30
split_gain=19.4805 23.3574 14.906 6.92898 6.06779 5.79812 4.99186 3.97982 3.95226 3.64495 3.58703 2.91977 2.86812 3.2032 2.84597 3.03517 2.77032 2.75977 2.68935 2.91436 2.47861 3.29586 2.42401 2.29032 2.12249 2.10042 2.04769 3.63182 2.01369 1.94521
threshold=1.7889566112783 0.088912991082188489 0.9513463328030054 2.1534022418289589 -0.026276136665708435 0.11664866810655149 0.029197112038970078 -0.85481293377331458 0.30431477149816083 -1.0000000180025095e-35 0.067781411166240285 0.0064180154694606891 -0.071870350342454911 58.10249868178888 0.12447695082024618 -0.6454182313310316 0.015459600309581047 0.020860053698785835 0.0073102534847429793 0.012439997233059006 0.013750025938585321 0.22531148475830179 0.34225510228532308 0.020429472234667515 0.08015102184459548 0.13185294531974825 -1.4136019306113365 115.55810000000001 0.58201787181652376 0.18191445294062339
decision_type=10 10 10 10 10 8 8 10 10 8 10 10 10 10 8 10 10 10 8 8 10 10 10 10 10 10 10 2 10 10
left_child=1 5 3 7 10 6 20 28 12 14 17 -10 -2 26 -7 -16 22 -4 19 -11 -1 -22 -8 -5 -13 -15 -14 -28 -3 -20
right_child=8 2 4 23 -6 9 16 -9 11 18 -12 24 13 25 15 -17 -18 -19 29 -21 21 -23 -24 -25 -26 -27 27 -29 -30 -31
leaf_value=0.023039291663750718 -0.0055103789623813055 -0.0049763922573595257 0.0040710566421915326 0.0074277218323058379 -0.0013188203735589039 -0.016165218302770484 -4.7563255254118195e-05 -0.0071719704287380396 -0.0044952598286325104 -0.0020844769172867375 -0.012428806108093252 0.0028413947720938582 0.017387406154671027 -0.0063556506765989401 0.0068487706342700468 0.00033365600111843449 -0.010011603712752167 0.014622659757887187 -0.0057212717088106907 0.0057759708202161277 0.0038030084426402739 0.016512365333587738 0.012666060061174315 -0.0019162366003014548 0.021948735409391584 0.0073369237741072986 0.012617830855708426 -0.0046578999015283711 0.0013681320591649221 0.006715478245362819
leaf_weight=11.656656943727283 5.7367639404255888 64.66892869072035 33.115425511496142 29.680580934276804 83.655792403733358 2.98084324132651 23.22832145402208 485.30454248725437 23.938908828888088 60.282783522503451 3.548145016655325 17.174148459453139 45.91139381728135 7.4594107291195533 121.96069737942889 74.273365306435153 8.9115499041508865 35.813688589958474 70.340067435288802 54.188162915874273 32.271866921568289 23.701756951399148 13.30648385779932 32.209631414618343 4.1191878046374759 29.943764312425628 29.545750959310681 8.6639632689766568 56.085465053096414 7.2833421826362601
leaf_count=108 98 9635 1129 1127 5212 54 566 108776 1221 1922 83 1089 532 329 2419 3620 315 625 5135 2107 478 223 182 1309 61 1383 672 269 2960 628
internal_value=-8.27792e-05 -0.00111621 -0.00371175 -0.00534001 0.00319396 0.0031084 0.00808157 -0.00615654 0.00778576 0.00163188 0.0084412 0.00120502 0.0100333 0.0108748 0.00399719 0.00443784 0.0014223 0.00981673 -0.000791898 0.00159298 0.0123447 0.00954952 0.0046397 0.002502 0.00784489 0.00429921 0.0136091 0.00848774 -0.00198366 -0.00437472
internal_weight=1500.96 1328.47 824.082 667.949 156.133 504.386 113.077 606.059 172.493 391.309 72.4773 45.2322 127.261 121.524 199.215 196.234 45.4464 68.9291 192.094 114.471 67.6303 55.9736 36.5348 61.8902 21.2933 37.4032 84.1211 38.2097 120.754 77.6234
internal_count=154267 148613 130856 123807 7049 17757 1872 121371 5654 15885 1837 2371 3283 3185 6093 6039 1063 1754 9792 4029 809 701 748 2436 1150 1712 1473 941 12595 5763
is_linear=0
shrinkage=0.025


Tree=18
num_leaves=31
num_cat=0
split_feature=61 44 8 33 69 47 18 16 66 48 33 41 67 41 15 65 62 18 65 33 12 69 52 51 53 54 78 49 14 29
split_gain=14.8775 14.7774 7.25059 6.46928 6.08372 4.24627 4.19699 4.06686 3.39036 3.3309 2.92368 3.03813 3.81702 2.90569 2.87286 2.83339 2.73811 2.70747 2.8916 2.2871 2.11919 2.14797 2.03625 2.49438 1.9687 4.0074 3.34762 1.93557 1.90524 1.60252
threshold=1.7889566112783 -0.57438047598445452 -0.053066004276478999 -0.066042055540041986 -1.3153963423918016 0.4831736363114833 0.011491763305162885 1.2279795602392214 0.95592859785423612 -0.30455592054473529 0.041148729982199657 -0.00078661187062645233 3.421895191975739 -0.041839026018323892 0.45522723990388131 -0.26002442071611948 0.017806205099309764 0.11085596292207546 0.42926067654533262 0.0043782364988158582 0.021824951173908657 1.0401212240785118 2.7200000000000002 1.7750000000000001 13.980000000000002 114.64095000000002 0.99373040067784191 -0.35813844069487061 0.01099488903757277 -0.00027657081910692488
decision_type=8 10 8 10 10 10 10 10 10 10 8 10 10 8 8 10 10 10 8 10 10 10 2 2 2 2 10 10 8 10
left_child=1 2 4 20 -1 19 9 8 16 -6 11 15 17 -10 -8 27 -5 18 -13 29 -3 -22 23 -9 26 -26 -17 -2 -12 -4
right_child=10 3 5 7 6 -7 14 22 13 -11 28 12 -14 -15 -16 24 -18 -19 -20 -21 21 -23 -24 -25 25 -27 -28 -29 -30 -31
leaf_value=0.019952637652303509 0.0016042009804621794 -0.0018338309843317275 0.0031115647304464727 0.0058888082064576363 0.016626883859629311 -0.0044426099996864735 -0.018729444573157141 -0.0033070294621031764 0.017702882060203848 0.0034251668564327462 0.0090728833560770102 0.0044559559579524415 -0.0081678821940544162 0.00023857901950356483 0.00096764822109186757 0.0043634596695698294 -0.0031267407806899877 0 0.020737503192819404 -0.00085968877230096835 0.013114546211457115 0 0.0041359788614937871 -0.009212616437586113 0.01249979445225554 -4.4421148770940434e-06 -0.01682429124015582 -0.013717320909662165 -0.0071266458148544669 0.010293934216510078
leaf_weight=22.605955772800371 13.344740591943266 13.696924047311766 108.5640743621625 20.192691428936087 20.452763928566128 68.654622223461047 4.7404159901198 80.124779261648655 7.7639180377591401 32.749578427989036 4.8153874888084855 11.421687013702469 4.0655883611179879 20.573023746488619 17.844547820510346 37.668667390476912 595.618924589362 7.2641790164634576 29.49901417130604 70.864753092871979 23.888968851184472 9.8121515309903753 9.2510567018762213 124.19903134251945 51.944628058001399 21.222518961410969 4.0295771663077167 6.3962492996361098 15.405990234576164 25.103783008642495
leaf_count=203 398 1659 4392 1601 382 5645 128 12629 275 726 238 357 46 1679 962 919 88128 452 497 4780 1281 890 1185 20268 1257 632 41 355 1198 713
internal_value=-0.000179927 -0.0011945 0.00298695 -0.00292107 0.00877028 0.000847406 0.00507835 -0.00342546 -0.0024076 0.00889302 0.00601006 0.0069954 0.0121718 0.00580229 -0.00358766 0.00484107 -0.00280808 0.0141965 0.0166275 0.00267509 0.00591134 0.00922887 -0.00642986 -0.00696609 0.0063612 0.00883048 0.00172776 -0.00350354 -0.00262673 0.00459566
internal_weight=1483.78 1276.7 371.58 905.121 98.3933 273.187 75.7873 857.723 644.149 53.2023 207.078 186.857 52.2505 28.3369 22.585 134.606 615.812 48.1849 40.9207 204.533 47.398 33.7011 213.575 204.324 114.865 73.1671 41.6982 19.741 20.2214 133.668
internal_count=153916 147526 17931 129595 2401 15530 2198 125765 91683 1108 6390 4954 1352 1954 1090 3602 89729 1306 854 9885 3830 2171 34082 32897 2849 1889 960 753 1436 5105
is_linear=0
shrinkage=0.025


Tree=19
num_leaves=31
num_cat=0
split_feature=76 19 76 20 50 31 79 76 66 38 68 79 38 63 53 52 76 59 49 52 38 76 40 48 25 35 47 73 74 32
split_gain=11.4256 16.8146 11.0688 6.22363 5.97062 5.60765 4.62544 4.32035 4.2809 4.168 4.12846 4.04896 4.00064 5.00008 4.23882 3.36109 3.29789 4.07895 3.56511 3.91131 3.32309 3.23365 2.93019 2.76498 2.70067 2.47311 2.25372 2.22389 2.42504 2.18948
threshold=0.073093586549038109 0.17062564518958526 0.9513463328030054 0.036696316272728763 -0.57043005493633359 -0.024232504141811436 2.036068015685998 0.97471019320453045 0.95197418202040296 3.859924018988437 0.55543957318487602 2.036068015685998 5.9453503624560211 0.85447281087145488 19.125000000000004 2.7850000000000006 0.029197112038970078 -1.7786363828488183 0.6564566075589312 2.4250000000000003 -0.6616588900747763 0.088912991082188489 0.0049242707494201454 -1.4544196005209884 0.70391272405832062 0.16056707411069224 0.45449696750502055 -0.51683992481378438 0.29542703059652214 0.061684660302714696
decision_type=10 10 10 2 10 8 10 10 10 10 10 10 10 10 2 2 10 10 10 2 10 10 10 10 10 10 8 10 10 8
left_child=5 2 11 4 9 10 7 -6 -5 15 16 21 13 -4 -15 -3 18 -18 19 -1 -19 -2 -8 -23 29 -11 -20 28 -7 -12
right_child=1 3 12 8 6 27 22 -9 -10 25 24 -13 -14 14 -16 -17 17 20 26 -21 -22 23 -24 -25 -26 -27 -28 -29 -30 -31
leaf_value=0.0093247819624168744 0.00080600712596563893 0.011701612947225937 -0.00012598980716763982 -0.0039457960562584646 -0.0051585534392439751 0.013600387835481301 -0.0039722437281848478 0.012773190623367504 0.01275436286473019 0.0063328158407302939 0.021994954075465464 0.0015757331654718155 -0.0093318099177210883 0.0034137907664970007 0.017956392804278919 -0.011197022657633711 -0.017257694383082289 0.011283797197836096 0.023467004358362437 -0.0083079985749570703 0 0.0016046583107140744 0.016768842324564912 -0.0066188984323316893 -0.0041504240927296683 -0.014346766148925456 0.005107527581401255 -0.00039170364246160722 -0.0027472380588529828 0
leaf_weight=75.227713033324108 42.480880980379879 106.81200455408543 66.243108917959034 80.175122267799452 56.16373595315963 14.177261447766798 4.6438721960876164 8.5088244508951885 9.5611205354798567 5.7032100649084878 3.8813995039090488 50.938870420912281 13.492430037353186 31.097887623123825 22.784835920901969 2.9172384999692431 4.2942510694265357 28.311811974970624 18.01165629690513 7.3853041194379321 38.294845405733213 24.999075987376273 13.915497181471435 485.37870074203238 34.525276185479015 5.9725660055410117 7.8509520019870278 205.42430652794428 7.3785085470881304 6.5310972502920785
leaf_count=1173 1899 3761 3253 10141 6851 590 96 167 385 265 92 2414 1982 896 320 80 74 284 185 133 1296 3094 229 102475 1546 222 92 9450 481 324
internal_value=-0.00010288 -0.00155881 -0.00357882 0.00347002 0.00587592 0.00320452 0.000602318 -0.00249575 -0.00193914 0.00938891 0.00599915 -0.00502268 0.00287673 0.00438853 0.00995665 0.0109107 0.00769021 0.00326291 0.0104482 0.00756261 0.00497852 -0.00564627 0.0112734 -0.00619862 -0.000612883 -0.00401423 0.0186445 0.000392821 0.00782525 0.00968767
internal_weight=1483.08 1031.79 737.416 294.373 204.637 451.294 83.2319 64.6726 89.7362 121.405 224.314 603.798 133.618 120.126 53.8827 109.729 179.377 70.9009 108.476 82.613 66.6067 552.859 18.5594 510.378 44.9378 11.6758 25.8626 226.98 21.5558 10.4125
internal_count=154250 138530 116333 22197 11671 15720 7343 7018 10526 4328 5199 109882 6451 4469 1216 3841 3237 1654 1583 1306 1580 107468 325 105569 1962 487 277 10521 1071 416
is_linear=0
shrinkage=0.025


Tree=20
num_leaves=31
num_cat=0
split_feature=61 76 77 38 76 78 12 68 41 21 48 12 46 21 51 20 20 21 14 2 47 63 24 37 21 49 21 68 37 38
split_gain=18.852 18.6724 15.9657 5.26944 5.77201 5.13312 5.12801 5.06132 5.02391 5.2935 3.74886 3.56964 3.63924 3.80468 3.21109 3.04428 3.65956 4.23722 3.26956 2.8363 2.58003 2.55328 2.49439 3.39723 2.49302 3.69788 2.35845 2.35209 2.16427 2.08527
threshold=1.7889566112783 0.088912991082188489 1.7888074148348332 -0.67350863358424651 0.0043336995614652891 0.9722518360578063 0.020860053698785835 0.056876337184424482 -0.00078661187062645233 59.205427139470871 -0.83814706767239522 0.016223721607066196 0.66621522989736481 41.711441173796601 1.8900000000000001 0.040773880155850678 -0.56034438811407827 60.321772909083457 0.017426728229031515 -0.016214205501500652 0.13237487394642475 -1.3462358077090399 -0.68601994359677188 -1.8433140519653188 45.84374702764562 -1.0101636223609589 60.321772909083457 0.82032115171650066 -0.44697368217800515 1.668032057623644
decision_type=8 10 10 8 8 10 10 10 10 8 8 8 8 10 2 2 2 10 8 10 10 8 10 10 10 8 10 8 10 10
left_child=1 3 5 11 7 10 -4 -5 15 24 27 19 -13 -14 -9 16 18 -18 -2 -1 -17 -6 -8 -24 25 -10 -21 -3 -11 -7
right_child=8 2 6 4 21 29 22 14 9 28 -12 12 13 -15 -16 20 17 -19 -20 26 -22 -23 23 -25 -26 -27 -28 -29 -30 -31
leaf_value=0.012999136299311223 0.0031045298307414574 0.00041378848066614876 -0.00065139768166770282 0.021638462444145242 0.0074472088738527691 0.0042741850463239575 -0.0034086211906317909 0.011276809376472888 0.019426364410462374 0.012274004510092876 -0.0069222632965416494 0.019796865933394976 -0.0047304995569247823 0.010055459709583088 -0.0071866162218172562 -0.010504656991694108 0.010439478019231301 -0.0031405534531489471 -0.015604021091013415 -0.0037330981723407391 0.0039913399943963803 -0.001351413407258994 -0.0065983820551106234 0.012065285004905356 0.023964040295353879 -0.003990647756130436 0.0045042407057216708 -0.0077006888268508367 -0.0024089232555778686 -0.0057638269836813782
leaf_weight=13.733069191686807 18.756482155062262 81.776224886300042 73.719100225483999 13.211466483771799 21.212563695386052 46.118763709440827 8.0895017301663739 10.415538635803388 7.5801689077634364 8.6816309380810726 470.63348116155248 18.58988449187018 12.610117685282601 45.599182513309643 10.447333281161262 13.411563208093868 82.609950969461352 15.794978446792809 6.8978661543223998 35.382276051444933 14.258244313765315 239.66012553009205 5.4891446323599657 58.511835743207484 23.001693518832326 6.6337404751684499 50.987185649108142 28.717990119941533 14.817807901650665 16.223879694240168
leaf_count=121 326 7762 4969 124 352 2013 190 163 99 191 107387 222 177 986 183 716 1701 678 155 393 1082 13776 627 909 390 112 812 5247 1011 1102
internal_value=0 -0.00116203 -0.00351629 0.00275909 0.000677139 -0.00521257 0.00389999 0.0101809 0.00686816 0.0129529 -0.00594547 0.00616025 0.0102185 0.00669522 0.00180309 0.00430176 0.00598482 0.00817287 -0.00211898 0.00288853 -0.00291967 -0.000576522 0.008591 0.0102576 0.0187235 0.00855105 0.00103916 -0.00168813 0.00304466 0.00148437
internal_weight=1473.57 1261.13 789.28 471.849 294.947 643.47 145.81 34.0743 212.444 60.715 581.128 176.902 76.7992 58.2093 20.8629 151.729 124.059 98.4049 25.6543 100.103 27.6698 260.873 72.0905 64.001 37.2156 14.2139 86.3695 110.494 23.4994 62.3426
internal_count=153976 147515 130206 17309 14598 123511 6695 470 6461 1803 120396 2711 1385 1163 346 4658 2860 2379 481 1326 1798 14128 1726 1536 601 211 1205 13009 1202 3115
is_linear=0
shrinkage=0.025


Tree=21
num_leaves=31
num_cat=0
split_feature=61 77 77 16 38 8 48 41 66 56 37 44 47 9 16 33 64 16 44 78 48 10 18 3 44 63 71 41 74 58
split_gain=18.8011 19.6937 10.4554 4.70481 4.464 4.11793 4.03181 3.51607 3.24316 3.94563 3.32367 3.21306 3.86937 3.22639 3.18201 3.10854 2.7338 2.7005 3.17472 2.91071 2.71895 2.55511 2.80552 2.52317 2.48209 2.68593 2.45446 2.40001 3.19249 2.31135
threshold=1.7889566112783 -0.92794173357349219 1.9782714629387426 0.78298113094037725 -0.73644487351722165 0.21825595402256129 -0.85481293377331458 -0.026276136665708435 0.77344493352896715 0.90589410546671123 0.18160896849123065 -0.7190884534383315 0.4831736363114833 0.08178142794114153 1.2437127351839063 -0.02964146865836725 0.4884936734899315 1.2892927923298516 0.32092063624651662 0.9391757136600033 -1.061989367271458 0.0051210308176076634 0.075476558486728976 -0.0019142904436488804 4.8926026741508402 1.7213047724359538 -0.75394792192321802 -0.00090717036338344703 0.053273726828881048 0.9095668413226653
decision_type=8 10 10 10 10 10 10 10 8 10 10 10 10 10 10 10 8 10 8 10 10 10 10 10 10 10 10 10 10 8
left_child=1 4 3 16 21 8 14 24 10 27 29 12 13 -6 -5 -13 -3 18 20 -19 -7 -1 -23 -20 26 -26 -4 28 -10 -2
right_child=5 2 7 6 11 17 -8 -9 9 -11 -12 15 -14 -15 -16 -17 -18 19 23 -21 -22 22 -24 -25 25 -27 -28 -29 -30 -31
leaf_value=-0.0010426744472785269 0.0015212223856105114 -0.0039556813139538733 0.014897614116814093 0.0018245806339009575 0.011702741697972053 -0.0098424295134069278 -0.0069164685289890837 -0.00059098682207110525 0 -0.0063735689789403685 -0.0037185129527017111 0.0089415119542124513 -0.0029711832926394544 -0.00036666379665335064 -0.0067389916583209227 -0.002137019448489672 0.001079517961646138 0.001489357116116777 -0.00020426695727685063 -0.014166456216272974 0.0047834980221812002 0.010745513295742934 -0.00071536655726656324 0.015053279264218726 -0.0073620649082880409 0.012695045663179355 0.0025540640506576816 0.021217040527636916 0.014150000672235633 0.016352885161436802
leaf_weight=16.247942829038948 14.42481832765043 138.93081702874042 28.445343729108572 68.76892842235975 48.628962924238294 10.265846570488064 389.448739630403 66.66102732764557 13.718680356862022 5.1004873078782103 18.711133494740352 16.892945687985048 23.687129910802469 17.430624181870371 42.392312940675765 120.49671767931432 125.68031919351779 23.561611121753231 7.9431016682647195 9.113099606940521 24.5327838875819 90.267816077684984 14.046077641425653 23.754995598923415 11.501069515245037 4.9657315071672192 18.622541725402698 23.522509092232212 36.908604171359912 13.729335167445241
leaf_count=226 546 28334 587 5206 813 195 76817 4157 220 257 948 596 856 574 6730 7260 12969 1079 76 284 999 1233 431 454 265 77 513 305 646 381
internal_value=0 -0.00120394 -0.00316849 -0.00428662 0.0038273 0.00662715 -0.00571534 0.00332535 0.00963085 0.0127382 0.0040334 0.00170393 0.00535874 0.00845685 -0.00141156 -0.000655099 -0.00154186 0.00266317 0.00556198 -0.00300287 7.614e-05 0.00770988 0.00914062 0.011134 0.00748503 -0.000437649 0.0103542 0.0142329 0.0104271 0.0093822
internal_weight=1468.4 1243.12 895.417 765.221 347.698 225.287 500.61 130.196 126.116 79.2503 46.8653 227.136 89.7467 66.0596 111.161 137.39 264.611 99.1714 66.4967 32.6747 34.7986 120.562 104.314 31.6981 63.5347 16.4668 47.0679 74.1498 50.6273 28.1542
internal_count=154034 147644 135655 130056 11989 6390 88753 5599 3303 1428 1875 10099 2243 1387 11936 7856 41303 3087 1724 1363 1194 1890 1664 530 1442 342 1100 1171 866 927
is_linear=0
shrinkage=0.025


Tree=22
num_leaves=31
num_cat=0
split_feature=61 76 77 35 14 79 48 1 53 29 64 2 37 66 47 33 17 68 76 11 28 16 68 35 73 0 2 14 68 52
split_gain=16.9979 16.4657 12.3366 6.27819 4.1787 3.95187 3.73798 3.69246 3.47512 3.51988 3.33015 3.3438 3.69741 3.67708 3.15012 3.54245 3.05277 2.78055 4.07446 2.67144 2.51182 2.28819 2.75964 2.34634 2.06609 2.01011 1.92312 1.71675 1.66161 1.65418
threshold=1.7889566112783 0.088912991082188489 1.9782714629387426 -0.10200090442555486 0.01099488903757277 2.1534022418289589 -1.3990567642891414 0.060683667212806609 17.875000000000004 -0.043908488257099081 0.41718434489588563 -0.11142979784208816 -0.066240799412093168 0.83188714049088996 0.59334468511513794 0.0043782364988158582 -0.010325360519761793 0.21601605204916943 0.0043336995614652891 0.010917128525171805 0.079302547266208653 0.82973693381578906 0.55543957318487602 -0.15786340705231602 -2.0106747486983765 -0.013674019309903527 0.015877806990813984 0.02259367437848479 0.82032115171650066 0.76500000000000012
decision_type=8 10 10 8 8 10 10 10 2 10 8 10 10 10 10 8 8 10 8 10 8 10 10 10 10 10 8 8 10 2
left_child=1 3 5 17 25 6 28 10 29 -10 -2 24 20 -14 15 16 -5 18 -1 -20 -13 23 -23 -19 -12 -4 -17 -7 -3 -6
right_child=7 2 4 14 8 27 -8 -9 9 -11 11 12 13 -15 -16 26 -18 21 19 -21 -22 22 -24 -25 -26 -27 -28 -29 -30 -31
leaf_value=0.022295994696829691 -0.0064778906073325541 0.007359187572854105 0.0060183407303116337 0.011236369684304115 -0.0095671252500514632 0.0028431876786349005 -0.0060067060971583756 -0.0057893992494905174 0.014454864528818195 -0.0051764368090071195 0.0038339595733573048 0 0 0.01031904843528412 -0.0045929725719512423 -0.0069706251020459744 0.0023525908067902924 0.0045610921976770623 0.012743365298494354 0 0.012738819197892848 0.01225899564353914 0.00014231194441427901 -0.01153951057552062 -0.016054932350592504 -0.0035743567690157034 0.00034635847703126492 -0.010957646645114224 -0.0034976574140078553 0.0044642435924083183
leaf_weight=15.033446360379456 9.4581578983925265 18.42131078382954 17.395589691121131 29.196425128728151 6.971655981848019 51.313113302690908 552.78190368134528 13.575780978659166 38.743097757920623 5.4221004776190957 5.5906573391985148 10.044322042493148 49.645340329501778 35.481268582865596 56.98971716593951 30.818435338325799 144.65334828244522 9.9468763046897966 21.194965485483408 21.025192294735461 98.577018220676109 24.19890481652692 24.297077746596187 9.7186200730502588 4.6700298511423153 48.275406622327864 69.062849971232936 4.9927013223059467 13.956657637376336 13.237035940401254
leaf_count=87 674 1237 683 888 253 1960 118450 1035 512 182 87 140 1952 747 4091 1527 4069 116 224 292 1624 422 922 176 110 3555 4492 530 2685 398
internal_value=-8.46868e-05 -0.0012534 -0.00348169 0.00249838 0.00348155 -0.00490889 -0.00551917 0.0061752 0.00795842 0.0118063 0.00699916 0.00769475 0.00844963 0.00431555 0.000658478 0.00179436 0.00395418 0.00723877 0.01132 0.00673089 0.0115387 0.00356596 0.00648933 -0.00324237 -0.00529705 -0.00085879 -0.00189305 0.00128591 0.00249819 -0.000290948
internal_weight=1454.69 1227.65 771.511 456.136 130.045 641.466 585.16 227.043 64.3739 44.1652 213.467 204.009 193.748 85.1266 330.721 273.731 173.85 125.415 57.2536 42.2202 108.621 68.1615 48.496 19.6655 10.2607 65.671 99.8813 56.3058 32.378 20.2087
internal_count=154120 147751 130445 17306 5583 124862 122372 6369 1345 694 5334 4660 4463 2699 15067 10976 4957 2239 603 516 1764 1636 1344 292 197 4238 6019 2490 3922 651
is_linear=0
shrinkage=0.025


Tree=23
num_leaves=31
num_cat=0
split_feature=61 76 77 58 38 69 53 65 79 48 49 61 48 70 21 54 75 41 72 69 34 41 14 23 13 76 29 37 1 16
split_gain=15.6924 16.1209 13.0535 9.45251 5.38034 4.74304 4.57918 5.6927 4.18071 3.57709 3.51233 3.18688 3.55902 3.15513 5.14217 3.79016 3.39363 3.30414 3.49988 3.17428 3.03839 2.79486 2.53509 2.97909 2.72511 2.37243 2.3463 2.34588 2.39567 2.21535
threshold=1.7889566112783 0.088912991082188489 1.9782714629387426 0.13631599008957501 -0.67350863358424651 -1.3153963423918016 17.600000000000005 0.2820541605904448 2.1534022418289589 -1.3990567642891414 1.9566305884804198 -1.0392990459256797 -0.68127073869510613 0.14480319125490371 35.114530495379547 115.06735000000002 0.89004709564927953 -0.00089537721308013951 0.060860746097539477 2.8674066579400601 -0.025893631723197193 -0.0075068776461436606 0.015065562091018251 -0.17035840408386335 0.012687820207933827 0.0085929207623794378 -0.15691812077891151 0.45729642009605065 -0.046749439334483049 1.3531424951895297
decision_type=8 10 10 8 8 10 2 10 8 10 8 10 10 10 10 2 8 10 10 10 10 10 10 8 10 8 10 10 10 8
left_child=1 3 8 5 20 25 -4 26 9 -3 -9 12 -7 14 16 19 21 18 -16 27 -5 -2 23 24 -17 -1 -8 28 -15 -25
right_child=13 2 6 4 -6 11 7 10 -10 -11 -12 -13 -14 15 17 22 -18 -19 -20 -21 -22 -23 -24 29 -26 -27 -28 -29 -30 -31
leaf_value=0.025851037834467367 0.0038742033229387748 0.002153510577913013 -0.0013585408173854476 0.013486666526734858 -0.0021497597655664963 0.012513248195738937 -0.012397129301105857 0.017659730442562135 0.0015594429693598973 -0.0059372754099186334 -0.0033893998662551696 0.010261862872168693 -0.0030719430820197562 -0.0023731647860753668 0.018906267694067148 -0.0049890387414707506 0.01366003207985126 0.027448096986469685 -0.0025023272116247459 -0.013560979046930891 0.0026421921018272353 -0.016585825022003127 0.0051470697529113112 0.010290602780428839 -0.028583681276516233 0.0095445922348740067 0.0036722261300810495 0.00024166096472197577 0.009763620597060832 -0.011028506906410343
leaf_weight=12.233899377752097 7.8579097313340753 34.446181311504915 55.912804713705555 18.605569003848359 198.03944397438318 10.962919536046682 5.6978109006304285 32.124189375434071 56.524247924797237 541.45640573534183 4.7351782335899761 43.781357659725472 35.145433217287064 9.7724216508213413 8.6773377386853117 10.788838439155368 8.3645374528132397 13.050159430596979 7.7222400361206374 3.568833833327516 113.18886922765523 6.1698965879622829 16.159361735684797 7.2735186060890573 4.3271148884668937 17.407518666237593 29.810212446842343 28.384617859730497 99.137742991093546 3.3914895826019347
leaf_count=66 129 3975 3654 201 12881 218 103 550 2474 118315 64 896 715 148 85 440 95 114 122 141 2136 74 764 294 76 171 1173 1420 2362 146
internal_value=4.52055e-05 -0.00109836 -0.0033186 0.00264235 0.000426034 0.00863092 0.00389367 0.00800957 -0.00479796 -0.00543688 0.014737 0.00551258 0.000698535 0.00594997 0.0114355 0.0042891 0.00184417 0.018126 0.00891597 0.00625494 0.00433739 -0.00523014 -0.00212998 -0.00699522 -0.0138085 0.0172619 0.000568362 0.00693723 0.00859249 0.00244925
internal_weight=1444.72 1210.07 760.707 449.365 329.834 119.531 128.28 72.3674 632.427 575.903 36.8594 89.8897 46.1084 234.646 51.8421 182.804 22.3923 29.4497 16.3996 140.864 131.794 14.0278 41.9403 25.781 15.116 29.6414 35.508 137.295 108.91 10.665
internal_count=154002 147592 130308 17284 15218 2066 5544 1890 124764 122290 614 1829 933 6410 619 5791 298 321 207 4071 2337 203 1720 956 516 237 1276 3930 2510 440
is_linear=0
shrinkage=0.025


Tree=24
num_leaves=31
num_cat=0
split_feature=61 76 77 1 39 15 37 31 9 38 36 2 74 48 69 77 55 2 78 48 78 9 74 43 68 28 24 49 32 47
split_gain=16.66 15.0316 11.3887 5.90094 4.83855 5.10781 4.41614 4.91265 4.2671 4.10122 4.42006 5.6578 3.94263 3.91068 3.51363 3.47161 3.43009 3.78692 3.35472 3.04318 3.29196 2.91415 2.748 2.69529 2.51734 2.50678 2.92101 2.24248 2.0071 1.9136
threshold=1.7889566112783 0.088912991082188489 1.9782714629387426 0.020527550974834611 0.015997797821500018 0.65304475182706712 -1.3212805926009099 -0.14864129826509345 -0.3910626287351241 -0.67350863358424651 -0.023693090104940303 -0.00048270398075361815 0.54488171786933404 1.1501463051987331 -0.27165811665682416 -1.4918301899040547 1.0450000000000002 0.036226632020340939 0.97578201368523965 -1.301040255371553 0.98705500111715205 0.27726814283473072 0.46957990599294952 -0.20000069358228312 0.95950122148079731 0.22935816740318679 -0.57679334085631973 -0.62548542742553115 0.076423308722722641 0.59334468511513794
decision_type=8 10 10 8 10 8 10 10 8 10 8 10 8 10 10 8 2 8 8 10 10 10 10 10 10 8 10 8 10 10
left_child=1 8 19 4 5 23 -4 12 -1 10 11 -10 -8 16 15 -11 24 -18 21 -3 -21 -7 -5 -2 -6 -24 -27 -12 -22 -16
right_child=3 2 6 22 13 18 7 -9 9 14 27 -13 -14 -15 29 -17 17 -19 -20 20 28 -23 25 -25 -26 26 -28 -29 -30 -31
leaf_value=0.022881203143868753 -0.018939583455523587 0.0014228337684642585 -0.0057210332950012929 -0.0046643078867963919 0.019976118249618247 -0.012282361889176115 0.016030041281252308 0.0008382386469340822 0.019074892455020653 0.012380509439182823 -0.0022628400362176152 -0.0017381230533101977 -0.00019900720510377954 -0.0075514533655906858 -0.0010928081102471185 0.0009174795147900898 0.011056718889819434 -0.0093204129419962502 0.014277542986989928 -0.0056366708201912022 0.01430955554293277 0.0050834220903386131 -0.012180975637406539 0.0014940293810669063 0.00025194180483306396 0.01831468659969843 0.00098506728920346224 0.0046551368042864029 -0.00050453486514768174 -0.0088591172453188396
leaf_weight=5.2331055966205895 6.9196072367485613 45.015663038939238 25.078224446624517 38.042100912658498 44.945149584673345 5.4821697361767283 33.435381409944966 61.145360999274999 25.014154989970848 17.97842574538663 36.142100714612752 10.668890922330318 11.541661170544101 4.4158355961553744 64.158097189385444 136.35212428634986 24.072884036926553 5.9733655790332731 24.602101225638762 544.09360588167328 5.7380985922645769 51.016477444209158 3.0733002030756351 6.476664647459982 5.3155512274242929 9.5541194982361102 16.65344213461503 120.38212588126771 27.496834168909118 29.746116842143238
leaf_count=85 212 5201 2609 1490 808 203 378 2439 232 270 740 95 178 152 5006 4482 372 186 260 118257 193 1126 143 202 120 313 864 3046 1154 3244
internal_value=0.000107234 -0.00110573 -0.00326069 0.00601434 0.00837244 0.00427854 0.00337682 0.00563658 0.00252004 0.00219962 0.00492942 0.0127946 0.0118061 0.0127278 4.23389e-05 0.00238628 0.0140297 0.00656323 0.00670415 -0.00467582 -0.00516628 0.003048 -0.000190375 -0.00923611 0.0180904 0.00533096 0.0081016 0.00300513 0.00224489 -0.00371255
internal_weight=1445.76 1199.22 753.545 246.543 179.22 94.497 131.201 106.122 445.675 440.442 192.207 35.683 44.977 84.7228 248.235 154.331 80.307 30.0462 81.1007 622.344 577.329 56.4986 67.323 13.3963 50.2607 29.2809 26.2076 156.524 33.2349 93.9042
internal_count=154060 147609 130409 6451 3641 2003 5604 2995 17200 17115 4113 327 556 1638 13002 4752 1486 558 1589 124805 119604 1329 2810 414 928 1320 1177 3786 1347 8250
is_linear=0
shrinkage=0.025


end of trees

feature_importances:
cs_rank_downside_vol_decay_60d=44
kurtosis_20d=36
cs_z_downside_vol_decay_60d=25
beta_60d_ff_hml=24
beta_60d_ff_smb=23
cs_rank_beta_60d_spy=23
excess_return_5d_vs_spy=22
skew_20d=22
cs_z_momentum_120d=21
cs_z_beta_stability_price_floor=21
cs_z_beta_60d_spy=19
beta_60d_ff_mktrf=16
vol_60d=15
beta_60d_spy=15
spy_drawdown_60d=14
beta_60d_ff_rmw=14
cs_z_vol_20d=14
return_10d=11
upside_vol_20d=11
price_to_sma_200d=11
beta_stability_price_floor=11
beta_60d_ff_cma=11
dgs10_pit=11
dgs2_pit=11
cs_rank_momentum_60d=10
cs_rank_beta_stability_price_floor=10
momentum_120d=9
spy_return_20d=9
downside_vol_decay_60d=9
vol_20d=8
rsi_14=8
excess_return_60d_vs_spy=8
cs_z_momentum_60d=8
cs_rank_downside_vol_20d=8
cs_z_downside_vol_20d=8
return_5d=7
price_to_sma_20d=7
close_location_in_range=7
distance_to_20d_high=7
distance_to_60d_high=7
distance_to_60d_low=7
vixcls_pit=7
yield_10y_2y_spread_pit=7
cs_rank_momentum_20d=7
cs_z_vol_60d=7
price_to_sma_50d=6
macd_hist=6
distance_to_20d_low=6
cs_rank_vol_20d=6
cs_rank_relative_strength_down_days_20d=6
cs_z_relative_strength_down_days_20d=6
return_1d=5
return_20d=5
return_60d=5
beta_20d_spy=5
volume_zscore_60d=5
dollar_volume_ratio_20d=5
cs_rank_momentum_120d=5
cs_rank_gap_down_absorption_20d=5
momentum_5d=4
momentum_60d=4
vol_5d=4
downside_vol_20d=4
close_open_gap=4
excess_return_20d_vs_spy=4
relative_momentum_20d_vs_spy=4
spy_vol_20d=4
relative_strength_down_days_20d=4
usd_index_pit=4
cs_z_gap_down_absorption_20d=4
momentum_10d=3
bollinger_z_20d=3
cs_rank_vol_60d=3
cs_z_excess_return_20d_vs_spy=3
intraday_range=2
gap_down_absorption_20d=2
cs_z_momentum_20d=2
volume_zscore_20d=1
cs_rank_excess_return_20d_vs_spy=1

parameters:
[boosting: gbdt]
[objective: lambdarank]
[metric: ndcg]
[tree_learner: serial]
[device_type: cpu]
[data_sample_strategy: bagging]
[data: ]
[valid: ]
[num_iterations: 25]
[learning_rate: 0.025]
[num_leaves: 31]
[num_threads: 0]
[seed: 211]
[deterministic: 0]
[force_col_wise: 0]
[force_row_wise: 0]
[histogram_pool_size: -1]
[max_depth: 6]
[min_data_in_leaf: 80]
[min_sum_hessian_in_leaf: 0.001]
[bagging_fraction: 0.78]
[pos_bagging_fraction: 1]
[neg_bagging_fraction: 1]
[bagging_freq: 1]
[bagging_seed: 211]
[bagging_by_query: 0]
[feature_fraction: 0.72]
[feature_fraction_bynode: 1]
[feature_fraction_seed: 211]
[extra_trees: 0]
[extra_seed: 21137]
[early_stopping_round: 0]
[early_stopping_min_delta: 0]
[first_metric_only: 0]
[max_delta_step: 0]
[lambda_l1: 0.3]
[lambda_l2: 1.2]
[linear_lambda: 0]
[min_gain_to_split: 0]
[drop_rate: 0.1]
[max_drop: 50]
[skip_drop: 0.5]
[xgboost_dart_mode: 0]
[uniform_drop: 0]
[drop_seed: 22258]
[top_rate: 0.2]
[other_rate: 0.1]
[min_data_per_group: 100]
[max_cat_threshold: 32]
[cat_l2: 10]
[cat_smooth: 10]
[max_cat_to_onehot: 4]
[top_k: 20]
[monotone_constraints: ]
[monotone_constraints_method: basic]
[monotone_penalty: 0]
[feature_contri: ]
[forcedsplits_filename: ]
[refit_decay_rate: 0.9]
[cegb_tradeoff: 1]
[cegb_penalty_split: 0]
[cegb_penalty_feature_lazy: ]
[cegb_penalty_feature_coupled: ]
[path_smooth: 0]
[interaction_constraints: ]
[verbosity: -1]
[saved_feature_importance_type: 0]
[use_quantized_grad: 0]
[num_grad_quant_bins: 4]
[quant_train_renew_leaf: 0]
[stochastic_rounding: 1]
[linear_tree: 0]
[max_bin: 255]
[max_bin_by_feature: ]
[min_data_in_bin: 3]
[bin_construct_sample_cnt: 200000]
[data_random_seed: 727]
[is_enable_sparse: 1]
[enable_bundle: 1]
[use_missing: 1]
[zero_as_missing: 0]
[feature_pre_filter: 1]
[pre_partition: 0]
[two_round: 0]
[header: 0]
[label_column: ]
[weight_column: ]
[group_column: ]
[ignore_column: ]
[categorical_feature: ]
[forcedbins_filename: ]
[precise_float_parser: 0]
[parser_config_file: ]
[objective_seed: 22542]
[num_class: 1]
[is_unbalance: 0]
[scale_pos_weight: 1]
[sigmoid: 1]
[boost_from_average: 1]
[reg_sqrt: 0]
[alpha: 0.9]
[fair_c: 1]
[poisson_max_delta_step: 0.7]
[tweedie_variance_power: 1.5]
[lambdarank_truncation_level: 30]
[lambdarank_norm: 1]
[label_gain: 0,1,2,3,4,5,6,7,8,9,10,11,12,13,14,15,16,17,18,19]
[lambdarank_position_bias_regularization: 0]
[eval_at: 5,10,25]
[multi_error_top_k: 1]
[auc_mu_weights: ]
[num_machines: 1]
[local_listen_port: 12400]
[time_out: 120]
[machine_list_filename: ]
[machines: ]
[gpu_platform_id: -1]
[gpu_device_id: -1]
[gpu_use_dp: 0]
[num_gpu: 1]

end of parameters

pandas_categorical:[]
