tree
version=v4
num_class=1
num_tree_per_iteration=1
label_index=0
max_feature_idx=42
objective=lambdarank
feature_names=return_1d return_5d return_10d return_20d return_60d momentum_5d momentum_10d momentum_20d momentum_60d momentum_120d price_to_sma_20d price_to_sma_50d price_to_sma_200d macd_hist rsi_14 bollinger_z_20d volume_zscore_20d volume_zscore_60d close_open_gap close_location_in_range excess_return_5d_vs_spy excess_return_20d_vs_spy excess_return_60d_vs_spy relative_momentum_20d_vs_spy spy_return_20d relative_strength_down_days_20d gap_down_absorption_20d usd_index_pit cs_rank_momentum_20d cs_z_momentum_20d cs_rank_momentum_60d cs_z_momentum_60d cs_rank_momentum_120d cs_z_momentum_120d cs_rank_excess_return_20d_vs_spy cs_z_excess_return_20d_vs_spy cs_rank_relative_strength_down_days_20d cs_z_relative_strength_down_days_20d cs_rank_gap_down_absorption_20d cs_z_gap_down_absorption_20d regime_calm regime_rebound stress_flag
feature_infos=[-0.43452090331350879:0.52290083351866889] [-0.61014499786032883:0.88260863646066867] [-0.76666670795573144:1.0566034133703051] [-0.82992956002177165:1.6011328544898928] [-0.85304846129940903:3.1843478105994496] [-0.61014499786032883:0.88260863646066867] [-0.76666670795573144:1.0566034133703051] [-0.82992956002177165:1.6011328544898928] [-0.85304846129940903:3.1843478105994496] [-0.83371665409748386:3.8670393633078328] [-0.69421673038056464:0.66131114246219425] [-0.79930206832555228:0.90110352904013702] [-0.82425537243447611:1.8446390551514207] [-132.53715276993563:80.364006761273146] [0:99.861064002984776] [-4.3588989435444114:4.3588989435883247] [-3.1806480089076707:4.3588989435433447] [-3.1101259120259019:7.6809377036926092] [-0.47064726396441403:0.4210822666140121] [0:1] [-0.61785372931017601:0.89255912114692015] [-0.76226676485515399:1.4709261398977567] [-0.82324954741436951:2.9093527779374631] [-0.77334040331749898:1.3346611088982128] [-0.3098674839759894:0.19880920041384464] [-0.099256665172816158:0.19912924481561101] [-9.4243009236246778:13.933826240627525] [93.247799999999998:125.0587] [0.0020161290322580645:1] [-10.036419127683077:15.738424952473304] [0.0020161290322580645:1] [-8.1746382519581609:16.457532645463687] [0.0020202020202020202:1] [-5.9157233637200122:14.200215155348952] [0.0020161290322580645:1] [-10.036419127683077:15.738424952473304] [0.0020161290322580645:1] [-11.668006201344122:17.853621002907023] [0.0020449897750511249:1] [-9.434540891693187:11.345435387552476] [0:1] [0:1] [0:1]
tree_sizes=3575 3521 3546 3570 3556 3552 3574 3533 3514 3552 3550 3495 3562 3582 3491 3501 3523 3558 3573 3532 3554 3559 3558 3559 3529

Tree=0
num_leaves=31
num_cat=0
split_feature=20 9 1 25 3 16 23 25 31 20 35 38 16 35 12 20 16 17 18 8 1 11 11 9 28 25 23 39 39 38
split_gain=3.5848 1.96226 1.95467 1.88621 1.61338 1.51674 1.42707 1.34796 1.38958 1.23633 1.15719 1.30242 1.18608 1.15093 2.0326 1.41452 1.14108 1.72427 1.14324 1.09274 1.38936 1.38647 1.79168 1.36811 1.30944 1.01514 1.01364 1.29124 1.00517 1.00446
threshold=0.0077200832129226135 0.088083967163902335 -0.0070273126788016884 -0.0033674739838861763 0.048258582342509022 0.53494547668725623 0.04979107470423428 -0.0054739790831806667 0.62214997087766066 0.028579126116644652 -1.2125111066335117 0.64400647249190957 -0.23601463784396023 0.43034501116793816 0.16865410219467206 0.003235992092848861 -0.97524116795853011 -0.82542621701776775 -0.013385018449133009 0.21825595402256129 0.015020095969618509 0.065287284063142895 -0.0090900660694284135 0.20413363291573841 0.77344493352896715 0.0040128623838468413 0.10370614367440413 -0.1867204402493032 -0.095604033300754773 0.21219236910202063
decision_type=10 10 8 8 10 8 8 10 10 10 8 8 10 10 10 10 10 8 10 10 10 8 10 10 10 8 10 10 10 10
left_child=2 5 4 7 16 10 9 28 -9 -7 -2 -12 -13 14 -5 -15 -1 -18 -19 20 21 22 -3 24 -22 -8 -21 -28 29 -4
right_child=1 19 3 13 -6 6 25 8 -10 -11 11 12 -14 15 -16 -17 17 18 -20 26 23 -23 -24 -25 -26 -27 27 -29 -30 -31
leaf_value=0.0046335659898546697 0.003434251909317849 -0.0067469292902384709 0 0.0032481630232914236 -0.0050106567588259106 -0.00064138351272427301 -0.010811701160003816 -0.0077908831192004986 0.0056323617727587934 0.0084026851351534596 -0.0087542533717751923 -0.00088395834027633555 -0.007495247015298941 0.0027999003084233157 0.010932996377637564 -0.0048761165219680623 -0.0082295541728221733 -0.0049217255958310009 0.00084814974535794374 0.0067352171254288556 -0.0028326692485345969 -0.0063537710122823429 0.0070192854596191389 -0.0052856054821088109 0.0042964004329040404 0 -0.008650627507127532 0.005277139937906794 -0.0042096992250084987 0.010553753385873088
leaf_weight=33.098002936632838 7.4502807527896948 5.6577778913779175 13.968579777865672 163.73050984961446 38.647366932942532 22.895686728064902 9.6187226010952127 24.150224034558054 4.3678598983678958 13.315015341155229 54.03021353983786 50.404704431188293 27.391546162893064 50.711565703270026 25.529624721908476 19.63849616528023 14.568394577130674 22.32914315618109 227.33901964314282 22.93925681465771 39.527249871054664 7.292672091163694 31.814426080556586 57.284186824806966 25.432035043893848 8.5616682516410965 6.8719056005356833 6.9699170750100148 9.6450892253778857 9.4101299555040878
leaf_count=4919 1259 862 1962 24722 6390 3731 1239 3224 474 2041 7903 7537 3979 7101 2991 2714 2323 3326 33475 3412 5573 1088 4313 8000 3515 1484 894 1217 1547 1154
internal_value=-8.64667e-05 -0.00196385 0.00103915 0.00243239 -0.000274258 -0.00376004 -7.19804e-05 -0.0013963 -0.00533818 0.00264658 -0.00513401 -0.00570124 -0.00338519 0.003371 0.00438651 0.000506446 0.00033392 -0.000194907 0.000281149 -0.00020826 -0.00110613 0.00253472 0.00460198 -0.00251183 0 -0.00570226 0.0035773 -0.00127732 0.00185643 0.00474755
internal_weight=1054.59 397.457 657.134 321.152 335.982 193.668 54.3911 61.5419 28.5181 36.2107 139.277 131.826 77.7963 259.61 189.26 70.3501 297.335 264.237 249.668 203.789 167.008 44.7649 37.4722 122.243 64.9593 18.1804 36.7811 13.8418 33.0238 23.3787
internal_count=154369 58047 96322 45889 50433 29173 8495 8361 3698 5772 20678 19419 11516 37528 27713 9815 44043 39124 36801 28874 23351 6263 5175 17088 9088 2723 5523 2111 4663 3116
is_linear=0
shrinkage=0.025


Tree=1
num_leaves=31
num_cat=0
split_feature=2 15 12 23 26 32 33 37 37 32 24 30 22 34 18 14 20 22 17 19 1 31 12 37 14 4 23 26 30 29
split_gain=7.64737 7.84184 4.5884 3.8916 4.00034 3.74069 4.03058 4.02945 4.58062 4.12755 3.62504 4.03954 3.54802 3.50046 3.61416 2.62389 2.24786 3.10561 2.52735 2.21305 2.12549 1.92446 1.83716 2.1798 1.75976 2.41062 1.9185 1.74736 1.74047 1.69468
threshold=0.042333045883222849 1.149723582945011 0.16459585488044051 0.029387486876337302 0.29705646166310334 0.72228021340756221 1.2303989880386521 -0.12139898286861227 0.39381965113121287 0.93659018491376889 0.018651011508638463 0.069071673980338144 0.018510294132301878 0.42741110891219741 0.012788464318852865 81.028170025657488 0.035475467496558895 0.08019235379291291 1.7903036898537488 0.59589135944399463 0.067291447932940632 1.7431013050555524 0.17251711179270782 -0.33351345052412068 78.581799854620868 0.11326696271619109 0.028774157323511077 -0.17567865712166311 0.97481634163099218 0.11297917274331074
decision_type=10 10 10 10 8 8 8 10 10 8 10 8 10 10 10 10 10 8 8 10 10 8 10 10 8 8 10 8 8 10
left_child=1 5 16 4 -4 21 10 9 -9 -8 11 -7 -12 22 20 -5 -3 18 -18 -6 24 29 27 -24 25 -15 -26 -2 -16 -1
right_child=13 2 3 15 19 6 7 8 -10 -11 12 -13 -14 14 28 -17 17 -19 -20 -21 -22 -23 23 -25 26 -27 -28 -29 -30 -31
leaf_value=-0.00063697789595929118 0.0058400865364360323 0.00031898878641851004 -0.0022053074344305923 -0.002902804736721895 0.0060055789874603298 -0.020160356905005495 -0.0067150070781468747 -0.010516065572738089 0 0.0070555450245870016 0 0.0015628650693379929 0.0088007951776126591 -0.00057261026539675967 -0.014325573418753854 0.017002435812365369 0.014063918801312048 -0.0064930679041229501 -0.0023999449776030937 0.014734294149945586 -0.008416475449667369 0.012321362315032463 -0.0010504347795255687 0.01732105184508546 0.0099716968038885186 -0.0062947016763780037 -0.00076129516897217604 -0.0037277874898481002 0.00031038597302248999 -0.0034991875644064738
leaf_weight=548.0485470519634 17.961627430166118 156.33783535892144 13.413198519032447 27.667866686359051 34.49327703891322 4.249714675359427 17.352257077582181 45.424790667952038 58.894045324996114 47.248381019569933 42.587056542979553 222.35135359992273 96.920100162154995 98.285154703888111 27.650921368738636 3.6314235199242821 24.54713651095517 6.9953027514275155 6.1761832344345775 60.248428004793823 41.179220815422013 5.215634473366662 5.5795850222930303 8.2155607369495538 11.916130892233921 91.436310085235164 45.328949015354738 30.359255177550949 4.9011071741115293 172.53606501268223
leaf_count=55565 1462 15466 419 2191 568 192 757 1378 2274 2214 3081 14363 4182 8374 2172 249 1097 405 147 1076 3840 401 354 200 850 6660 5095 2657 316 16210
internal_value=9.65875e-05 0.000862512 0.00426435 0.00772021 0.00994497 -3.45886e-05 0.00154336 -0.00161453 -0.00466187 0.00318768 0.00302132 0.00101849 0.00618479 -0.00306652 -0.00412495 0 0.00171028 0.00709662 0.0105535 0.0117494 -0.00316715 -0.00120873 0.00225417 0.00990093 -0.00222518 -0.00339189 0.00150343 0 -0.0119671 -0.00133737
internal_weight=1977.15 1594.34 333.511 139.454 108.155 1260.83 535.028 168.919 104.319 64.6006 366.108 226.601 139.507 382.814 320.698 31.2993 194.056 37.7186 30.7233 94.7417 288.146 725.8 62.116 13.7951 246.967 189.721 57.2451 48.3209 32.552 720.585
internal_count=154215 122235 21618 4503 2063 100617 28441 6623 3652 2971 21818 14555 7263 31980 27307 2440 17115 1649 1244 1644 24819 72176 4673 554 20979 15034 5945 4119 2488 71775
is_linear=0
shrinkage=0.025


Tree=2
num_leaves=31
num_cat=0
split_feature=32 28 15 14 19 12 15 3 20 4 12 9 24 17 3 4 11 17 25 2 29 17 19 37 2 13 26 32 4 13
split_gain=21.0241 11.5478 7.38049 6.11416 4.80639 5.28915 5.39975 4.36097 5.0048 3.67154 3.42653 4.50588 3.8551 3.71847 3.28258 3.07139 3.96447 3.47765 3.7623 2.87592 2.86679 2.96036 2.56285 2.51098 2.449 2.36903 2.32701 2.10902 2.10748 2.05434
threshold=0.80084301602529939 0.67894769528321575 0.057272833106425398 82.761811038885881 0.59154992008017826 0.15895367964789989 2.091820508240557 0.068649127921965439 0.031053335673315256 0.28009885597175227 0.18377956361348893 0.26483228672489884 -0.018678049831782725 0.019403710404271458 0.066666711041672003 0.08576355797701031 0.078628997251808844 -0.24980956872359164 0.0027812538572203481 0.050546233801155423 0.33600626333118627 0.27826935915359186 0.49613179043095007 2.2766832401033046 0.027341435768947434 0.22782715884466917 -0.77175797138757829 0.72228021340756221 0.21825595402256129 0.21098901969544812
decision_type=10 10 8 10 8 8 10 10 10 8 10 10 8 10 10 8 10 10 10 8 10 10 10 8 10 2 8 8 10 2
left_child=7 2 20 14 22 -6 -7 8 10 19 12 13 23 -12 29 17 26 25 -19 28 21 -2 -4 -1 -9 -10 -17 -14 -5 -3
right_child=1 3 4 9 5 6 -8 24 15 -11 11 -13 27 -15 -16 16 -18 18 -20 -21 -22 -23 -24 -25 -26 -27 -28 -29 -30 -31
leaf_value=0.0020889247485642464 0.0045267541423432561 0.0016201199144876407 0.0063938550388743833 0.0095097103431892802 9.1172751714212253e-05 0.015130278746723442 -0.0020755439832980285 -0.0010059182220570218 -0.011634555794090607 -0.0056300911393315119 0.0129785377332973 -0.0035402170628562146 -0.0038283575672908251 -0.0036266450381490893 -0.0062713519784358129 -0.0053642421589005862 -0.0081141245214454132 -0.00074039418988358923 0.008566024426289065 0 -0.014754427412454897 -0.0038389990323715374 -0.0034560682504697613 -0.018450133930999417 -0.0073975830781288013 0.0013709335520641127 0.013243999902706971 -0.00072596247552692678 0.030405696679358607 -0.0090767547535198553
leaf_weight=136.84680204279721 111.90951959323138 96.9614402432926 90.868048457195982 10.584625359857457 22.277142054866999 121.8225850763265 11.435025779996066 59.868991717230529 19.158377982676029 6.3203353179851574 30.87941469438374 31.426087567582726 522.2578187964391 9.9702736146282387 78.935837331460789 3.4781670754309744 6.5063401926308861 65.894590967334807 43.311887630959973 6.0064687090925899 4.9361580745317033 32.555512707447633 18.24969961703755 2.5729990489780894 116.48227217036765 13.324105394771321 35.58170555322431 195.03007682855241 6.2935973757412276 11.409433510387315
leaf_count=15053 4378 4881 2696 331 1317 2146 282 5727 1185 501 855 1242 66718 329 7889 195 382 2672 1466 940 167 1837 598 39 14267 951 1762 12526 67 1006
internal_value=0.000180805 0.00392251 0.00636509 -0.000723543 0.00887233 0.0117222 0.0135927 -0.00164066 -0.00105212 0.00963511 -0.00180862 0.00333892 -0.0022557 0.00875948 -0.00242951 0.00264878 0.008222 0.000749984 0.00293564 0.0142329 0.00183861 0.00257393 0.00465882 0.00150233 -0.0052914 -0.00621834 0.0112902 -0.00299788 0.0192174 0.000338416
internal_weight=1923.16 630.565 414.054 216.512 264.653 155.535 133.258 1292.59 1116.24 29.205 928.983 72.2758 856.708 40.8497 187.307 187.255 45.5662 141.689 109.206 22.8847 149.401 144.465 109.118 139.42 176.351 32.4825 39.0599 717.288 16.8782 108.371
internal_count=154405 29036 13421 15615 7039 3745 2428 125369 105375 1839 96762 2426 94336 1184 13776 8613 2339 6274 4138 1338 6382 6215 3294 15092 19994 2136 1957 79244 398 5887
is_linear=0
shrinkage=0.025


Tree=3
num_leaves=31
num_cat=0
split_feature=32 23 12 20 14 2 14 33 12 8 24 14 20 18 17 2 37 16 8 23 29 22 5 10 31 24 5 21 11 9
split_gain=30.622 10.9734 5.50212 5.02188 6.00003 4.86471 4.76291 4.10422 4.09831 3.65154 4.81748 5.31752 3.42594 4.30221 4.07261 3.11641 3.0674 3.24949 2.87183 2.76873 2.70542 2.44739 2.43265 3.5724 2.31377 2.29483 2.29344 2.29316 2.93696 2.24158
threshold=0.79695973667084818 0.030033177138311332 0.16657097389988976 0.031697852902029207 59.94628380750742 -0.0116900152698563 81.028170025657488 -0.94611247465825354 0.18377956361348893 0.31403952571346222 0.016330288525755802 46.242409920719567 -0.0037120478263331642 0.0097999764517738754 -0.45789103872983189 0.04654020108342239 1.1521558782504127 0.22845942137138406 -0.16347243391475494 0.019377861155671198 -0.14589200832505431 0.064192576021805295 -0.017856765613870614 0.02021845982970261 1.6197116814280628 0.020275705732452191 0.060683667212806609 -0.06334683381758853 -0.049314142373726048 0.11494753737093778
decision_type=10 10 8 10 10 10 10 10 10 10 10 8 10 10 10 10 10 8 8 10 10 10 10 10 8 8 10 8 10 10
left_child=3 2 27 8 5 -5 -3 -6 18 12 11 -11 14 -14 -4 25 17 -7 -1 22 -12 26 -10 -24 -20 -8 -9 -2 -29 -26
right_child=1 6 9 4 7 16 15 21 19 10 20 -13 13 -15 -16 -17 -18 -19 24 -21 -22 -23 23 -25 29 -27 -28 28 -30 -31
leaf_value=0.0014910877438159631 0.0096247446974640407 -0.0042628957445057826 -0.0013144055509164247 -0.0039737862385248674 -0.014910325438274186 0.0014681168972244247 0.017329597869659878 0.0032674972588843422 -0.0082469798612537851 0.017680170698390757 0.025957691000650752 -0.010811582057629514 0.0089956238611280832 -0.005849745509783311 0.007022039691887829 -0.0039740787900815235 -0.0029691671102750308 0.01143203093589636 -0.0047181161919085971 -0.0042304971836994608 0.0085767488853096784 -0.007304911530699335 0.012238516033050761 -0.0014481119831199674 -0.0010231154045098132 0.002913491941851463 -0.0069860498898360011 -0.015067470349680548 0.0012266097030267536 0.01547499219623049
leaf_weight=52.395138805732131 17.954283381346613 118.75822291569784 66.272428033174947 36.057817874709144 16.32776531658601 33.434403426712379 12.806994404410942 56.585653956281021 5.9351888790260992 6.0174098436254981 17.596416758722626 8.1360845225863159 218.47229036234785 11.503031331812961 76.528731538215652 14.086063708411528 16.909058644901961 62.558834886876866 694.2803408917971 28.825888479943387 12.677781220991166 32.246563985245302 30.054826335282996 17.434027084382251 20.973577045137066 17.856234830105681 16.456204246496782 6.0875864422414443 127.11873903078958 5.3095563570968798
leaf_count=6425 781 12540 1318 1451 1288 2101 202 2397 399 102 270 138 3782 311 2073 1818 411 1438 99345 2208 271 2620 917 571 1006 281 1806 390 5335 256
internal_value=6.43303e-05 0.00404544 0.00568761 -0.00251868 0.000423935 0.00379872 -0.00161718 -0.0036453 -0.00345773 0.00717013 0.0140508 0.00124839 0.00628758 0.00819413 0.00312239 0.00516891 0.00636246 0.00809974 -0.00402488 0.00176346 0.019522 -0.00167959 0.00515679 0.00714801 -0.00443817 0.00959588 0.000780791 0.00152235 0.000298286 0.002567
internal_weight=1857.66 731.872 568.365 1125.78 270.576 148.96 163.508 121.616 855.209 417.204 44.4277 14.1535 372.776 229.975 142.801 44.7493 112.902 95.9932 772.959 82.2499 30.2742 105.288 53.424 47.4889 720.563 30.6632 73.0419 151.161 133.206 26.2831
internal_count=154251 29612 14771 124639 13512 5401 14841 8111 111127 8265 781 240 7484 4093 3391 2301 3950 3539 107032 4095 541 6823 1887 1488 100607 483 4203 6506 5725 1262
is_linear=0
shrinkage=0.025


Tree=4
num_leaves=31
num_cat=0
split_feature=32 20 34 14 31 3 24 4 31 23 20 39 26 32 14 9 3 32 4 14 16 16 18 18 1 25 6 20 19 24
split_gain=30.4681 7.69855 7.23684 9.16526 5.53013 5.37093 4.12427 3.9749 5.92588 4.89474 4.41723 3.54306 3.85716 4.98602 4.31398 3.20365 3.07736 3.05327 3.25755 2.9481 2.66542 2.49891 2.72896 2.37557 2.85498 2.36223 2.24621 2.40582 2.13402 1.81192
threshold=0.80846584546472566 0.031697852902029207 0.69085146289890209 81.580951446104748 1.1750787462543018 0.062889992898324545 -0.05608314278748882 0.32850349713364285 1.056281722721786 -0.029439352661321468 -0.010820753954747684 -1.2760089054645338 -0.13613365688047036 0.98274000148953611 70.80984597906172 0.10219615509560755 0.11325864101769124 0.73801850221064214 -0.16347243391475494 55.084436585348257 0.63111018585666911 1.1815946998657985 -0.0079736835116630597 0.0031420497589536123 0.018852917136774953 -0.0060172137699345827 0.010928316726102618 0.0084695256603188902 0.73542337016515724 0.066497608322323112
decision_type=10 10 10 10 8 8 10 10 10 10 8 8 10 10 8 10 10 8 10 10 10 10 10 10 10 8 10 8 10 8
left_child=1 4 7 -4 17 6 21 11 -9 25 -11 29 13 -13 -14 20 23 18 -1 26 -8 -3 -23 24 -5 -10 27 -6 -21 -2
right_child=2 5 3 16 19 -7 15 8 9 10 -12 12 14 -15 -16 -17 -18 -19 -20 28 -22 22 -24 -25 -26 -27 -28 -29 -30 -31
leaf_value=0.0002723449508570836 -0.0063912158920787117 0.00060529286401760161 -0.0054655986915568876 0.01341469242133958 0.0077105666263684583 -0.0062328929260450127 0.00118462479577821 0.029241603642832105 0.024433848522538194 0.01484517653483744 -0.0051997554003252577 0.0056529839885105012 0.00067768108732179234 0.018262175416318634 0.01352834852498523 -0.0019694616421146688 -0.00093052372800465444 -0.0013808503459615945 -0.0060078948619162248 -0.0073296561415125087 0.0082989489393646906 0.0013510350179277177 -0.021545334833394398 0.020929716934817912 -0.0027807619021374972 0.0063506803831546582 0.019322161775220125 -0.0090550060741938325 0.0058606082165063977 0.011588322228127688
leaf_weight=54.462794473627582 25.323236608644947 13.203592808684336 99.187660929630511 13.526687416713687 21.575763500994071 51.487469629035331 55.854032689705491 8.8045398604590428 10.473796362057326 8.5380262150429171 21.876420817337934 278.809455470182 169.84163319179788 20.980382996378466 17.099965043598786 41.985696110175923 17.257000809535384 153.70042977307457 537.80625656573102 20.057210811646659 91.648633269127458 3.8690615671221158 8.2282752399332804 10.913550498196853 10.840183173539115 11.61650017090142 7.3521895341109476 5.5514282307121929 10.359351673396302 2.6683733316604075
leaf_count=6239 698 670 12653 207 972 6099 3544 111 81 120 271 6440 4517 289 402 1775 1257 15805 86208 1486 1423 74 161 267 379 92 276 260 879 58
internal_value=-0.000102985 -0.00277579 0.00384075 -0.00096941 -0.0039872 0.000886497 0.00265297 0.00512011 0.0111783 0.00742393 0.000539974 0.00435965 0.0048653 0.00662963 0.00197181 0.00394928 0.00731207 -0.00460006 -0.00541837 0.00289978 0.00568674 -0.00651179 -0.0141973 0.0114474 0.00612406 0.0160637 0.00784001 0.00377658 -0.00254813 -0.00401443
internal_weight=1804.9 1077.14 727.757 151.725 810.865 266.277 214.789 576.032 61.3093 52.5047 30.4144 514.723 486.731 299.79 186.942 189.488 52.5374 745.969 592.269 64.8959 147.503 25.3009 12.0973 35.2804 24.3669 22.0903 34.4794 27.1272 30.4166 27.9916
internal_count=153713 125871 27842 14763 112125 13746 7647 13079 675 564 391 12404 11648 6729 4919 6742 2110 108252 92447 3873 4967 905 235 853 586 173 1508 1232 2365 756
is_linear=0
shrinkage=0.025


Tree=5
num_leaves=31
num_cat=0
split_feature=32 20 22 3 4 11 27 14 21 32 27 4 2 11 10 2 22 14 3 9 4 27 39 29 2 9 38 21 3 39
split_gain=34.4938 8.18019 8.08339 6.1222 5.90252 7.36482 4.95883 4.03354 7.84003 4.18442 6.48714 4.00991 3.84456 3.49241 3.08496 3.04834 3.81933 2.93792 4.96156 2.90763 2.71736 3.56773 2.68437 2.53006 2.44475 2.38608 2.22804 2.16506 2.84157 1.71183
threshold=0.80084301602529939 0.031053335673315256 0.16449504684983376 0.062889992898324545 0.32850349713364285 0.13639349935841852 112.77090000000001 81.028170025657488 0.030371376103629614 0.98578678738105852 114.64975000000003 0.075441863540086876 0.045093935055702812 0.12702655552023936 -0.0060375248288286878 0.018863672434028981 -0.12148870902148561 59.396169168527557 0.015644842085568048 0.43415704358564638 -0.14553378613872561 118.81405000000001 -0.91383651517137199 -0.28527734776860014 0.02685686025812695 0.35929426817380478 0.23597752808988767 -0.091780373183563843 -0.026041547954602947 0.38409650488816965
decision_type=8 10 10 10 10 10 2 8 8 10 2 10 8 10 10 10 10 8 8 8 10 2 10 10 10 8 10 10 10 10
left_child=1 2 6 14 7 17 -1 8 9 11 -11 -2 19 29 -3 22 -17 27 -19 24 -8 -22 -16 -7 -9 -14 -20 -6 -29 -4
right_child=4 3 13 -5 5 23 20 12 -10 10 -12 -13 25 -15 15 16 -18 18 26 -21 21 -23 -24 -25 -26 -27 -28 28 -30 -31
leaf_value=-0.0079458854912349101 -0.00028276440551614992 -0.0056058369187489011 0.0031770641125865003 -0.0090753641811506091 0.00071100455480009139 0.0099107289522644068 0.0019231602019629881 0.0029682156695006907 -0.0045405916715540199 0.01679241433288934 -0.0029344472265273032 0.0040678042062139872 -0.0051003443897193902 -0.013012067807701129 0.014926286884634805 0.014756405967190323 -0.00026442170538278678 -0.018926122737471494 -0.0038156476036700624 -0.0012179210881106714 -0.0036321404127923626 -0.016516173617261012 0.0029775449753651991 -0.009599292018096138 0.017366949761728298 0.0069313105188653183 0.017402980859488305 0.027443949129358859 0.012519535179721944 0.014218706331393436
leaf_weight=295.30315878777765 197.61212943471037 22.545395421329886 27.475393504370004 31.43329924705904 6.1091686927247784 4.3967660632915821 48.440894154831767 11.573948761215432 93.090119376196526 30.674332256196067 14.132168173557146 381.06802537804469 17.369368928484619 4.573468647664412 23.930740479845554 10.634833893273024 91.650840475223958 3.4588239770382625 3.2728025347460052 7.8596944478340438 264.09527749940753 13.535487054265102 27.13032279163599 13.393560427008195 35.842465644702315 21.2911679034587 8.3357847484294307 14.964116155169899 31.865448881872002 14.618135650409384
leaf_count=47858 9829 1236 1348 5547 40 33 5611 160 12849 333 185 8839 1083 522 698 543 3920 29 221 488 44144 2451 987 1533 401 1590 378 92 595 575
internal_value=4.78495e-05 -0.00347527 -0.00482125 0.000828577 0.00349705 0.00972866 -0.00558162 0.00281476 0.00215373 0.00317204 0.0104932 0.00257169 0.00768767 0.00503253 0.00269034 0.00399265 0.00137785 0.0134523 0.00280997 0.0118669 -0.00339625 -0.00435556 0.00893521 -0.00406101 0.0141666 0.00134677 0.0110383 0.0162133 0.0180112 0.00747264
internal_weight=1771.68 875.367 668.042 207.325 896.31 85.7965 621.375 810.513 716.577 623.487 44.8065 578.68 93.9366 46.667 175.892 153.347 102.286 68.0061 15.0674 55.2761 326.072 277.631 51.0611 17.7903 47.4164 38.6605 11.6086 52.9387 46.8296 42.0935
internal_count=154118 115440 102509 12931 38678 2921 100064 35757 32035 19186 518 18668 3722 2445 7384 6148 4463 1355 628 1049 52206 46595 1685 1566 561 2673 599 727 687 1923
is_linear=0
shrinkage=0.025


Tree=6
num_leaves=31
num_cat=0
split_feature=9 4 14 28 28 30 1 0 14 19 27 0 10 27 18 23 24 1 3 15 31 14 4 27 18 24 37 4 9 26
split_gain=28.1875 7.47777 7.32409 10.4312 6.85566 5.89914 5.85799 5.83897 5.7852 4.51144 4.19042 3.92867 3.87137 3.49434 3.35528 6.43164 3.18248 3.15325 3.03855 2.89658 4.64533 2.77284 2.67179 2.65724 2.6375 2.60763 2.1504 2.0786 1.96804 1.78411
threshold=0.19450301327438349 0.32850349713364285 81.580951446104748 0.67894769528321575 0.72228021340756221 0.82762289068231853 0.041267226214482873 0.023546923167319881 60.321772909083457 0.65079119991926537 112.47935000000003 0.018254873775806483 0.064740406804640341 112.77090000000001 -0.0084786948709780503 -0.044102334894790922 -0.053124800089148654 0.014716897876786874 0.081285851997353734 -0.43580150854596039 1.2924016727759629 53.813446676420966 -0.17854026904992534 112.89435000000002 -0.001271495050158898 0.015317282313024318 0.46412693376371716 -0.11610494865651642 0.14699960045036789 0.86222394077929698
decision_type=10 10 10 10 10 8 10 8 8 8 2 10 10 2 10 10 10 10 10 8 8 10 10 2 10 10 10 10 8 10
left_child=5 2 3 9 7 6 13 14 11 10 -2 22 -4 26 -3 -16 -13 -11 19 24 -21 -22 -8 -15 29 -10 28 -25 -1 -7
right_child=1 4 12 -5 -6 18 8 -9 25 17 -12 16 -14 23 15 -17 -18 -19 -20 20 21 -23 -24 27 -26 -27 -28 -29 -30 -31
leaf_value=-0.0088302807345561965 0.0047292338545125703 0.00093174986869963648 0.012984902417683727 -0.0058073928902718517 -0.004349195549889614 0.0063865792556089488 0.012040637744391366 -0.0059324407972329886 0.0020108840042926271 0.0085674947599763927 -0.0015416347363913245 -0.0056594793858602745 -0.0025370207475005602 0.0097730219785627306 0.030851692347251936 0.011955953784713123 0.014921078334954369 0.0023468205547373098 -0.0062439645656563519 0.00082439181874441575 0.015961141934638844 0.0031837197693018642 -0.0021748676164419461 0.00080601415288028468 -0.0079711328213817028 -0.0099094739051638209 -0.0027438654289983562 -0.004023859320142471 -0.0029905121177861947 -0.0097648049945605695
leaf_weight=180.93669530865736 118.59815909294412 9.3046251882333291 60.42823603306897 87.46532709011808 14.606006228947079 19.87487611966208 9.1449609021656197 7.4153084789868435 16.33359471638687 132.99281138065271 146.6188345074188 4.3365417011082164 10.649938114802351 9.1373407102655602 17.431372707244009 42.640517743187957 28.751918293302879 90.372171839000657 28.653773482888937 95.097955292323604 25.435934415785596 21.751499998848885 38.707373722456396 67.686914705904201 27.011463384726085 29.378123324480839 86.232774240197614 253.62740154296625 52.350955929839984 3.9508530506864181
leaf_count=29411 3907 92 1230 12597 2136 1232 556 103 1496 3820 5651 174 1069 1405 102 532 914 2798 3784 7425 626 1351 2761 7560 1572 4262 11135 38112 6101 129
internal_value=0.000291366 0.00399464 0.0030209 0.00205866 0.0106795 -0.00244197 -0.00347008 0.0136571 0.00139295 0.00349292 0.00124305 0.00542785 0.0105519 -0.00443002 0.0159225 0.0180583 0.0119014 0.00611003 0.00112395 0.00228754 0.00413003 0.0104513 0.000617028 -0.0025745 -0.00270149 -0.00554776 -0.00630882 -0.00298395 -0.0075738 0.00306881
internal_weight=1736.92 738.523 647.125 576.047 91.3978 998.401 776.625 76.7918 126.653 488.582 265.217 80.9408 71.0782 649.972 69.3765 60.0719 33.0885 223.365 221.776 193.123 142.285 47.1874 47.8523 330.452 50.8372 45.7117 319.52 321.314 233.288 23.8257
internal_count=154043 34037 31072 28773 2965 120006 103887 829 10163 16176 9558 4405 2299 93724 726 634 1088 6618 16119 12335 9402 1977 3317 47077 2933 5758 46647 45672 35512 1361
is_linear=0
shrinkage=0.025


Tree=7
num_leaves=31
num_cat=0
split_feature=32 32 31 21 8 8 12 29 2 14 21 27 39 27 36 0 27 5 5 0 15 14 7 10 10 22 12 36 5 24
split_gain=34.4361 10.498 9.42663 8.12457 6.4704 4.80161 5.37124 6.31814 5.24777 4.75839 5.83951 5.04613 4.69752 3.6181 3.54822 4.7137 3.39941 3.30123 3.21615 2.96204 2.75985 3.05015 2.73556 2.46479 2.33499 2.25694 2.23031 1.82405 1.75936 1.57908
threshold=0.80084301602529939 0.98274000148953611 1.8151459530875695 0.021866975717672769 -0.17060909137260813 0.32850349713364285 0.59223570509305901 0.1875416678555544 0.00049056637201072572 81.028170025657488 0.032292953965295586 115.64090000000002 -0.23710504044122979 118.87420000000002 0.041052239434808256 -0.017225161487386783 115.61315 0.021276572766530059 0.02965329405261408 0.0081919816086711856 1.0097855018906678 60.505910870226735 0.05513174948849265 -0.004554731957630064 0.036646032540153868 0.12417380217457664 0.59223570509305901 0.38389316155042841 0.018181710200769755 0.057860392918007049
decision_type=8 10 8 10 10 10 8 10 10 8 10 2 10 2 10 10 2 10 8 10 10 8 8 10 10 8 8 8 10 8
left_child=2 5 4 14 20 9 7 8 -7 10 11 -2 -4 16 -3 -16 17 -6 19 -11 24 -22 -14 -8 28 -20 -17 -9 -1 -18
right_child=1 3 12 -5 13 6 23 27 -10 18 -12 -13 22 -15 15 26 29 -19 25 -21 21 -23 -24 -25 -26 -27 -28 -29 -30 -31
leaf_value=-0.00048399259904496092 0.0030730089840556758 0.025766561436102033 -0.0027625232275450377 -0.0027930945904548234 -0.006818306812384798 0.0063470355902014788 -0.026758472340313078 -0.014328541097505207 0.023509198519041194 0.0063176842870132401 -0.0057730252526271304 -0.0031634236608179124 0.019590635149242398 -0.015141274426977276 -0.0039771526248584517 0.016696248444214037 -0.0016712366859334472 -0.0025846993185757016 -0.0088590393785935688 0.01842318756663789 0.022457240551998436 -0.0023481826589543948 -0.0012277409050520855 0.0032005674115901219 -0.013858597547219416 0.0046848826640242648 0.0019070610301742215 0.0027231902988160387 0.0083495479154211578 0.012514574273254996
leaf_weight=47.307583337184042 433.81805319385603 15.600659159012137 12.284982226323335 19.358048024936579 371.31033502053469 25.421928486553952 2.5163885841611773 4.7692355569452021 23.410870844265446 57.319595975102857 68.452841111808084 97.525510039646178 18.100963493343443 20.473417930887081 9.1773497918620688 43.819699031999335 149.90875258028973 179.46985702496022 10.485857610241508 17.757784050423652 6.9155820426531109 3.8625223737908536 3.9575472020078477 2.0477352170273653 5.1676365260500452 21.282548020826656 9.1890141223557276 9.2076959686819464 18.029743510531262 3.7825375853572032
leaf_count=4807 16274 128 427 1962 62393 201 33 265 213 1423 11103 2983 215 3385 97 437 21052 20359 537 394 243 535 372 163 305 1190 73 1005 1036 591
internal_value=3.71756e-05 0.00352223 -0.00356567 0.0112428 -0.00412236 0.00252766 0.00887822 0.0109025 0.0150911 0.00189756 0.00101065 0.00190971 0.00898993 -0.00487536 0.0148202 0.0115199 -0.00454114 -0.00546101 0.00674042 0.00952407 0.00247568 0.013597 0.0156625 -0.0141479 0.000471876 0 0.0143699 -0.00327394 0.00194751 -0.00117943
internal_weight=1711.73 871.161 840.571 97.1448 806.228 774.016 67.3739 62.8097 48.8328 706.642 599.796 531.344 34.3435 724.945 77.7867 62.1861 704.471 550.78 106.846 75.0774 81.2831 10.7781 22.0585 4.56412 70.505 31.7684 53.0087 13.9769 65.3373 153.691
internal_count=154201 38481 115720 2697 114706 35784 1880 1684 414 33904 30360 19257 1014 107780 735 607 104395 82752 3544 1817 6926 778 587 196 6148 1727 510 1270 5843 21643
is_linear=0
shrinkage=0.025


Tree=8
num_leaves=31
num_cat=0
split_feature=32 31 8 32 35 27 8 14 2 21 2 26 25 23 5 28 19 16 9 5 27 12 28 11 23 0 12 16 5 12
split_gain=26.4967 10.5496 9.69741 9.22257 7.2331 6.12926 5.75189 7.04276 5.24224 5.23527 5.00066 4.7291 4.7486 4.55196 3.84061 3.37559 3.37069 3.32555 3.59565 3.14202 3.08349 2.75289 2.56694 2.43116 2.3969 2.28356 2.24885 2.1565 1.96388 1.80289
threshold=0.80084301602529939 1.7431013050555524 -0.17060909137260813 0.98274000148953611 0.21291718963877998 118.87420000000002 0.32850349713364285 81.028170025657488 -0.077654321331646667 0.030371376103629614 0.045823441904603864 -0.067583390565484083 -0.0020772689391039627 0.0060100851303515066 0.040485688700850571 0.91372095536582743 0.65933980712610485 0.022641875034884597 -0.32459048273431573 0.02164138055740961 117.26100000000001 0.29454300114349857 0.63455615226662465 -0.1119511950261796 0.017693021941535884 -0.014364634323103696 0.1392159825793621 0.51742499729572333 -0.00067735810789776296 0.22210906197025729
decision_type=10 8 10 10 10 2 10 8 10 10 10 10 10 10 10 8 8 8 8 10 2 10 8 8 8 10 10 8 8 10
left_child=1 2 14 6 8 20 7 9 -5 21 26 12 28 -8 -1 25 24 18 -16 -10 27 -2 -18 -19 -6 -13 -9 -4 -3 -12
right_child=3 11 5 4 16 -7 13 10 19 -11 29 15 -14 -15 17 -17 22 23 -20 -21 -22 -23 -24 -25 -26 -27 -28 -29 -30 -31
leaf_value=-0.00051211646700279425 0.0017565906137163006 0.016013434235628617 -0.0058280671305257492 -0.0014351595740677628 -0.026614290989780194 -0.019005242576011695 0.014398452729397519 7.4168198165307025e-05 0.01832481447712182 -0.0072055166357082312 -0.0078452036313195628 0.0015983674760283685 -0.0109807176890667 0 0.015778360313212652 -0.0036195053591294782 0.020730343727784206 -0.0012061656149106505 -0.0056346005911667302 0.0069347141017196169 0.0024201341193012989 -0.0052445157880059261 -0.0011175568256899125 0.017268645876914821 -0.0026769351340360844 0.018814337069340246 0.013201626490929617 -0.0026699780605434938 -0.00097988369840171013 0.0049162825940059565
leaf_weight=102.79449871741235 392.30122758354992 8.0500404415652138 438.56257728720084 12.924941593315451 3.0229807430878299 17.743086869362742 39.372490177862346 10.866011629812418 58.404381728963926 51.71696851728484 13.048006372991951 7.387342548929154 14.063547623809425 20.558923478121869 5.6761645666556433 5.8965516611933699 3.9927244214341018 4.4514086584094912 15.709620051202366 26.469580638222396 36.989813945256174 36.961304398020729 7.5904826003825301 21.11581088684034 10.09542831184808 25.155898380326107 56.338838831055909 215.39460444427095 6.1966895384248373 11.75774869462475
leaf_count=9987 11699 133 74631 91 26 3440 296 118 401 9679 735 88 595 1509 229 398 27 118 746 182 5420 920 814 527 1104 391 453 28229 148 716
internal_value=0 -0.00283702 -0.00358914 0.00346883 0.00973353 -0.00481252 0.00222836 0.00143196 0.0127663 0.000196584 0.00772366 0.00661781 -0.000905708 0.00954228 0.00214317 0.0122076 -0.0020194 0.00798004 0.000253064 0.0150059 -0.00440491 0.0011234 0.00706576 0.013862 -0.010485 0.0153244 0.0112273 -0.00480613 0.00863464 -0.00156021
internal_weight=1680.61 925.188 858.438 755.422 122.501 708.69 632.922 572.99 97.7989 480.98 92.0106 66.7501 28.3103 59.9314 149.748 38.4398 24.7016 46.953 21.3858 84.874 690.947 429.263 11.5832 25.5672 13.1184 32.5432 67.2049 653.957 14.2467 24.8058
internal_count=153850 125080 123327 28770 2645 111720 26125 24320 674 22298 2022 1753 876 1805 11607 877 1971 1620 975 583 108280 12619 841 645 1130 479 571 102860 281 1451
is_linear=0
shrinkage=0.025


Tree=9
num_leaves=31
num_cat=0
split_feature=32 31 4 33 27 1 23 11 28 4 20 27 4 14 27 27 28 3 6 31 1 6 14 29 4 36 3 14 38 11
split_gain=27.5753 12.7062 9.77584 8.85984 6.22266 5.31679 6.71036 5.99713 5.69167 4.4175 4.4062 4.12791 3.88885 3.83724 3.55346 3.40248 3.50061 3.2308 3.11045 3.01003 3.00731 3.09424 3.20392 2.91386 3.11615 2.83627 2.5348 2.51449 2.16098 2.06491
threshold=0.80084301602529939 1.7431013050555524 -0.17060909137260813 2.2046455762204746 118.87420000000002 -0.061358079137361736 -0.035577319833885061 0.09204044862293749 0.31987233927216224 0.076593768791038644 0.031053335673315256 112.77090000000001 0.39506112745364347 31.110202831594076 112.11640000000001 118.81405000000001 0.57113186386576376 0.06975741833565198 -0.057186618202434696 0.97560212721670225 0.039686933388885189 -0.014653427684139684 60.134965568547877 0.43034501116793805 0.34593927739007441 0.096741006239214139 0.065714269371724324 81.580951446104748 0.4537724767326286 0.09204044862293749
decision_type=8 10 8 8 2 10 10 10 10 10 8 2 8 10 2 2 10 10 10 8 10 10 10 10 10 10 10 8 10 10
left_child=1 2 20 9 10 12 13 8 -8 29 11 -4 -5 -7 23 18 -17 25 -16 -9 -1 -22 -23 24 -11 -3 -12 -25 -27 -2
right_child=3 17 4 5 -6 6 7 19 -10 14 26 -13 -14 -15 15 16 -18 -19 -20 -21 21 22 -24 27 -26 28 -28 -29 -30 -31
leaf_value=-3.306083549026806e-05 -0.00056972355376044305 -0.0020484189207100518 -0.0081372151085650907 -0.012794525674801539 -0.020436520367205634 0.0016522014116669888 -0.0034630386741171023 0.015898021850141025 0.01345477063210657 0.0058744868650204085 0.0013662251257072064 -0.0034894986518276372 0.0084354684718004284 0.022163655536719847 -0.012453520471793027 0.017719353213130205 -0.0046464796414726053 -0.0073715527787489923 0.0010539472593887843 -0.0068266401524983387 -0.0025009429843351381 0.016593764432136351 -0.0068558133672205427 -0.0054054738842952074 0.018359483378681974 0.0013383661953087864 -0.0078241160277473781 0.0052271842650189202 0.017097991471500255 -0.017044797837228214
leaf_weight=59.959642668254673 212.62365455529653 7.2098483573645344 247.37329110945575 11.007861136575228 15.60607387323398 8.0203892400022578 14.287554176058618 2.9677798319607973 59.157640338060446 174.43965840456076 95.014612291590311 251.6310336724855 8.1945489018689859 33.773323131725192 9.8993611077312362 13.312807037727909 4.9881301883142433 5.4265382707817471 244.13886173290666 23.674452980165373 9.3478226801380497 22.715845105238262 3.1217919577611601 24.722411575261503 13.448046315461395 8.2282060382422042 21.995598105131648 28.642855612561107 28.451938606332988 3.7226574283558866
leaf_count=5712 14613 81 47084 169 3398 120 133 150 1380 3924 6385 46280 125 358 293 267 465 667 9705 1693 354 441 378 3946 136 221 4363 801 229 409
internal_value=0.000174953 -0.00326276 -0.00410681 0.00317798 -0.00523599 0.00847799 0.0101536 0.00639186 0.0100604 0.00198611 -0.00479976 -0.00582252 -0.00340383 0.0185578 0.00324956 0.00124755 0.0113279 0.00882943 0.000442129 -0.00344978 0.00328323 0.00895536 0.0133046 0.00546124 0.00691861 0.0111417 -0.000359819 0.000153416 0.0139151 -0.000980141
internal_weight=1667.1 776.082 726.766 891.022 631.621 161.084 141.881 100.087 73.4452 729.938 616.015 499.004 19.2024 41.7937 513.592 272.339 18.3009 49.3165 254.038 26.6422 95.1451 35.1855 25.8376 241.253 187.888 43.89 117.01 53.3653 36.6801 216.346
internal_count=154280 115593 114395 38687 107510 4128 3834 3356 1513 34559 104112 93364 294 478 19537 10730 732 1198 9998 1843 6885 1173 819 8807 4060 531 10748 4747 450 15022
is_linear=0
shrinkage=0.025


Tree=10
num_leaves=31
num_cat=0
split_feature=32 31 32 20 27 3 28 9 19 2 14 21 27 27 3 27 19 30 12 24 30 24 12 25 26 30 16 25 2 31
split_gain=27.4196 12.9943 10.5512 6.8315 5.1161 4.82528 3.95799 5.09547 4.56679 3.7452 3.50587 7.67884 4.60378 3.00988 3.20715 3.00197 2.92605 3.51979 2.87213 2.82118 2.71897 2.36895 3.34283 1.92817 1.89012 5.09021 2.30361 1.86572 1.85949 1.46864
threshold=0.80846584546472566 1.5671789716845848 0.98578678738105852 0.031697852902029207 112.77090000000001 0.050462061543309684 0.66248689727463328 0.70992672529609457 0.54023076704101325 0.048934809228026739 81.028170025657488 0.030371376103629614 118.81405000000001 112.89435000000002 -0.13121095802794722 112.01475000000001 0.12097188509561585 0.98960494467496563 -0.047263252264021609 0.011955540535556365 0.97481634163099218 -0.053124800089148654 -0.16094504782187094 -0.0034454227899524477 -0.7240766057015543 0.86673713883016223 -0.29657848240860046 0.0017336050757508384 -0.0030056730525794269 1.4376553431387582
decision_type=8 10 10 10 2 10 10 10 10 10 10 10 2 2 8 2 10 10 10 10 10 10 8 8 10 8 10 8 10 8
left_child=1 3 10 4 -1 21 7 19 -9 16 11 12 15 -6 -15 -2 -3 18 -18 23 24 27 -23 -4 25 -12 -26 -5 -21 -14
right_child=2 9 6 5 13 -7 -8 8 -10 -11 20 -13 29 14 -16 -17 17 -19 -20 28 -22 22 -24 -25 26 -27 -28 -29 -30 -31
leaf_value=-0.0082691916357985323 0.0034711200998903883 -0.0056105603445525849 0.016640615201129021 -0.012573588418419344 0.0098912041567419864 -0.0072646526103966134 -0.0020002481004957021 -0.0061771069579264247 0.012169026651967639 -0.0067480082807638625 -0.0032642588393374931 -0.0060967227324484185 0.0077330645543104053 0.0035163978496782497 -0.0047421830809097655 -0.00011440613404140259 -0.0062456757732827738 0.027049947627952917 0.011267518445104711 0.011601175250958945 -0.0090323484937575495 0.014038472485483048 0.0021107773748190897 0.0030765970592105557 0.0048962755507960098 0.01106827079973409 0.01973768493630217 0.0023376347805793896 0.02714783210515467 0.023749339617887243
leaf_weight=254.51797039085068 313.06257879629266 5.1832287611905477 12.905711782630531 8.7643156023696047 8.8606666345149261 37.144968281383626 12.764449366601182 14.561484258621933 16.636929667089134 8.1896369772730377 26.523291523102671 75.544494006899185 17.288797344197519 30.972178476862609 273.69446157373022 265.01735649351031 5.6904031883459529 7.7739648201968512 32.354217213112861 13.043923666235058 5.2275901120156041 17.930235379142687 76.179505136329681 16.672801405889917 15.953222769196147 32.816090985899791 14.532371815643272 9.0073893346125278 19.018676632549614 5.7478580081369754
leaf_count=49025 12174 119 80 538 1642 6003 1561 102 100 748 687 12717 531 3033 48945 7383 115 106 712 77 339 474 4697 116 437 659 501 499 126 73
internal_value=-6.93521e-06 -0.00343107 0.0030148 -0.00436971 -0.00561803 0.000345487 0.0103987 0.0121869 0.00346306 0.00767672 0.00198008 0.00132841 0.00228429 -0.0034187 -0.0038676 0.00181758 0.0102385 0.0122884 0.00834605 0.0163325 0.00646689 0.00298868 0.00461013 0.00965658 0.00755848 0.00460037 0.0126874 -0.00495085 0.0216952 0.0130167
internal_weight=1653.58 776.263 877.318 717.072 568.045 149.026 105.604 92.8395 31.1984 59.1915 771.714 676.661 601.117 313.527 304.667 578.08 51.0018 45.8186 38.0446 61.6411 95.0526 111.881 94.1097 29.5785 89.825 59.3394 30.4856 17.7717 32.0626 23.0367
internal_count=154319 116656 37663 114856 102645 12211 2162 601 202 1800 35501 32878 20161 53620 51978 19557 1052 933 827 399 2623 6208 5171 196 2284 1346 938 1037 203 604
is_linear=0
shrinkage=0.025


Tree=11
num_leaves=31
num_cat=0
split_feature=32 31 4 32 27 29 4 14 21 27 7 31 21 9 12 4 9 11 32 10 4 1 27 24 10 27 19 10 2 22
split_gain=24.9221 11.5609 8.27051 6.88316 5.9285 5.63659 5.0935 4.696 5.2313 4.28229 3.0386 2.9369 2.5669 2.42282 2.63721 2.39385 2.38976 3.9824 2.25885 4.14295 2.51727 3.70022 2.19267 2.191 6.25567 2.03732 1.66965 1.66774 4.03155 1.65466
threshold=0.80084301602529939 1.6762792690965849 -0.17060909137260813 0.98274000148953611 118.81405000000001 0.19602078279354154 0.36719754178487513 81.028170025657488 0.032292953965295586 112.11640000000001 0.06975741833565198 3.0192367393261228 0.04582134610243694 0.5060301205100638 0.26525556237973108 0.06122783951993483 -0.32459048273431573 -0.1119511950261796 0.67087280736671728 0.002602461676288748 0.36719754178487513 0.0095296547171774843 117.27835000000002 -0.010216137446209415 -0.0091525903878702502 110.87370000000001 0.22935816740318679 0.042500761201181299 0.02685686025812695 0.096813807350521155
decision_type=8 10 10 10 2 10 10 10 10 2 10 10 10 8 10 8 10 10 10 10 8 8 2 10 10 2 8 10 10 8
left_child=1 2 16 6 9 11 7 8 15 -4 18 23 13 14 -8 -2 17 -1 20 -20 21 -3 -11 -5 -25 -19 -7 28 -9 -29
right_child=3 10 4 5 -6 26 12 27 -10 22 -12 -13 -14 -15 -16 -17 -18 25 19 -21 -22 -23 -24 24 -26 -27 -28 29 -30 -31
leaf_value=0.00044238357881501889 -0.0022190197141004355 0.021929208617174973 -0.007519604567102778 0.020114551923915366 -0.020122658799160212 -0.014314997103277993 0.0053547550949715047 -0.0032251625473837275 -0.0064398071774972674 -0.0037513007987095767 -0.0086319682399669442 0 -0.0048195003598870819 0.0027118363336235255 0.024351380092797872 0.0020539689629366195 -0.00022651963690187364 -0.0021529689164194146 -0.009872848365788181 0.013008662179222995 0 0.00036499265793397994 0.0029193165785712039 -2.996302410088527e-05 0.014976245854413584 0.022816899466203244 0.00070716965286046025 -0.0037141102641008641 0.014135651576363956 0.0057728859945310931
leaf_weight=19.601262864889581 97.873133011860773 19.161232887534425 241.13122878037393 19.102412262232974 15.872075365157796 4.4453226447803926 9.5870320657268184 9.6535785533487779 59.983772781561129 312.19615871983115 5.2352443386334917 13.248589772731064 4.7639467817498362 12.44204312097281 13.441543054068459 443.01786095020361 67.583775501465425 1.6160620772279788 8.5244756476022321 8.7060550653841329 6.4455324080772689 7.5855314186774221 31.989128685556352 25.47952455189079 47.343731704633683 9.9034365656552819 21.020486541208811 14.007891619694417 33.397711789235473 39.833527725422755
leaf_count=1059 6525 182 45143 120 3677 372 119 137 11514 53900 747 86 850 164 140 13971 5322 72 79 135 99 126 4808 183 288 453 1632 628 418 1325
internal_value=-9.13059e-05 -0.0034134 -0.00429489 0.00279038 -0.00539855 0.00807132 0.00183382 0.00131338 0.000470959 -0.00494613 0.00739606 0.0106156 0.0103791 0.0127159 0.0174093 0.00126374 0.00233627 0.00793562 0.00936745 0.00137577 0.0131052 0.0163601 -0.00310162 0.0121833 0.00970916 0.0188516 -0.00216004 0.00639145 0.0100914 0.00314124
internal_weight=1624.19 755.551 699.893 868.642 601.189 130.64 738.002 697.767 600.875 585.317 55.6581 105.174 40.2346 35.4706 23.0286 540.891 98.7045 31.1208 50.4228 17.2305 33.1923 26.7468 344.185 91.9257 72.8233 11.5195 25.4658 96.8927 43.0513 53.8414
internal_count=154274 115802 114434 38472 107528 2681 35791 34518 32010 103851 1368 677 1273 423 259 20496 6906 1584 621 214 407 308 58708 591 471 525 2004 2508 555 1953
is_linear=0
shrinkage=0.025


Tree=12
num_leaves=31
num_cat=0
split_feature=32 32 4 31 27 27 27 2 14 14 28 4 30 15 2 11 2 12 27 38 38 11 4 10 5 5 12 18 18 12
split_gain=22.6076 10.8259 10.3893 11.9287 5.52767 5.00828 4.32663 4.27672 4.52243 3.78756 6.90882 4.77852 3.55314 3.48214 3.42483 5.2692 3.08922 2.89203 2.59463 2.5369 2.47172 2.25375 2.23545 1.9899 1.94905 3.1712 1.89323 1.80125 1.78774 1.77633
threshold=0.80846584546472566 0.98274000148953611 -0.17060909137260813 1.6762792690965849 118.81405000000001 110.87370000000001 112.11640000000001 0.034551414661173625 59.769707482591919 81.028170025657488 0.67492267975359777 0.36719754178487513 0.1760937927262784 1.4230653881887481 -0.077654321331646667 1.0000000180025095e-35 0.058035674999490479 0.21504962875620784 117.26100000000001 0.95115311881334408 0.67556323973882759 0.055374448792337778 0.076593768791038644 0.066442721910092498 0.0036636995579026892 0.0092512114640705984 -0.20458320450939191 -0.0017607611915259115 0.0092850224374874373 0.094701033155505057
decision_type=8 10 10 10 2 2 2 10 10 10 10 10 10 10 10 10 10 10 2 8 10 10 8 10 10 10 10 10 10 10
left_child=2 9 7 4 6 13 -4 26 12 10 11 22 -9 -3 -7 -16 19 -17 -8 20 -5 -13 -2 24 -11 -26 28 -28 -1 -21
right_child=1 5 3 16 -6 14 18 8 -10 23 -12 21 -14 -15 15 17 -18 -19 -20 29 -22 -23 -24 -25 25 -27 27 -29 -30 -31
leaf_value=0.0073289853213543135 -0.0019871375439637269 0.019684096618256861 -0.0075368196080882119 0.0041410844875980485 -0.019695034867338885 -0.0074172587171761426 -0.0038023594213591376 0.021303227991193625 -0.0070458041474274757 0.017859608387002721 -0.0056260457739962105 0.00075829810903380989 -0.0022649709717228474 -0.0015795256735323467 0.01975137798915258 -0.0093827353592744554 -0.010887830978731956 0.006085361263888543 0.0032233609675606035 -0.014444031035576191 0.016897718436304346 0.015085316067307173 0.0021318079094648232 -0.0015527949087898799 -0.0062753731226590989 0.0077632716372486371 0.0027135493421602637 -0.0089019054055052092 -0.0031174855564219486 0.0040115182821460682
leaf_weight=32.360122356680222 100.72387169208378 34.295933065470308 235.20205094316043 21.931102280970663 15.6022126104217 9.1486883186735195 306.46854991628788 18.997193776303909 4.9353686692193142 9.7149572358466667 86.325717243715189 11.304906147299333 4.0231942532118401 4.6297270678915075 16.853232154622674 7.2674084134632713 4.6451933420030391 56.400062738684937 34.701823721406981 3.4318382875062516 20.884829759364948 23.283869700157084 401.23336076550186 16.521338857593946 10.178969042608513 70.46824208763428 13.193631253205242 17.079946880112402 12.749619305599479 9.1682672821916622
leaf_count=2037 6780 515 45529 357 3700 105 54250 483 569 145 13692 85 265 267 135 154 514 1512 5109 84 235 239 11325 1136 132 1197 1245 1582 678 202
internal_value=5.37521e-05 0.00283236 -0.00309322 -0.00426609 -0.00535134 0.0094987 -0.00490997 0.0041995 0.0123546 0.00163371 0.000868137 0.00193717 0.0169665 0.0169965 0.00597987 0.00768038 0.00620327 0.0040632 -0.00305705 0.00796879 0.010825 0.0107947 0.00128762 0.00596661 0.00742566 0.00583371 0.000931082 -0.00369099 0.00421021 -0.00129056
internal_weight=1613.73 858.35 755.375 652.036 591.975 128.595 576.372 103.339 27.9558 729.755 622.872 536.546 23.0204 38.9257 89.6694 80.5207 60.0612 63.6675 341.17 55.416 42.8159 34.5888 501.957 106.884 90.3622 80.6472 75.3833 30.2736 45.1097 12.6001
internal_count=154258 37419 116839 109980 108588 2688 104888 6859 1317 34731 32121 18429 748 782 1906 1801 1392 1666 59359 878 592 324 18105 2610 1474 1329 5542 2827 2715 286
is_linear=0
shrinkage=0.025


Tree=13
num_leaves=31
num_cat=0
split_feature=12 4 31 13 3 38 21 26 23 2 12 22 15 12 38 24 38 17 38 36 25 20 36 35 11 2 12 20 24 3
split_gain=19.2252 6.64606 8.10813 6.47749 6.30288 4.94292 3.36743 3.28708 2.96198 3.18168 2.9381 2.71697 2.66989 2.51255 2.98126 2.81411 2.40219 2.29391 2.02893 1.84021 2.24008 1.79331 3.70841 3.04399 1.62383 1.5847 1.55675 1.68291 3.32853 1.43747
threshold=0.16657097389988976 -0.17060909137260813 0.97560212721670225 0.40636543311932011 -0.035747915024962988 0.44191631577736368 0.032292953965295586 -0.96904975696045337 0.030680104389961941 0.023704377886400788 0.18377956361348893 0.27194227094433893 -0.3970046280506383 -0.22942323645092214 0.13653669658989878 -0.12446035160637896 0.67556323973882759 0.12737716074875191 0.20822933330013635 0.86673713883016223 0.0078806224147347417 0.038156934223396062 0.025130917607431389 0.21291718963877998 -0.11808839160700195 -0.016730757023300343 0.11981014638976785 0.031697852902029207 0.023106074472515229 -0.064793334907116237
decision_type=10 10 10 2 10 10 10 8 10 10 10 10 10 8 10 10 10 10 8 10 8 10 10 8 10 10 10 10 10 10
left_child=1 13 26 4 5 10 11 12 9 -9 -2 18 -6 14 24 -16 -13 -7 -4 -8 -21 -15 -23 -24 -1 -12 27 -3 -29 -26
right_child=3 2 6 -5 7 17 19 8 -10 -11 25 16 -14 21 15 -17 -18 -19 -20 20 -22 22 23 -25 29 -27 -28 28 -30 -31
leaf_value=-0.0084872085457967598 -6.2330819251917182e-05 -0.005591346782148213 -0.0037243527227961062 -0.0046672437229651658 0.0087032920500948151 0.0070407884777242205 -0.0085680602961819823 0.0029694672279920674 -0.00015355448593037168 0.0082289446798134176 0.012318723236512235 -0.012782955845074974 -0.010714386978930717 -0.001860439817944409 -0.0032069977852985489 0.012004241320834372 0.0055207273694247395 -0.0085999068981882712 0.0073010551157824252 0.010835419627464137 -0.0054826168184029956 -0.013575055444766747 0.013376169944274707 -0.0044088474916130303 0.018867059530332242 0.025423931369474656 -0.0017932821549678298 0.0015376463465443017 -0.0097369811920837365 -0.0026493980403473403
leaf_weight=10.636512021534143 5.0099347045179448 476.55687781667802 10.231342539424075 54.762831996427849 4.4473069440573481 17.081733271013949 22.841161787509918 228.97184636606835 96.536245185649022 110.94406909123063 20.970824601361528 8.9946514761541021 16.848969521117397 95.112262916052714 7.9958563805557779 37.82213279476855 6.3804933244828126 7.2028042485471806 81.761516209342517 8.1671786028891784 10.366479491698557 4.3345521804876652 20.211452707648274 6.9180841711349848 2.1003751247189939 16.242805873742327 123.34423647075891 57.858385106548667 21.138183904695325 2.9610172903630874
leaf_count=468 172 86557 400 4588 159 390 2772 5645 9889 2731 380 153 850 8529 510 1433 79 160 2854 741 1252 86 416 465 57 215 13724 5500 3380 110
internal_value=-0.000250653 -0.00232666 -0.00329325 0.0033755 0.00423864 0.0114115 0.00194581 0.00315302 0.00363601 0.00473099 0.0164932 0.00430296 -0.00607805 0.00188081 0.00597496 0.00917606 -0.0048849 0.00192095 0.00596218 -0.00394373 0.00154978 -8.76781e-05 0.00491304 0.00858157 -0.00291248 0.0188496 -0.00445354 -0.00502556 -0.00148629 0.00698633
internal_weight=1594.75 1015.73 827.641 579.019 524.257 66.5081 148.743 457.748 436.452 339.916 42.2236 107.368 21.2963 188.092 61.5159 45.818 15.3751 24.2845 91.9929 41.3748 18.5337 126.576 31.4641 27.1295 15.6979 37.2136 678.898 555.553 78.9966 5.06139
internal_count=154665 129486 117412 25179 20591 1317 8251 19274 18265 8376 767 3486 1009 12074 2578 1943 232 550 3254 4765 1993 9496 967 881 635 595 109161 95437 8880 167
is_linear=0
shrinkage=0.025


Tree=14
num_leaves=31
num_cat=0
split_feature=32 12 31 32 37 4 14 23 3 4 39 37 37 9 38 3 4 23 9 38 4 27 27 39 11 27 24 24 24 4
split_gain=20.2498 15.1509 16.9576 6.44002 5.89878 5.87075 4.79875 5.85547 4.13401 3.34884 3.16498 8.4785 4.48649 3.09214 3.07579 2.69988 2.60728 2.89552 3.21398 2.50352 2.41178 2.3393 2.69332 2.26301 2.04984 2.011 1.97829 1.88006 2.61482 1.65002
threshold=0.80846584546472566 -0.22942323645092214 1.6762792690965849 0.98274000148953611 -1.0005460585827979 0.08576355797701031 84.122039680299579 0.032600781452970191 0.0031510114877516542 0.34593927739007441 1.4010028927381895 0.32410249632665827 0.12791853104853076 0.53260261597366254 0.94709661082457064 0.029501080435223041 -0.058425306039180107 -0.22742723505830167 -0.32459048273431573 0.53300112941059674 0.25610359883110351 118.81405000000001 112.01475000000001 -1.2479326639231909 0.082134919161744105 123.52655000000001 0.045926452869683672 0.01886120288509208 0.04113479426417644 -0.18690598913568232
decision_type=8 8 10 10 10 8 10 10 10 10 8 10 10 10 8 10 10 10 10 10 10 2 2 10 10 2 8 10 8 10
left_child=1 16 21 5 8 -2 7 9 -5 -7 12 -12 19 -13 27 -10 17 -1 25 -6 26 22 -3 -24 -14 -19 -8 -4 -29 -23
right_child=3 2 14 4 10 6 20 -9 15 -11 11 13 24 -15 -16 -17 -18 18 -20 -21 -22 29 23 -25 -26 -27 -28 28 -30 -31
leaf_value=-0.0031482006198746146 -0.0029054601484728628 -0.0072314639402222452 0.014834579640418198 0.020458114365052148 -0.014339021375305131 0.0023507929139061383 0.014289372471865725 -0.0047597553923967107 0.011991807640541771 0.0096735945076465556 0.020087146717582202 0.0050567284636390784 0.011661172069523393 -0.018178228602337088 -0.0015368059353582126 -0.008728239791299032 -0.012273880165941256 0.016089634571244339 0.0022282696057832601 6.675331054682211e-06 -0.0017686931166857702 -0.0029475666619364427 -0.0011940156655424821 -0.0053712430226850157 -0.0016266844068943409 0 0 -0.0053896644662891815 0.016193598721088834 -0.018031219051656285
leaf_weight=10.557113598799331 136.46379528613761 234.50155158585403 31.974555436288938 29.365722743328661 12.967218604637312 410.44368365814444 38.400476332986727 66.580773134948686 7.7001477563753706 43.233133480884135 18.886928330408413 6.2104920272249711 18.72019970742986 5.4084175429306924 12.94022518605925 5.5937634038273245 2.774019847624003 37.652889792225324 23.722849440411665 14.194056399632244 7.9571172503055996 8.8302902658469993 144.81209111877251 202.82153698545881 9.5790738336509076 4.6818077308125785 7.03363466518931 8.0485918663907778 4.2873947098851195 15.253761133644728
leaf_count=435 11293 45850 456 188 235 12158 806 9611 51 424 286 218 313 333 480 168 330 1088 1229 243 381 941 26509 34922 704 249 196 233 210 3714
internal_value=0 -0.00300077 -0.00424495 0.00266292 0.0078012 0.00171007 0.00282487 0.00206133 0.0153387 0.00308879 0.00381512 0.010119 7.44334e-05 -0.00586294 0.00858695 0.00275504 0.00721246 0.00819279 0.0101406 -0.00689466 0.0099187 -0.0054837 -0.00512511 -0.00366275 0.00702589 0.0142185 0.0121192 0.0116708 0.00232815 -0.0131999
internal_weight=1581.6 742.859 663.47 838.739 128.626 710.113 573.649 520.258 42.6596 453.677 85.9664 30.5058 55.4605 11.6189 57.2508 13.2939 79.3887 76.6147 66.0575 27.1613 53.3912 606.219 582.135 347.634 28.2993 42.3347 45.4341 44.3105 12.336 24.0841
internal_count=154254 116646 113315 37608 2739 34869 23576 22193 407 12582 2332 837 1495 551 1379 219 3331 3001 2566 478 1383 111936 107281 61431 1017 1337 1002 899 443 4655
is_linear=0
shrinkage=0.025


Tree=15
num_leaves=31
num_cat=0
split_feature=32 9 31 32 14 4 4 14 27 16 29 13 36 24 10 6 3 24 24 27 27 6 9 24 20 4 9 38 1 18
split_gain=18.445 16.3395 10.92 7.44636 6.36731 5.64985 5.55855 4.54434 3.82138 3.21578 3.02041 2.93479 3.04534 2.83733 2.75087 3.04132 2.6711 2.65211 4.51828 2.67539 2.85943 2.57139 2.49879 3.39515 2.84281 2.43489 2.19491 2.04897 1.90555 1.53951
threshold=0.80084301602529939 -0.30180265298752351 1.7431013050555524 0.97870072131742514 79.500894824312141 -0.1957636220457524 0.36719754178487513 61.072824722052815 112.84720000000002 1.384906182397122 0.33600626333118627 0.4197389518144547 0.041052239434808256 -0.12446035160637896 0.057549519311970949 0.02685686025812695 0.070851382197344895 0.0091400810683671691 -0.0012138561779715393 118.87420000000002 116.56150000000001 0.010548224538103447 0.70992672529609457 -0.0015238480823220877 0.023482933159981737 0.076593768791038644 0.5060301205100638 0.19201449275362323 -0.0018223430508198522 0.0037684818494217657
decision_type=8 10 10 10 8 10 10 10 2 8 10 2 10 10 10 8 10 10 10 2 2 10 10 8 10 8 8 10 10 8
left_child=1 5 17 4 6 7 10 13 26 -10 25 12 27 -1 15 -6 21 18 -3 20 -19 28 24 -24 -14 -2 -8 -5 -4 -23
right_child=3 2 16 11 14 -7 8 -9 9 -11 -12 -13 22 -15 -16 -17 -18 19 -20 -21 -22 29 23 -25 -26 -27 -28 -29 -30 -31
leaf_value=-0.00034415666649727271 -0.0037956245740311308 -0.0054032524208971868 0.0081305257202663496 0.0053216540601723266 -0.002026789140562387 -0.0079480729000798306 0.023757322164772471 -0.011821271425857547 -0.00247495778865762 0.021532230063855573 -0.0048747876612098727 -0.0055949761542208355 0.01092361708394173 0.014885862454634587 -0.00034917437014691995 0.0098842948409082181 -0.0088275634707821217 -0.0070939168381233854 0.0016674012049852445 -0.017405825780805642 0 0.01986468248573571 0.014567470075834749 -0.0053039780268193028 0 0.0011432484447222596 0.0040159340365815612 0.022858067436115029 -0.0049312762834584807 0.0027476904520646276
leaf_weight=7.7779423997271797 73.286078316275962 187.7302702232264 16.221980066038672 8.8118740995414573 14.126923870062454 10.332525354810057 11.119188542244954 3.8524760698201126 18.936112240655348 2.966886839130896 81.536450227722526 8.387425694614647 68.139369573327713 50.942238502670079 28.345212945248932 88.893682382185943 4.789491170551627 276.68360938946716 77.89731047663372 14.060965551063417 39.223372491076589 13.500687609892337 6.0194543967954814 19.769516458385628 17.973997395019978 375.76423317240551 7.172062428668144 13.864646974951027 9.9028086368925852 6.2021807713899788
leaf_count=406 6912 32067 150 67 519 1050 199 203 463 63 12837 496 1197 1193 1662 2208 618 55105 14376 2968 7143 185 151 555 607 10252 237 126 101 82
internal_value=-6.50253e-05 -0.00300998 -0.00428606 0.00243273 0.00135457 0.00808586 0.000194235 0.0109509 0.00902731 0.00140182 -0.000479666 0.00762052 0.00854156 0.0127769 0.00629221 0.00817447 0.00668485 -0.00524256 -0.00330345 -0.0067633 -0.00620188 0.00864943 0.00660583 0 0.00862626 0.000312587 0.0171253 0.0169676 0.00290574 0.0153024
internal_weight=1564.23 719.118 646.213 845.113 702.147 72.9052 570.781 62.5727 40.1943 21.903 530.587 142.966 134.579 58.7202 131.366 103.021 50.6171 595.596 265.628 329.968 315.907 45.8277 111.902 25.789 86.1134 449.05 18.2913 22.6765 26.1248 19.7029
internal_count=154198 115647 112795 38551 35352 2852 30963 1802 962 526 30001 3199 2703 1599 4389 2727 1136 111659 46443 65216 62248 518 2510 706 1804 17164 436 193 251 267
is_linear=0
shrinkage=0.025


Tree=16
num_leaves=31
num_cat=0
split_feature=33 9 22 21 13 11 4 27 4 3 19 14 16 27 39 18 11 39 39 35 27 24 35 35 21 36 24 27 24 20
split_gain=15.2393 9.36774 11.067 5.37474 4.45357 4.40851 4.60427 4.71255 3.25418 4.10318 3.89522 3.15234 3.14209 2.8089 4.2885 2.9692 3.67463 2.69164 2.40402 2.25528 1.88037 1.80057 1.75245 1.72252 1.80626 1.6509 3.14094 1.42978 2.15212 1.65471
threshold=1.6493751581776175 -0.32459048273431573 0.042631157294557583 -0.03978012988178619 -1.3353329844651514 0.13122639593438726 0.28999548484523258 112.16755000000002 -0.058425306039180107 -0.17486469982185301 0.31314706796610076 86.716922103704789 0.1093700509930223 114.64975000000003 -1.4105464587542682 -0.001576889506320623 0.10119243485287112 0.30504446212554009 -0.97000674919239649 -0.48145169948780281 112.01475000000001 0.082894945459941152 0.15356926047001254 -0.15407587679892421 0.0020305872044822375 0.080881963450163338 0.015078202802461972 118.81405000000001 -0.0013371485254227709 0.038156934223396062
decision_type=10 8 8 10 2 10 10 2 8 10 10 10 10 2 8 10 10 8 10 10 2 10 10 8 10 10 10 2 10 10
left_child=1 8 20 4 -2 6 11 -8 9 10 18 -4 25 14 -5 17 -17 -16 -1 -15 -3 22 -11 -21 -25 -6 -27 29 -29 -22
right_child=3 2 5 13 12 -7 7 -9 -10 21 -12 -13 -14 19 15 16 -18 -19 -20 23 27 -23 -24 24 -26 26 -28 28 -30 -31
leaf_value=-0.0059312173836686853 -0.0034269779844606665 -0.0062198614677934439 -0.00038751078190712334 -0.016136637400787756 0.024442405422704549 -0.0088585553601430358 0.014849208162338912 0.0012772881637181297 -0.013298741171050449 0.01620581229044106 -0.0092236799736532659 0.0076835041682878332 0.0026147363556495978 -0.0143009457000427 0.0081979805243653139 0.011113881229759214 -0.0022948760773901801 -0.0049444070365172602 0.016764676398615848 0.0088921291576833286 -0.0032909118530300855 0 0.00088152778549242241 -0.012561105373674775 0.00058562215039027418 -0.0010202031205882552 0.01860658532026056 0.0022420809807406432 -0.013818784678352925 0.0024870813491787158
leaf_weight=2.9296540329232803 8.4772764488589001 224.4814233725192 553.81165734108072 4.2396807093173265 18.42167850327678 29.848524902598001 26.667340497835539 41.346197065082379 3.2881882336223489 36.820826784009114 12.718566046096383 30.776662557851523 11.639991862233726 6.0161182717420152 15.252393270842729 72.605471940711141 13.932976250071077 22.49382658849936 8.0779322572052497 10.930538472486658 273.5433591871988 5.8202800173312417 6.6794245380442581 6.7231499617919317 31.888616843847558 6.9971109111793366 11.962110400432719 5.9680873170727891 16.158354418701492 32.526123450836167
leaf_count=106 92 39907 43996 136 164 3491 770 1438 490 708 335 1128 147 79 382 1559 1212 804 219 151 46982 230 214 109 1751 77 149 835 3136 3327
internal_value=-0.000191704 -0.00126042 -0.00179286 0.00555668 0.0122074 0.000327253 0.00077435 0.00687223 0.00715223 0.0083739 0 3.94679e-05 0.0150777 0.00337326 0.00539978 0.0063415 0.00886769 0.000262528 0.0101206 -0.00119766 -0.00441936 0.0124022 0.0141074 0.000546294 -0.00182474 0.018562 0.0113615 -0.0031469 -0.00927274 -0.00264516
internal_weight=1553.04 1311.46 1235.13 241.581 57.4982 682.45 652.602 68.0135 76.3349 73.0467 23.7262 584.588 49.0209 184.083 128.524 124.285 86.5384 37.7462 11.0076 55.5584 552.677 49.3205 43.5003 49.5423 38.6118 37.3809 18.9592 328.196 22.1264 306.069
internal_count=154124 147312 145010 6812 629 50823 47332 2208 2302 1812 660 45124 537 6183 4093 3957 2771 1186 325 2090 94187 1152 922 2011 1860 390 226 54280 3971 50309
is_linear=0
shrinkage=0.025


Tree=17
num_leaves=31
num_cat=0
split_feature=9 9 4 36 21 17 31 11 31 14 21 11 39 1 12 39 31 2 34 39 11 14 38 12 34 29 24 24 24 13
split_gain=15.8357 18.7024 10.4093 6.97201 5.67401 4.86679 4.30621 3.2825 3.25416 4.00406 3.57735 3.23992 3.51122 3.28066 3.07657 2.85498 3.60164 2.79749 3.14865 2.548 2.34899 2.30444 2.12591 1.82321 1.71984 1.70026 1.32191 2.12768 1.34614 1.27443
threshold=0.28607043134940818 -0.32459048273431573 0.086956531778226612 0.060860746097539477 -0.042155422443864936 -0.83423307538467595 -1.0942494764942126 0.13122639593438726 1.2924016727759629 81.028170025657488 -0.00056310053248592718 -0.1119511950261796 -1.0094911716556771 0.012946357406370958 0.18863111018606762 0.30504446212554009 0.95751834099956756 -0.091234686483385716 0.67087280736671728 1.4010028927381895 -0.00062277763402557296 82.155759998448886 0.21624515307598821 0.23856575632587776 0.17273605838403802 0.2802856746652328 0.017122757766654843 -0.0012138561779715393 0.0016199727602838057 -0.51703513192555695
decision_type=10 8 8 10 10 8 10 10 8 10 8 10 8 8 10 8 10 10 10 10 10 10 8 8 8 8 8 10 10 2
left_child=1 6 26 4 14 -6 11 8 9 -4 -10 12 -1 -14 22 16 -7 -5 19 20 -19 -20 -2 -23 -8 -13 27 -3 -29 -16
right_child=3 2 7 17 5 15 24 -9 10 -11 -12 25 13 -15 29 -17 -18 18 21 -21 -22 23 -24 -25 -26 -27 -28 28 -30 -31
leaf_value=-0.0074387281830988854 -0.012856658401747862 -0.0054095046202276521 -0.0019432579887944644 -0.010235053896541162 -0.01901114238509459 -0.0037392511362924104 0.0091562415368444342 -0.010420238549860681 0.0084661981439544363 0.0057509384908169424 0.00041413609078705784 0.022298342349556646 0.015401332614242086 -0.0021823692546556728 0.0098749555326376956 -0.0046551218617086497 0.022086669098740862 0.0097406511119778137 -0.0035722308163710585 0.014770388060890843 0.0028933681744720374 -0.0028903369123136737 0.011353716050639064 0.0077578066916285651 -0.0069964058603911115 0.001635356504284645 -0.0064366063962246192 0.0052987708400807319 -0.0021581346867915879 0.025359043187616011
leaf_weight=6.6117408752907068 2.3625721845310172 187.84028975677211 278.34577303321566 8.6304261804325488 4.1801485086325556 3.9114139731973401 4.908236913615835 16.275303433532827 57.896096438867971 48.34774915908929 88.206207323120907 22.327263273997232 24.119997012894601 7.6627633646130588 8.8031124384142476 6.4269837616011563 9.012878589332102 36.914215715834871 62.904515521135181 13.720339781837536 240.51671606348827 13.697190169710664 4.7206400835420936 26.522396392421797 10.809937436482869 3.9022628671955344 212.55085644754581 16.025356576312333 106.90766026335768 20.414441070519388
leaf_count=256 74 31521 30975 239 96 147 305 2365 978 2449 3877 371 457 145 110 159 138 1146 8286 275 5354 295 141 1010 615 152 40272 2812 18988 204
internal_value=0.000156908 -0.00147965 -0.00241074 0.00403157 0.0119525 0.00186679 0.010024 0.000197779 0.000604567 -0.000764832 0.00369883 0.0128445 0.00751393 0.0110094 0.0180215 0.00758839 0.0140861 0.00280473 0.00313932 0.00446727 0.00386939 -0.000546269 0.00168033 0.00397172 -0.0012175 0.0197037 -0.0048577 -0.00373318 -0.00108382 0.021514
internal_weight=1555.48 1092.74 1012.4 462.738 59.8322 23.5314 80.3422 489.071 472.796 326.694 146.102 64.624 38.3945 31.7828 36.3008 19.3513 12.9243 402.906 394.275 291.151 277.431 103.124 7.08321 40.2196 15.7182 26.2295 523.324 310.773 122.933 29.2176
internal_count=154212 136538 134237 17674 1069 540 2301 40644 38279 33424 4855 1381 858 602 529 444 285 16605 16366 6775 6500 9591 215 1305 920 523 93593 53321 21800 314
is_linear=0
shrinkage=0.025


Tree=18
num_leaves=31
num_cat=0
split_feature=32 9 22 21 13 10 14 3 25 13 19 24 24 3 22 3 21 25 0 26 28 32 17 0 26 32 24 24 33 20
split_gain=20.3696 12.8064 11.1653 5.95692 4.19997 3.24513 3.51878 3.66003 2.99155 2.93006 2.99483 2.88314 4.45337 2.70824 4.21037 3.86512 3.08286 2.70744 2.6373 2.57498 2.35603 4.05552 1.69095 1.58123 2.04943 1.55252 2.1219 4.04694 1.36416 1.30167
threshold=0.94397445986550299 -0.32459048273431573 0.057103360511361008 -0.042155422443864936 -1.3353329844651514 0.066442721910092498 80.000005643703958 0.065714269371724324 0.0025698974797186348 0.22782715884466917 0.17117085389781281 0.012220325965190295 -0.0011053696177609205 -0.11450581756716648 -0.13739654173351964 -0.13121095802794722 0.0092093297135076319 -0.00049842588087344411 0.031521760895491309 0.71368354613330653 0.31590186051175478 0.98274000148953611 -0.38670195925117606 0.01907953294838927 -0.7240766057015543 0.80846584546472566 0.0091400810683671691 -0.0012138561779715393 2.2046455762204746 -0.045506934988417951
decision_type=10 8 8 10 2 10 8 10 10 2 10 10 8 10 10 10 10 10 10 8 10 10 10 10 8 10 10 10 10 10
left_child=1 13 25 4 -2 6 7 -4 -8 10 19 12 -6 15 16 23 -15 -13 -18 -5 22 -22 -12 24 -1 26 27 -3 -21 -25
right_child=3 2 5 9 11 -7 8 -9 -10 -11 20 17 -14 14 -16 -17 18 -19 -20 28 21 -23 -24 29 -26 -27 -28 -29 -30 -31
leaf_value=-0.0029697223557415531 -0.0035632169029866435 -0.0053623523875971782 0.00072862147307187956 -0.0099151069061414535 0.014539487790689039 -0.007424282768286836 -0.00021771263292044729 -0.0063564749628417447 0.0087769900961725596 -0.0034453063918130212 -0.0070849887575950973 0.02345295602559368 -0.0072539103460400219 0.017528510745478423 -0.0084177046883376055 -0.014217702274116763 -0.0064480535733641335 0.0055355123746644386 0.01777034453404043 -0.0022105443355357572 0.0037563697804859175 0.012564280708512452 0.0057392229353113375 -0.013096928539336937 0.011814193261138441 -0.001377345864654129 -0.0065668765992568413 0.0019889132565373089 0.011661795726671073 0.0048344552867187439
leaf_weight=6.1909104392398149 7.6458751470781854 151.64647024753504 410.3934011508245 13.310501046478747 15.193752581952138 30.062698280322365 35.723828033893369 50.024887963198125 56.69445140089374 27.006192184984684 12.132581252837555 26.609440533909947 7.6862980430014458 34.207995106000453 4.6711185700260094 5.8065181898418805 7.2803484442410973 9.0900226042140257 2.9390239283675328 7.2333901163656282 81.957381833344698 59.242460756446235 10.940586431883274 3.4539355130400509 23.184419926255945 91.735859846696258 270.9212843348505 64.915821388131008 7.1784775659907609 3.797203659079968
leaf_count=201 104 27494 25807 385 171 4373 1716 8473 1858 1849 155 249 78 605 450 105 227 109 83 293 3040 1450 154 99 481 6727 54955 12089 170 66
internal_value=4.25702e-05 -0.00132566 -0.00204228 0.00606286 0.0126295 0.000389117 0.000842699 -3.94567e-05 0.0052618 0.00398506 0.00508395 0.0148976 0.00691013 0.00760067 0.0115828 0.00262928 0.0140161 0.0194223 0.000995689 -0.00224074 0.00637265 0.00757926 -0.000712048 0.00586467 0.00845889 -0.0044978 -0.00506484 -0.00312551 0.00458406 -0.00346622
internal_weight=1538.88 1253.65 1162.12 285.227 66.2254 582.899 552.837 460.418 92.4183 219.002 191.995 58.5795 22.8801 91.5315 49.0985 42.433 44.4274 35.6995 10.2194 27.7224 164.273 141.2 23.0732 36.6265 29.3753 579.219 487.484 216.562 14.4119 7.25114
internal_count=154016 145809 143492 8207 711 42227 37854 34280 3574 7496 5647 607 249 2317 1365 952 915 358 310 848 4799 4490 309 847 682 101265 94538 39583 463 165
is_linear=0
shrinkage=0.025


Tree=19
num_leaves=31
num_cat=0
split_feature=33 9 22 29 38 11 4 13 14 21 4 39 3 16 16 16 27 31 37 2 27 15 9 21 27 24 27 29 24 24
split_gain=19.9456 15.4844 12.1909 5.69843 5.21649 3.65895 3.52021 3.3479 3.91489 2.97575 3.10289 2.96682 2.90439 2.88055 2.93219 2.62576 2.34729 2.4874 2.25603 2.25057 1.57036 1.66814 1.56009 1.47583 1.32853 1.47848 1.28516 1.2553 1.20375 1.1868
threshold=1.7889566112783 -0.32459048273431573 0.047002069501081441 0.1875416678555544 0.096896514821817159 0.051968387427303815 0.076593768791038644 -0.092490261369277765 20.394348969389586 0.076790410921414823 0.28999548484523258 1.3284947644251779 -0.0038155535618429877 0.096939759586168087 1.3136646825266121 -0.076735250586740147 109.91080000000001 -1.0942494764942126 1.1984693497839405 0.0097592124658927321 118.87420000000002 -1.1912492771586962 -0.25424008393302394 -0.045523838847701663 113.00535000000001 0.0066306714992654401 118.19035000000001 -0.92761746209658802 -0.0076121574876612521 0.020275705732452191
decision_type=10 8 8 10 10 10 8 2 10 10 10 10 10 10 10 8 2 10 10 8 2 10 8 10 2 8 2 10 8 8
left_child=1 7 20 4 5 12 -4 8 -1 10 -8 13 28 23 -15 -7 -9 19 -11 -18 22 -22 -3 -6 -5 -26 -24 -19 -2 -27
right_child=3 2 6 24 11 15 9 16 -10 18 -12 -13 -14 14 -16 -17 17 27 -20 -21 21 -23 26 -25 25 29 -28 -29 -30 -31
leaf_value=0.013066682775315945 0.0085530404853294082 0.0029708928699276995 -0.0069369441448441059 0.0033037915403201766 0.017933583916404237 -0.013062778819825838 0.00050914577441458521 -0.0029578931982449735 -0.0058871002586576857 -0.0080158651997716459 0.0058267789338228388 0.025481518595112541 0.016954041677002814 -0.0018050938048274627 0.013560294454382758 0.0038028055913840557 0.0095006109921778568 0.011441313924890811 0.0011217847185052048 0.021663958641134524 0.00070491195609910658 -0.015579151324825603 -0.0048972642748532809 0.0094310603400258805 -0.011196994866490853 0.0096958798855342875 0.0061171066985198641 -0.0061268064244891706 -0.0031641585230189223 -0.0036876355133239193
leaf_weight=9.5159404966980237 7.6385109766852111 14.90609379368834 39.038991358364001 35.945703127188608 30.093449490843341 11.430026861838995 490.51754068210721 4.9846491930074981 17.210079076467082 39.314841794315726 79.498908425099216 9.7408134285360557 11.685357183218001 20.062675587600101 10.62353209289722 8.8823717641644198 28.615917917108167 2.8487589994911104 26.297285700333305 21.378702868591059 3.9295665040845078 14.990416047628967 498.15332453150768 43.051521977875382 9.5522470637224597 4.9098545999731886 5.1359648522920898 5.581516982172614 12.356842854991561 11.250970217050055
leaf_count=191 79 1578 6818 2149 227 118 32113 109 664 5389 2227 84 123 206 114 86 486 109 2893 365 621 3163 90343 450 683 295 959 363 130 957
internal_value=-5.87904e-05 -0.00125808 -0.00200947 0.0067504 0.00915238 0.00234085 0.000218267 0.00865527 0.00086442 0.000681746 0.0012746 0.0121483 0.00763849 0.0105492 0.00358931 -0.00553829 0.0117459 0.0131604 -0.00428688 0.0152343 -0.0048159 -0.011984 -0.00451267 0.0132631 0.000129729 -0.00397826 -0.00475572 0 0.00118895 0.00033557
internal_weight=1529.14 1301.92 1211.78 227.224 165.565 51.9931 674.668 90.1356 26.726 635.629 570.016 113.572 31.6807 103.831 30.6862 20.3124 63.4095 58.4249 65.6121 49.9946 537.115 18.92 518.195 73.145 61.6588 25.7131 503.289 8.43028 19.9954 16.1608
internal_count=154092 148391 146104 5701 1617 536 49440 2287 855 42622 34340 1081 332 997 320 204 1432 1323 8282 851 96664 3784 92880 677 4084 1935 91302 472 209 1252
is_linear=0
shrinkage=0.025


Tree=20
num_leaves=31
num_cat=0
split_feature=32 9 30 29 13 25 11 28 21 18 28 26 14 13 14 21 32 27 27 27 2 2 33 17 30 33 21 2 4 5
split_gain=19.1199 12.9913 11.1463 5.97875 3.64174 3.54295 3.2085 3.13067 3.48613 3.27466 2.93824 3.39808 2.92149 3.4215 2.82104 3.40527 2.67782 2.93722 2.65826 2.19997 2.12334 1.70303 1.54899 1.43373 1.36506 1.34907 2.10038 1.29044 1.26598 1.36621
threshold=0.93262013729977122 -0.32459048273431573 0.82006229090193472 0.32668127854781409 -1.3353329844651514 0.0025698974797186348 0.13122639593438726 0.13688578292203543 0.013464380138358103 0.016519973829942008 0.63455615226662465 -0.2845467484975957 82.761811038885881 0.23355452930398565 79.500894824312141 -0.056197555271567605 0.80846584546472566 118.87420000000002 111.40005000000001 112.11640000000001 0.04436976891991385 0.055120137594332992 2.2046455762204746 -0.06534687116960293 0.80809157674829335 2.5562100564209849 0.040982490348390195 -0.16581079480172381 0.06015879961168525 0.013247268506927258
decision_type=10 8 8 10 2 10 10 10 10 10 10 10 8 2 10 8 10 2 2 2 10 8 10 10 10 10 10 10 10 10
left_child=1 5 16 4 -2 10 14 22 9 -9 11 21 25 23 15 -4 17 19 -13 -3 -16 -1 -6 -14 -10 -5 -27 -19 -18 -30
right_child=3 2 6 12 7 -7 -8 8 24 -11 -12 18 13 -15 20 -17 28 27 -20 -21 -22 -23 -24 -25 -26 26 -28 -29 29 -31
leaf_value=-0.0017260565692839497 -0.0048363934695374936 -0.0066682754531952135 0.0081639609054833771 -0.0075914421948295539 0.0066992048924839759 0.020147937793538736 -0.009088883990639075 0.0053082523642158652 0.0026839097351814742 -0.011023581535126338 -0.010256424621368679 -0.0021678394170964958 0.0039321199653527253 -0.0045196366208379276 0.011056715764375967 -0.0003659503954636348 -0.0059239280975234045 0.0025546665304344868 0.01383885451595112 -0.003262541122078778 0.0013351495801808295 0.012291270738085861 0.017760271333457655 0.021451154974900657 0.015874897387536471 0.011389852587694815 -0.0049431793208743252 -0.016783449393663961 0.0018224927050568057 -0.0034576375875737643
leaf_weight=29.9090161358472 13.863636510679497 223.43005267472472 31.14224828465376 31.136775208753534 17.915481113828719 10.940001588780431 17.798232705332339 155.39637345517986 8.3109566895291191 6.6893385194707653 5.7080251459265119 6.5532716163434079 7.8874777869787067 10.084519916679708 29.284821464447305 295.08410884835757 29.373827583505772 1.3749190219678009 35.913013247889467 291.1716942578787 30.427402084460482 5.29511605110019 26.843649563379586 6.4822129255626368 27.939693273045123 6.2965787092689451 12.86400882352609 17.109064085874707 77.059076748322695 48.824260788271204
leaf_count=780 232 46281 968 4155 298 251 2382 2166 183 79 331 120 166 503 656 19440 4074 226 746 56388 1275 96 167 139 396 173 1294 4057 3461 2591
internal_value=-0.000121408 -0.00161042 -0.00238659 0.00516827 0.00697503 0.0072151 0.00089454 0.00769978 0.00621391 0.00451224 0.00516774 0.00653516 -0.00095581 0.00582842 0.00140106 0.000452363 -0.00432016 -0.00516574 0.0112053 -0.00476786 0.00634995 0.000511956 0.0137866 0.0133609 0.0132338 -0.00445884 0.000410794 -0.0148959 -0.00135153 -0.000179718
internal_weight=1518.11 1186.4 1092.08 331.711 256.959 94.3184 403.737 243.095 198.336 162.086 83.3784 77.6704 74.7516 24.4542 385.939 326.226 688.343 533.086 42.4663 514.602 59.7122 35.2041 44.7591 14.3697 36.2506 50.2974 19.1606 18.484 155.257 125.883
internal_count=154074 144123 141799 9951 3521 2324 24721 3289 2824 2245 2073 1742 6430 808 22339 20408 117078 106952 866 102669 1931 876 465 305 579 5622 1467 4283 10126 6052
is_linear=0
shrinkage=0.025


Tree=21
num_leaves=31
num_cat=0
split_feature=33 9 30 28 14 13 10 3 3 8 27 27 38 24 24 3 14 2 12 27 27 19 21 10 39 27 14 30 17 17
split_gain=17.9531 14.29 10.8341 4.34311 3.88881 3.49975 3.14965 2.86651 2.92592 2.79134 2.71801 3.59837 2.95227 2.65592 5.38333 2.60639 3.12153 2.38459 1.63865 2.17127 1.74432 1.59541 1.29024 1.14218 1.07824 1.01355 0.998397 0.984312 1.13479 0.922554
threshold=1.7889566112783 -0.32459048273431573 0.71797652817175606 0.68685814301680692 64.675698910621549 -0.25443661940898132 0.051164896531226696 0.04323753836414191 -0.073375322009944385 0.076593768791038644 114.94295000000001 116.04225000000001 0.57266839865958818 0.0076816179409272553 0.00076209512082248143 0.11325864101769124 80.000005643703958 -0.0083679923264270411 0.16657097389988976 118.87420000000002 112.11640000000001 0.19608583780872743 -0.051090149080320994 -0.13725831676756892 -0.17824936484424561 113.39195000000002 81.580951446104748 0.58787244833269947 -0.77326517931781524 1.2577620415676243
decision_type=10 8 8 10 10 2 10 10 10 8 2 2 8 10 10 10 10 10 10 2 2 10 8 10 8 2 10 10 10 10
left_child=1 4 18 6 5 21 10 8 -7 -4 13 12 -12 14 -2 16 -11 -15 19 20 -3 29 -13 -21 -23 26 -5 -20 -29 -1
right_child=3 2 9 25 -6 7 -8 -9 -10 15 11 22 -14 17 -16 -17 -18 -19 27 23 -22 24 -24 -25 -26 -27 -28 28 -30 -31
leaf_value=-0.00032555081651308758 0.010310238496475903 -0.0062754025490169788 -0.0072367832785417089 -0.0012295946480344114 -0.013671782553657958 0.0079495168889627023 -0.0060883684376098202 -0.0024769421970340885 0.019439617968165339 0.00049496789529268907 -0.012783596137939425 0.01660018597916171 0.0044532244618693331 0.020048276922572834 -0.0074060982283463556 -0.005151535151472984 0.0060990053361626535 0.0096954763117922532 -0.0042690361321465371 0.0015671503334890608 -0.003125652344376376 -0.013637226796739919 0.0047364583588570307 -0.015513214096387321 0.00068041937858897401 -0.006412501630210659 0.0088252539331960724 -0.0051596156661274884 0.0037967565944955783 0.015021750240481935
leaf_weight=3.2742554603610214 42.379647077526897 208.95406382507645 27.178702542558312 17.985940706450496 3.5632911199936634 38.283554257359356 8.1206156681291741 6.9040014694910488 28.26922240969725 475.08617758518085 10.687291049165653 9.2761676751542819 11.223129746038465 26.915706970728934 12.755626441910861 41.352195971179754 71.103578096721321 47.964869006536901 29.313295032596216 1.7091062037507097 273.94971041905228 5.3824245121795684 22.670687774661932 15.98544727952685 4.525818955851717 13.388409246224908 7.4135893650818607 10.162894603912717 33.965741622145288 3.3542861929163337
leaf_count=131 413 42019 4986 1822 189 726 118 327 502 29590 134 76 129 238 117 5661 2137 444 3344 245 51630 212 279 3738 113 1596 313 678 2271 102
internal_value=1.52572e-06 -0.00115032 -0.00189846 0.00640683 0.00818027 0.00929626 0.00794482 0.0116088 0.0131987 0.000397205 0.00864057 0.00359316 -0.00385711 0.0106223 0.00600796 0.00077711 0.00124998 0.0137729 -0.00436555 -0.00487918 -0.00451623 -0.000643482 0.00888376 -0.0134717 -0.00705513 -0.00102836 0.00168898 -0.000741872 0.00148665 0.00759487
internal_weight=1513.1 1282.32 1188.76 230.782 93.5569 89.9936 191.994 73.4568 66.5528 614.721 183.873 53.8573 21.9104 130.016 55.1353 587.542 546.19 74.8806 574.04 500.598 482.904 16.5368 31.9469 17.6946 9.90824 38.7879 25.3995 73.4419 44.1286 6.62854
internal_count=154280 148601 146299 5679 2302 2113 1948 1555 1228 42374 1830 618 263 1212 530 37388 31727 682 103925 97632 93649 558 355 3983 325 3731 2135 6293 2949 233
is_linear=0
shrinkage=0.025


Tree=22
num_leaves=31
num_cat=0
split_feature=33 9 30 11 17 8 27 36 32 18 0 24 10 36 38 20 27 3 8 11 13 10 1 27 29 18 8 24 29 1
split_gain=13.3919 15.404 10.7411 4.60862 3.26227 3.13284 3.36624 3.06311 2.92686 2.90321 2.49835 2.31101 2.26238 2.92547 2.36822 2.23663 2.12946 1.8094 2.09685 3.82005 2.54913 1.75227 1.67548 1.53152 1.46143 1.34076 1.30341 1.28582 0.946034 0.790803
threshold=1.7889566112783 -0.32459048273431573 0.81210179594818233 -0.0044869866081059797 0.11605541809351617 -0.065904585637425281 123.69855000000001 0.025130917607431389 0.80084301602529939 0.00011657816025070716 0.037818052022387756 0.0093529945004973154 -0.040053472244812142 0.060860746097539477 0.92368773117179515 0.0074858174394790708 118.87420000000002 0.11583693086214177 0.27168638439641274 -0.0130428853533035 -0.56034438811407827 -0.11749037957456042 0.013824653861327587 112.11640000000001 0.11297917274331074 0.0064944272243805407 0.076593768791038644 0.025030782174737202 -1.0964677469623638 0.005060506550806588
decision_type=10 8 8 10 10 8 2 10 10 10 8 10 10 10 10 10 2 10 10 10 2 10 10 2 10 10 10 10 10 10
left_child=1 5 8 4 15 6 7 11 16 -6 12 -1 -5 27 -15 -2 23 18 20 -20 -4 -18 26 -3 -9 -24 -10 -14 -8 -12
right_child=3 2 17 10 9 -7 28 24 22 -11 29 -13 13 14 -16 -17 21 -19 19 -21 -22 -23 25 -25 -26 -27 -28 -29 -30 -31
leaf_value=-0.0037216727508402499 0.020293902289347798 -0.0062272658144405385 -0.0068301747701531483 -0.0073542793405728711 0.011850726819582597 -0.011011787562530082 -0.017433354557710341 0.014470874609437558 -0.0036205514710578555 -0.0094767246359655204 -0.020450010604311869 0.011793169780124433 0.0060946030871552878 0.0020692781621271194 0.012211135770595108 0.0044332551858493495 0.0031295181976373695 -0.0047220665943074995 0.022710326415004155 0.0030951621873110619 0.0010677234802782879 -0.01651771147509043 -0.0060456140552381148 -0.0032933164690325473 0.0016724396612227918 0.0035158415071044899 0.002195911500698971 0.019726071642373097 0.00024469618816922443 -0.0014204834807721766
leaf_weight=14.391337011242287 24.300645879469812 214.63973913097288 26.381654902244918 8.7660205818247032 6.8869215154554677 3.7045608218759289 2.2996277015190572 58.40593715175055 31.658781643258408 6.5311277043074369 1.9168508464936156 8.2764965207315964 13.500597135629507 131.89700774976518 15.689007330453022 9.8395105882082117 2.2786969312001046 31.61749526206404 5.793133968487381 82.808364551397972 326.20098216377664 15.202589609194545 52.578696360811591 279.96749396028463 8.0182971789035928 9.1709298049099726 85.62979175359942 9.875777561683206 2.3637675717473021 4.570273085962981
leaf_count=232 225 45656 1465 97 96 519 61 915 4031 93 34 126 154 4009 487 86 331 4490 56 2454 19879 3878 3845 55734 282 865 3355 123 142 255
internal_value=-0.000161022 -0.00118563 -0.00199293 0.00531342 0.0122342 0.00828657 0.00925761 0.0104018 -0.00397871 0.00103093 0.00343886 0.001937 0.00404266 0.00471778 0.0032876 0.0162407 -0.00494383 0.000896739 0.00132808 0.00474754 0.000434409 -0.0135187 -0.00116212 -0.00459365 0.0130939 -0.00446647 0.000541855 0.0128406 -0.00897743 -0.0103337
internal_weight=1495.16 1261.39 1163.93 233.774 47.5582 97.46 93.7555 89.0921 691.127 13.418 186.216 22.6678 179.728 170.962 147.586 34.1402 512.089 472.802 441.184 88.6015 352.583 17.4813 179.038 494.607 66.4242 61.7496 117.289 23.3764 4.6634 6.48712
internal_count=153975 148316 146039 5659 500 2277 1758 1555 117695 189 5159 358 4870 4773 4496 311 105599 28344 23854 2510 21344 4209 12096 101390 1197 4710 7386 277 203 289
is_linear=0
shrinkage=0.025


Tree=23
num_leaves=31
num_cat=0
split_feature=33 12 8 13 38 36 27 30 32 30 3 26 19 3 3 27 14 6 29 6 30 32 27 38 39 27 33 32 27 30
split_gain=17.9291 14.6876 9.75909 5.05187 3.69937 3.40419 3.35922 3.84421 3.32194 6.02204 4.56274 2.96783 2.93135 2.59368 2.37361 2.17608 2.0783 3.00633 2.56901 1.96306 2.08669 2.42574 1.2711 1.26062 1.22584 1.13928 1.08009 1.05018 1.03729 1.58669
threshold=1.7141006135769687 -0.22942323645092214 0.076593768791038644 0.4197389518144547 0.084915675199294965 0.080881963450163338 111.89575000000002 0.10471182365432881 0.77344493352896715 0.94397445986550299 -0.036725120054906683 0.45169090227045217 0.91428508369337835 -0.028573841520305784 -0.11450581756716648 118.87420000000002 81.580951446104748 0.04436976891991385 0.32668127854781409 -0.091234686483385716 0.98569967864446406 0.98274000148953611 117.26100000000001 0.47753473052301648 0.04565126742107771 118.81405000000001 2.8239934126625053 0.98578678738105852 115.48750000000001 0.0085745007398149112
decision_type=10 8 8 2 10 10 2 10 8 10 10 10 10 10 10 2 10 10 8 10 10 10 2 10 8 2 10 10 2 10
left_child=1 4 15 5 28 11 14 12 9 25 -11 13 -8 -2 -6 22 18 -18 -10 -7 21 -21 -3 -9 -5 -4 -22 -15 29 -1
right_child=3 2 8 24 6 19 7 23 16 10 -12 -13 -14 27 -16 -17 17 -19 -20 20 26 -23 -24 -25 -26 -27 -28 -29 -30 -31
leaf_value=0.01117175691842234 0.020287915961726327 -0.0046853357610101365 -0.004850831486385692 -0.016049846549551713 -0.010857848319173554 -0.0071559089442585965 0.015929013076809873 0.0063550865657941149 0.0013097930581383722 0.017304443156089529 4.5836129583632459e-05 0.0001942095247653024 -0.0020308323513740507 0.00051362242241166124 0.0071607490834138593 -0.01445492327035585 0.009250173483984778 -5.0592962077204828e-05 -0.0037012304471171018 0.0037708398542468814 0.0043609486702487635 0.010350192906333853 0.00096632056028982398 -0.0068680950065804561 -0.00037584103583148315 -0.015915333015082005 -0.0053487707999062516 0.01261760331296204 -0.010754792423287465 -0.0082169305792086627
leaf_weight=4.3014446340966952 27.020969320088625 408.95471495180391 133.05409444705583 5.3337912536226195 6.9820751261431715 6.1039808413479468 57.780265412293375 8.8496422214666364 338.99737739714328 11.605259011266751 41.509314908180386 11.276434721890835 5.1986346372868857 10.328547175275164 8.9981391362380219 13.573018042312468 42.365406987722963 40.140705381520092 77.224728140397929 82.343358089914545 12.354770578676836 70.941480214707553 23.771964434301481 6.8991902315756297 8.0836628129472938 5.9376376381842411 13.585580514278261 9.4202889399602991 5.9788101386511698 3.6431281680706888
leaf_count=102 183 81855 27398 274 179 123 1121 581 11797 130 1658 121 119 154 228 3425 529 1545 10622 2386 503 1228 4279 497 637 1424 507 109 301 162
internal_value=0.00024152 -0.000994668 -0.00184147 0.00624437 0.00772447 0.0070913 0.00950317 0.011601 1.07218e-05 -0.0027614 0.00425384 0.0124462 0.0143194 0.0151651 -0.000483895 -0.0047176 0.00109759 0.00469973 0.000354126 0.00530462 0.00581534 0.00692111 -0.00435576 4.36808e-05 -0.00792583 -0.00550918 -0.000459575 0.00703733 -0.00367256 0.00154902
internal_weight=1502.56 1245.77 1137.13 256.793 108.631 243.375 94.7079 78.7277 690.835 192.106 53.1146 58.0462 62.9789 46.7698 15.9802 446.3 498.728 82.5061 416.222 185.329 179.225 153.285 432.727 15.7488 13.4175 138.992 25.9404 19.7488 13.9234 7.94457
internal_count=154177 147952 144662 6225 3290 5314 2725 2318 55103 30610 1788 567 1240 446 407 89559 24493 2074 22419 4747 4624 3614 86134 1078 911 28822 1010 263 565 264
is_linear=0
shrinkage=0.025


Tree=24
num_leaves=31
num_cat=0
split_feature=33 22 12 36 17 31 33 4 22 2 37 24 4 29 1 26 24 22 26 12 24 10 12 33 2 16 26 9 24 24
split_gain=15.6247 11.7176 6.58012 3.80611 5.18069 3.2572 4.35744 3.29666 2.8744 2.7972 3.72973 3.17556 2.58579 2.47956 2.97388 2.45928 2.42367 2.54962 4.05757 2.68575 2.43619 2.90438 2.75541 2.40382 2.27936 2.27392 2.23547 2.13876 1.23949 1.05489
threshold=1.7141006135769687 -0.24907056864409285 0.1392159825793621 0.041052239434808256 0.1052897655393755 1.7431013050555524 0.46770274978421295 -0.18690598913568232 0.042631157294557583 0.012966218687914923 -2.4096106664773562 0.081030230537369921 -0.035323792582459317 -0.016240100251677245 -0.017412237697498386 0.37551131005225319 0.0093529945004973154 0.19423770664908449 -0.15155102221692426 0.36935549277000307 -0.0013371485254227709 -0.010325360519761793 0.23856575632587776 -1.4113891081602772 0.016738821763269022 -0.59323739656526142 -0.88165296436045859 -0.28372556486100187 0.015670882025268121 0.0091400810683671691
decision_type=10 8 8 10 8 10 10 10 8 10 10 10 10 10 8 10 10 10 10 8 10 8 10 10 10 10 10 8 10 10
left_child=1 9 5 4 25 7 15 23 29 11 -11 26 -5 24 -15 -7 20 19 -19 -18 22 -22 -14 -3 -10 -2 -1 -28 -9 -4
right_child=3 2 8 12 -6 6 -8 28 13 10 -12 -13 16 14 -16 -17 17 18 -20 -21 21 -23 -24 -25 -26 -27 27 -29 -30 -31
leaf_value=-0.0033770529244303276 0.0082046733300184856 0.0061478366759974727 0 0.019142517129050102 -0.0031422205109451966 0.00031764025961264524 -0.013003729302023507 -0.0035470236323762077 0.001055503499728939 -0.0046912798055879692 0.020263237384724919 -0.015986791809224962 -0.0028957465736933058 -0.008434093201374674 0.00013634612058519019 0.016338288590959347 0.0054542727137035368 -0.0056941794888308982 0.0081400098470606874 0.016431160449572445 -0.018071640714529311 0 0.0076738185899605325 -0.00453512668370096 0.0068256325086314788 0.024426464140205245 0.011362699597353691 -0.0052043966914966282 -0.0062005727981630059 -0.0058227052594793122
leaf_weight=9.5723176499595848 13.246454694774 30.82693274365738 30.550723023130558 6.1053713196888557 8.5368943547364307 12.828147111926233 6.0366118957754216 269.30421355110593 140.40923716104589 3.5743159214034703 18.326416810159571 2.9350690324790767 24.986566204577684 26.655445266747847 260.28182387968991 12.045609705382956 57.391452148556709 24.814463402610272 25.44359699357301 20.268162208027206 7.2118721941951662 18.830296990927312 34.453616763697937 20.58119148935657 63.462069451692514 15.616458338219674 34.359617833397351 4.265637890668585 228.04885075479979 61.709418141632341
leaf_count=529 118 840 5011 102 99 315 233 50804 5130 82 526 93 686 2202 19152 222 1241 836 931 466 93 664 923 3001 2164 122 572 590 46539 9914
internal_value=-3.7622e-05 -0.00121001 -0.00182839 0.00555217 0.0129197 -0.0037118 0.00394775 -0.00416455 3.49825e-05 0.00840449 0.0158337 0.00478903 0.00419947 0.000811053 -0.000665597 0.00875848 0.00363235 0.00579757 0.00119025 0.00862064 0.000270329 -0.00584891 0.00313768 0.00172247 0.00291766 0.0178557 0.00656367 0.00924308 -0.00479078 -0.00397074
internal_weight=1492.68 1235.77 1162.74 256.905 37.3998 579.672 30.9104 548.761 583.069 73.0334 21.9007 51.1326 219.505 490.809 286.937 24.8738 213.4 127.918 50.2581 77.6596 85.4824 26.0422 59.4402 51.4081 203.871 28.8629 48.1976 38.6253 497.353 92.2601
internal_count=154200 147919 145527 6281 339 101954 770 101184 43573 2392 608 1784 5942 28648 21354 537 5840 3474 1767 1707 2366 757 1609 3841 7294 240 1691 1162 97343 14925
is_linear=0
shrinkage=0.025


end of trees

feature_importances:
usd_index_pit=57
spy_return_20d=43
return_60d=40
rsi_14=38
cs_rank_momentum_120d=35
return_20d=30
price_to_sma_200d=30
momentum_120d=28
return_10d=27
price_to_sma_50d=23
cs_z_momentum_60d=23
excess_return_20d_vs_spy=22
excess_return_5d_vs_spy=19
cs_rank_gap_down_absorption_20d=19
cs_z_gap_down_absorption_20d=17
price_to_sma_20d=16
cs_z_momentum_20d=16
cs_rank_momentum_60d=16
volume_zscore_20d=15
excess_return_60d_vs_spy=15
gap_down_absorption_20d=15
cs_z_momentum_120d=15
return_5d=14
macd_hist=14
volume_zscore_60d=14
close_open_gap=14
relative_momentum_20d_vs_spy=14
cs_rank_momentum_20d=14
close_location_in_range=13
momentum_60d=12
relative_strength_down_days_20d=12
cs_rank_relative_strength_down_days_20d=12
momentum_5d=11
cs_z_relative_strength_down_days_20d=11
return_1d=8
bollinger_z_20d=8
momentum_10d=7
cs_z_excess_return_20d_vs_spy=7
cs_rank_excess_return_20d_vs_spy=4
momentum_20d=2

parameters:
[boosting: gbdt]
[objective: lambdarank]
[metric: ndcg]
[tree_learner: serial]
[device_type: cpu]
[data_sample_strategy: bagging]
[data: ]
[valid: ]
[num_iterations: 25]
[learning_rate: 0.025]
[num_leaves: 31]
[num_threads: 0]
[seed: 101]
[deterministic: 0]
[force_col_wise: 0]
[force_row_wise: 0]
[histogram_pool_size: -1]
[max_depth: 6]
[min_data_in_leaf: 80]
[min_sum_hessian_in_leaf: 0.001]
[bagging_fraction: 0.78]
[pos_bagging_fraction: 1]
[neg_bagging_fraction: 1]
[bagging_freq: 1]
[bagging_seed: 101]
[bagging_by_query: 0]
[feature_fraction: 0.72]
[feature_fraction_bynode: 1]
[feature_fraction_seed: 101]
[extra_trees: 0]
[extra_seed: 15181]
[early_stopping_round: 0]
[early_stopping_min_delta: 0]
[first_metric_only: 0]
[max_delta_step: 0]
[lambda_l1: 0.3]
[lambda_l2: 1.2]
[linear_lambda: 0]
[min_gain_to_split: 0]
[drop_rate: 0.1]
[max_drop: 50]
[skip_drop: 0.5]
[xgboost_dart_mode: 0]
[uniform_drop: 0]
[drop_seed: 23279]
[top_rate: 0.2]
[other_rate: 0.1]
[min_data_per_group: 100]
[max_cat_threshold: 32]
[cat_l2: 10]
[cat_smooth: 10]
[max_cat_to_onehot: 4]
[top_k: 20]
[monotone_constraints: ]
[monotone_constraints_method: basic]
[monotone_penalty: 0]
[feature_contri: ]
[forcedsplits_filename: ]
[refit_decay_rate: 0.9]
[cegb_tradeoff: 1]
[cegb_penalty_split: 0]
[cegb_penalty_feature_lazy: ]
[cegb_penalty_feature_coupled: ]
[path_smooth: 0]
[interaction_constraints: ]
[verbosity: -1]
[saved_feature_importance_type: 0]
[use_quantized_grad: 0]
[num_grad_quant_bins: 4]
[quant_train_renew_leaf: 0]
[stochastic_rounding: 1]
[linear_tree: 0]
[max_bin: 255]
[max_bin_by_feature: ]
[min_data_in_bin: 3]
[bin_construct_sample_cnt: 200000]
[data_random_seed: 368]
[is_enable_sparse: 1]
[enable_bundle: 1]
[use_missing: 1]
[zero_as_missing: 0]
[feature_pre_filter: 1]
[pre_partition: 0]
[two_round: 0]
[header: 0]
[label_column: ]
[weight_column: ]
[group_column: ]
[ignore_column: ]
[categorical_feature: ]
[forcedbins_filename: ]
[precise_float_parser: 0]
[parser_config_file: ]
[objective_seed: 2051]
[num_class: 1]
[is_unbalance: 0]
[scale_pos_weight: 1]
[sigmoid: 1]
[boost_from_average: 1]
[reg_sqrt: 0]
[alpha: 0.9]
[fair_c: 1]
[poisson_max_delta_step: 0.7]
[tweedie_variance_power: 1.5]
[lambdarank_truncation_level: 30]
[lambdarank_norm: 1]
[label_gain: 0,1,2,3,4,5,6,7,8,9,10,11,12,13,14,15,16,17,18,19]
[lambdarank_position_bias_regularization: 0]
[eval_at: 5,10,25]
[multi_error_top_k: 1]
[auc_mu_weights: ]
[num_machines: 1]
[local_listen_port: 12400]
[time_out: 120]
[machine_list_filename: ]
[machines: ]
[gpu_platform_id: -1]
[gpu_device_id: -1]
[gpu_use_dp: 0]
[num_gpu: 1]

end of parameters

pandas_categorical:[]
