tree
version=v4
num_class=1
num_tree_per_iteration=1
label_index=0
max_feature_idx=84
objective=huber
feature_names=return_1d return_5d return_10d return_20d return_60d momentum_5d momentum_10d momentum_20d momentum_60d momentum_120d vol_5d vol_20d vol_60d downside_vol_20d upside_vol_20d beta_20d_spy beta_60d_spy price_to_sma_20d price_to_sma_50d price_to_sma_200d macd_hist rsi_14 bollinger_z_20d volume_zscore_20d volume_zscore_60d dollar_volume_ratio_20d intraday_range close_open_gap close_location_in_range distance_to_20d_high distance_to_20d_low distance_to_60d_high distance_to_60d_low excess_return_5d_vs_spy excess_return_20d_vs_spy excess_return_60d_vs_spy relative_momentum_20d_vs_spy skew_20d kurtosis_20d spy_return_20d spy_vol_20d spy_drawdown_60d relative_strength_down_days_20d gap_down_absorption_20d downside_vol_decay_60d beta_stability_price_floor beta_60d_ff_mktrf beta_60d_ff_smb beta_60d_ff_hml beta_60d_ff_rmw beta_60d_ff_cma dgs10_pit dgs2_pit vixcls_pit usd_index_pit yield_10y_2y_spread_pit cs_rank_momentum_20d cs_z_momentum_20d cs_rank_momentum_60d cs_z_momentum_60d cs_rank_momentum_120d cs_z_momentum_120d cs_rank_vol_20d cs_z_vol_20d cs_rank_vol_60d cs_z_vol_60d cs_rank_downside_vol_20d cs_z_downside_vol_20d cs_rank_beta_60d_spy cs_z_beta_60d_spy cs_rank_excess_return_20d_vs_spy cs_z_excess_return_20d_vs_spy cs_rank_relative_strength_down_days_20d cs_z_relative_strength_down_days_20d cs_rank_gap_down_absorption_20d cs_z_gap_down_absorption_20d cs_rank_downside_vol_decay_60d cs_z_downside_vol_decay_60d cs_rank_beta_stability_price_floor cs_z_beta_stability_price_floor regime_calm regime_drawdown regime_high_vol regime_rebound stress_flag
feature_infos=[-0.43452090331350879:0.52290083351866889] [-0.61014499786032883:0.88260863646066867] [-0.76666670795573144:1.0566034133703051] [-0.82992956002177165:1.6011328544898928] [-0.85304846129940903:3.1843478105994496] [-0.61014499786032883:0.88260863646066867] [-0.76666670795573144:1.0566034133703051] [-0.82992956002177165:1.6011328544898928] [-0.85304846129940903:3.1843478105994496] [-0.83371665409748386:3.8670393633078328] [0:0.30584445364328161] [0:0.22421856781514868] [0:0.15098312624435092] [0:0.14329584310333965] [0:0.16337929811143656] [-13.695037798663515:20.575205365344527] [-4.0149274431247379:4.8863263853067735] [-0.69421673038056464:0.66131114246219425] [-0.79930206832555228:0.90110352904013702] [-0.82425537243447611:1.8446390551514207] [-132.53715276993563:80.364006761273146] [0:99.861064002984776] [-4.3588989435444114:4.3588989435883247] [-3.1806480089076707:4.3588989435433447] [-3.1101259120259019:7.6809377036926092] [0:20] [0:0.56348448091986825] [-0.47064726396441403:0.4210822666140121] [0:1] [-0.81943928948557032:0] [0:1.7305034091738194] [-0.85817267691977117:0] [0:3.9900962607604482] [-0.61785372931017601:0.89255912114692015] [-0.76226676485515399:1.4709261398977567] [-0.82324954741436951:2.9093527779374631] [-0.77334040331749898:1.3346611088982128] [-4.4721359549995769:4.4721359549995841] [-1.8537485942068546:20.000000000000025] [-0.3098674839759894:0.19880920041384464] [0.0021730140768461124:0.057214790451066776] [-0.31978067271172672:0] [-0.099256665172816158:0.19912924481561101] [-9.4243009236246778:13.933826240627525] [-1:87.127119856643347] [-1.0247428570212176:1.0007807340328658] [-4.1112792539993421:4.848421174419931] [-5.4434395281946788:7.7689924118407419] [-6.7072038827376153:7.6752434274945651] [-13.325735436189344:9.7109719643899926] [-11.504606375379524:8.6540722051089762] [0.55000000000000004:3.2400000000000002] [0.11:2.98] [9.1899999999999995:75.469999999999999] [93.247799999999998:125.0587] [-0.030000000000000027:2.6099999999999999] [0.0020161290322580645:1] [-10.036419127683077:15.738424952473304] [0.0020161290322580645:1] [-8.1746382519581609:16.457532645463687] [0.0020202020202020202:1] [-5.9157233637200122:14.200215155348952] [0.0020161290322580645:1] [-2.7783658620320608:17.573692755422847] [0.0020161290322580645:1] [-2.9782850486284773:14.693670814366223] [0.0020161290322580645:1] [-3.0058206930267617:18.050318432270245] [0.0020161290322580645:1] [-6.3974491418552946:8.9620500168724586] [0.0020161290322580645:1] [-10.036419127683077:15.738424952473304] [0.0020161290322580645:1] [-11.668006201344122:17.853621002907023] [0.0020449897750511249:1] [-9.434540891693187:11.345435387552476] [0.0020161290322580645:1] [-2.3143884498676961:20.623654562246884] [0.0020161290322580645:1] [-16.633473857690657:14.830513071902569] [0:1] [0:1] [0:1] [0:1] [0:1]
tree_sizes=3079 3080 3066 3072 3055 3030 3060 3072 3110 3065 3086 3067 3100 3064 3067 3106 3087 3102 3094 3088 3077 3104 3088 3102 3039 3076 3104 3089 3098

Tree=0
num_leaves=31
num_cat=0
split_feature=46 52 46 52 52 53 51 4 54 54 31 48 39 36 16 53 51 40 32 68 48 9 64 61 68 61 45 45 19 52
split_gain=85.1591 29.5493 22.9412 30.4426 30.2048 20.7671 36.724 27.2824 17.3883 13.8745 25.4746 13.1362 12.8979 12.8011 12.165 11.4152 11.3383 11.9188 11.0528 10.3775 10.3106 10.2497 10.2369 10.1252 9.002 8.41132 7.97477 7.89808 7.59004 7.3901
threshold=0.83409535555438541 0.13500000000000004 1.2086456801132563 2.7200000000000002 0.13500000000000004 18.915000000000003 1.7850000000000004 -0.038372888447281754 116.18090000000002 120.75105000000001 -0.076092651091714023 -1.5182787202554897 -0.04785015836711453 0.0070379869606049814 0.17317571116680322 16.775000000000002 1.7850000000000004 0.0076739402773441994 0.10905687039627467 0.27987496043051602 -0.18706063680392079 0.26892024607550097 0.23036890645586303 0.073917795364508931 0.31197464152009613 1.9664499208695785 0.017562095553677857 0.005628989036009573 -0.24553936183268274 2.7200000000000002
decision_type=8 2 10 2 2 2 2 8 2 2 10 8 10 10 10 2 2 10 10 8 10 10 10 8 10 10 10 10 8 2
left_child=1 22 9 4 13 6 -6 -7 12 11 18 -2 -5 21 29 16 17 -16 -11 -13 -15 -4 -1 -18 28 -21 -20 -12 -17 -3
right_child=2 14 3 8 5 7 -8 -9 -10 10 27 19 -14 20 15 24 23 -19 26 25 -22 -23 -24 -25 -26 -27 -28 -29 -30 -31
leaf_value=-0.0041329476539838433 0.0028843586833137806 0.0020029674580114209 0.0023733334571924246 -0.0038243213212315491 0.00041944538443186173 -0.00080171094144501881 -0.0015847730988512226 -0.0037789046991677871 0.0077472329018365167 0.0030552984004165932 -0.010904767439261264 0.0037373035639268045 0.0027827447498042584 -0.0055359575937953993 8.7315935071835202e-05 0.0067995338814586638 8.0376380474549548e-05 -0.0023508326411548408 -0.0030091188121735132 -0.00035178196036239352 0.0013826010407285956 0.0084050227962602763 -0.00070416439268292303 0.0010934249727233985 0.00010845737743973986 0.0019631452358276134 0.0011040410214840227 -0.0033042823464664501 0.0012969553509068565 -0.0014320137251431304
leaf_weight=999 833 5503 549 251 7762 3379 21594 4491 321 337 239 398 684 171 3577 158 15429 1923 1126 51441 615 263 1209 10290 4832 998 395 140 14066 418
leaf_count=999 833 5503 549 251 7762 3379 21594 4491 321 337 239 398 684 171 3577 158 15429 1923 1126 51441 615 263 1209 10290 4832 998 395 140 14066 418
internal_value=-0.000177578 0.000575061 -0.000635606 -0.00109214 -0.00121623 -0.00136084 -0.00105459 -0.00250191 0.00273497 -0.000308163 -0.00223709 -0.000227576 0.000998444 0.00214644 0.000686644 0.000560167 0.000265512 -0.000764113 -0.00102526 -0.000276844 -0.000119199 0.00434569 -0.0022603 0.000486014 0.00104245 -0.000307538 -0.00193599 -0.00813622 0.00135917 0.00175896
internal_weight=154391 58404 95987 40080 38824 37226 29356 7870 1256 55907 2237 53670 935 1598 56196 50275 31219 5500 1858 52837 786 812 2208 25719 19056 52439 1521 379 14224 5921
internal_count=154391 58404 95987 40080 38824 37226 29356 7870 1256 55907 2237 53670 935 1598 56196 50275 31219 5500 1858 52837 786 812 2208 25719 19056 52439 1521 379 14224 5921
is_linear=0
shrinkage=1


Tree=1
num_leaves=31
num_cat=0
split_feature=68 52 16 52 52 55 81 54 48 13 55 56 47 61 19 30 60 20 64 80 4 2 16 52 52 29 11 54 26 58
split_gain=76.2705 24.5862 22.9563 32.0625 24.8249 19.5357 24.2048 17.2199 15.9533 15.1132 13.1651 11.7429 11.5696 10.7021 10.5481 10.2882 9.6636 9.33463 9.2552 9.0646 9.83296 11.7581 8.91977 8.68057 12.8216 8.51817 8.13619 7.98933 7.48283 7.54889
threshold=0.31969845845808736 0.13500000000000004 1.2830305840693166 2.7200000000000002 0.13500000000000004 0.03000000000000003 1.0000000180025095e-35 116.18090000000002 0.27446921608193603 0.0055628897138654135 0.49500000000000016 0.95197418202040296 -0.17854812201170706 1.7141006135769687 -0.22942323645092214 0.13190332759107828 0.47564842984582073 0.25288897348201061 0.44467863012481684 1.0000000180025095e-35 0.21395292835577887 0.062413408942663902 0.85135561022584405 2.8200000000000007 1.6250000000000002 -0.20803030417650317 0.019842842383607749 112.27755000000001 0.025437659628093533 0.44766867423298656
decision_type=8 2 10 2 2 2 2 2 10 8 2 10 10 10 8 10 8 2 10 2 10 10 10 2 2 8 10 2 2 10
left_child=1 12 9 4 10 8 -7 28 -6 16 -4 -12 -1 15 -3 25 27 -15 -14 20 22 -22 -16 24 -21 -11 -20 -2 -5 -30
right_child=2 14 3 7 5 6 -8 -9 -10 13 11 -13 18 17 19 -17 -18 -19 26 23 21 -23 -24 -25 -26 -27 -28 -29 29 -31
leaf_value=-0.0061061756351247099 -0.0013476995416089482 0.0046206472555599069 -0.0026254410526680549 0.0035248049063703229 -0.0038511791968864175 -0.0011317557347403399 -0.0030090684470630712 0.0082540467717003817 0.0091281814708006111 0.0024173416695215007 0.0038911769937013938 -0.0059447426507777072 -0.002375803160228937 0.0024308887159824621 0.0010212075122653995 -0.0018010626970976756 0.00069970465888859862 -0.0021590900512040673 0.0066417413892661346 8.5937429571913455e-05 0.0045700904729336165 -0.00035004860297062004 -0.0015122681226461938 -0.0043529863362245565 0.0015430236381241743 -0.00053811390331870771 -0.00084812914229302956 0.00040358263333603893 0.0015915785715728107 -0.0049889563016822696
leaf_weight=380 3325 431 305 446 83 29172 5041 289 195 616 1073 80 1074 1288 20312 4137 12338 350 151 17932 987 434 904 242 4784 44121 220 3179 270 180
leaf_count=380 3325 431 305 446 83 29172 5041 289 195 616 1073 80 1074 1288 20312 4137 12338 350 151 17932 987 434 904 242 4784 44121 220 3179 270 180
internal_value=-0.000211744 0.000617229 -0.00058432 -0.00108603 -0.00121958 -0.0013548 -0.00140868 0.00295629 0.00522629 -0.000315568 0.0019725 0.00319675 -0.00222668 -0.000541013 0.000730212 -0.000607751 0.000288409 0.00144469 -0.00119707 0.000693151 0.00104829 0.00306309 0.000912825 0.000342615 0.000393196 -0.000497188 0.00219174 -0.000490645 0.00123042 -0.00103028
internal_weight=154339 47851 106488 37134 35949 34491 34213 1185 278 69354 1458 1153 1825 50512 46026 48874 18842 1638 1445 45595 22637 1421 21216 22958 22716 44737 371 6504 896 450
internal_count=154339 47851 106488 37134 35949 34491 34213 1185 278 69354 1458 1153 1825 50512 46026 48874 18842 1638 1445 45595 22637 1421 21216 22958 22716 44737 371 6504 896 450
is_linear=0
shrinkage=0.025


Tree=2
num_leaves=31
num_cat=0
split_feature=46 46 52 52 52 53 51 59 54 51 31 54 54 48 51 53 54 19 52 51 54 50 53 44 2 39 48 49 13 39
split_gain=80.5033 26.8604 30.8737 24.2318 23.1953 22.2192 35.1543 24.9755 16.1131 14.0436 15.8127 15.7456 16.7011 12.5514 15.758 14.2266 12.542 11.7628 12.2397 11.3144 16.0732 14.4849 13.6444 11.5234 10.5563 10.3957 10.3265 10.084 9.84941 9.17695
threshold=0.76555518431119107 1.2086456801132563 2.7200000000000002 0.13500000000000004 0.13500000000000004 18.970000000000002 1.7850000000000004 -1.0190389790906049 116.18090000000002 1.7750000000000001 -0.11270237041169844 120.75105000000001 118.87420000000002 -0.35003734726849028 0.62500000000000011 26.230000000000004 118.87420000000002 0.067026250525937928 0.62500000000000011 1.425 112.57735000000001 1.226889834098807 23.135000000000002 -1.0000000180025095e-35 -0.21332969217734823 -0.059542092849698351 0.74558834990892198 -0.96542211194951155 0.012362593263794712 -0.04785015836711453
decision_type=8 10 2 2 2 2 2 8 2 2 8 2 2 10 2 2 2 10 2 2 2 10 2 8 8 10 10 10 8 10
left_child=4 9 3 13 -1 6 -5 -7 29 10 24 12 -12 15 -15 -3 19 -11 -19 20 -6 -22 25 -24 -2 -21 -20 -26 -13 -4
right_child=1 2 8 5 16 7 -8 -9 -10 17 11 28 -14 14 -16 -17 -18 18 26 22 21 -23 23 -25 27 -27 -28 -29 -30 -31
leaf_value=-0.0020647475250938829 0.0057960875656055955 -0.01018397051955304 -0.0029233248867999531 0.00039393370550409109 0.0031755967209795687 0.00018268814550481704 -0.0015699152075344704 -0.0033038434113685736 0.007691786129785951 -0.00033258112820162784 -0.0012426395570450163 -0.0087067090193050835 0.0022343283999406503 -0.0023329379876179889 0.004064404633868977 0.0026381760469081825 0.0034271375165207106 -0.0012167126937823666 0.0010166644314461399 -0.0063241405862554988 -0.0017838467461596176 0.0025335458819014528 -0.00014216274086100561 0.0038286699579957724 0.0033517625508252312 0.00071949411561475171 -0.001480134307652251 -0.00025125984136819857 -0.0023270614164671915 0.0026253881078889315
leaf_weight=1918 218 108 254 7729 628 1625 21604 6047 310 29059 14640 268 915 307 1081 105 1060 2175 12192 130 3238 569 633 1606 550 39170 1128 4057 358 682
leaf_count=1918 218 108 254 7729 628 1625 21604 6047 310 29059 14640 268 915 307 1081 105 1060 2175 12192 130 3238 569 633 1606 550 39170 1128 4057 358 682
internal_value=-0.000209435 -0.000598527 -0.00111044 -0.00123561 0.000628267 -0.00136601 -0.00105221 -0.00256447 0.00275923 -0.000287223 -0.000820102 -0.00119476 -0.00103747 0.00177261 0.00264324 -0.00384881 0.000738295 -3.58019e-05 0.00052027 0.000676049 -0.000523088 -0.001136 0.000804269 0.00270323 0.000434779 0.000695811 0.000804547 0.000178015 -0.00508167 0.00110983
internal_weight=154364 105412 39852 38606 48952 37005 29333 7672 1246 65560 21006 16181 15555 1601 1388 213 47034 44554 15495 45974 4435 3807 41539 2239 4825 39300 13320 4607 626 936
internal_count=154364 105412 39852 38606 48952 37005 29333 7672 1246 65560 21006 16181 15555 1601 1388 213 47034 44554 15495 45974 4435 3807 41539 2239 4825 39300 13320 4607 626 936
is_linear=0
shrinkage=0.025


Tree=3
num_leaves=31
num_cat=0
split_feature=46 16 52 52 41 52 48 3 4 60 1 50 29 76 50 9 44 33 16 28 40 20 40 53 27 69 54 54 9 50
split_gain=90.5192 23.4804 25.3986 21.4185 17.3044 16.5615 14.6823 12.5345 12.5104 15.8949 11.8441 12.4114 11.2628 11.1799 10.8572 11.5501 9.90487 9.59736 8.87662 8.25664 8.52306 9.72961 7.77461 8.37343 7.67511 7.46554 7.44962 18.7733 7.03782 6.97899
threshold=0.83409535555438541 1.4939197852650496 2.7200000000000002 0.13500000000000004 -0.026710989526336878 0.8650000000000001 -1.5182787202554897 -0.0076875893442311374 -0.25000552441017354 0.53241330694357847 -0.1096840510912354 0.27577194883361011 -0.14154875473834236 0.13674341531484394 1.0100667173722047 0.25328645805957656 0.096813437237958558 0.089268861314718631 0.14625172798249672 0.075191021419639084 0.0071861914717454602 -0.70695549994958629 0.0035723210444452121 12.025 0.0064944272243805407 1.2216392162982455 114.48000000000002 116.09420000000001 0.04771250702558117 0.37540127152290076
decision_type=8 8 2 2 8 2 10 10 8 10 10 10 10 8 10 10 10 10 10 10 10 2 10 2 8 10 2 2 8 10
left_child=3 6 4 14 8 13 19 -7 16 -10 -8 17 -5 -6 -1 -16 -3 -12 22 -2 -21 -22 23 -14 28 -13 29 -28 -4 -20
right_child=1 2 24 12 5 7 10 -9 9 -11 11 25 18 -15 15 -17 -18 -19 26 20 21 -23 -24 -25 -26 -27 27 -29 -30 -31
leaf_value=-0.0027319881826021 -0.0042470733873510042 0.0051019778134640649 0.0070286211361390676 0.0033654643044931988 0.0016582978073884603 -0.00060996861879331272 0.0022053563680305937 -0.0026767428198606487 -0.0055513742876566463 -0.0015090340095197351 -0.00028189458494672564 -0.0011653233864858995 0.0010504047330088687 -0.00085895717623408877 -0.001821389146004392 0.0058548753233678913 -0.0020463981140659416 -0.0033266893130022555 0.00051344496655642013 0.0041666034764643737 -0.0075611644290804574 0.0013940820704406772 0.0019699548860370986 -0.0048933250561590648 -0.0027229607684285985 0.0022992751337879281 0.0017582304578895929 8.0088421214667512e-05 0.0012869010174774373 -0.0003516045502381428
leaf_weight=1748 133 175 327 963 1217 2667 1005 5951 1526 1022 49131 17597 444 11478 285 212 386 655 25760 766 81 957 4661 220 102 395 8818 7916 232 7522
leaf_count=1748 133 175 327 963 1217 2667 1005 5951 1526 1022 49131 17597 444 11478 285 212 386 655 25760 766 81 957 4661 220 102 395 8818 7916 232 7522
internal_value=-0.000185125 -0.000658446 -0.00131575 0.000589234 -0.0014469 -0.00119205 -0.000425187 -0.00203819 -0.00319047 -0.00393441 -0.000485732 -0.000525784 0.000684823 -0.000616917 -0.00180385 0.00144415 0.000176277 -0.000322183 0.000637969 0.00171987 0.00216646 0.000680121 0.00160894 -0.000912903 0.00351237 -0.0010887 0.000534407 0.000964898 0.0046669 0.000317706
internal_weight=154352 95803 25083 58549 24422 21313 70720 8618 3109 2548 68783 67778 56304 12695 2245 497 561 49786 55341 1937 1804 1038 5325 664 661 17992 50016 16734 559 33282
internal_count=154352 95803 25083 58549 24422 21313 70720 8618 3109 2548 68783 67778 56304 12695 2245 497 561 49786 55341 1937 1804 1038 5325 664 661 17992 50016 16734 559 33282
is_linear=0
shrinkage=0.025


Tree=4
num_leaves=31
num_cat=0
split_feature=46 52 52 35 16 52 41 44 47 46 54 48 68 33 55 50 9 12 66 10 13 39 35 14 54 73 50 61 47 31
split_gain=67.1358 20.6816 18.8741 17.7173 20.9056 23.4363 25.2393 18.7934 17.6238 16.1663 15.1573 16.7536 13.0043 12.4136 10.4933 10.4461 11.3081 10.0891 9.56611 9.52532 8.55659 8.95517 8.54115 8.08643 7.50326 7.47416 7.33387 7.30269 7.03101 6.62555
threshold=0.94180710630812514 2.7200000000000002 0.13500000000000004 -0.29597965989792574 1.2892927923298516 0.13500000000000004 -0.028549359549449257 0.1110033200099976 -0.17854812201170706 1.5626217457392777 116.18090000000002 -1.6756123091662158 0.31197464152009613 -0.062535570735244392 0.49500000000000016 1.5211814419799792 0.42043145085178552 0.039295345200480135 0.85929120630613187 0.03703126804892861 0.0056982984103924475 -0.036119878947647226 -0.13179262880401313 0.010083083566289138 114.48000000000002 -0.47246208722968924 -1.3916460694235513 -0.19145656822272908 0.15779184100651875 -0.14864129826509345
decision_type=8 2 2 8 10 2 10 10 10 10 2 8 10 10 2 10 10 10 10 10 10 10 10 10 2 8 10 10 10 10
left_child=2 3 8 7 9 14 -7 19 26 17 23 -12 13 18 -6 29 -17 -5 -4 -2 27 -22 -15 -3 -24 28 -1 -14 -13 -10
right_child=1 10 12 4 5 6 -8 -9 15 -11 11 25 20 22 -16 16 -18 -19 -20 -21 21 -23 24 -25 -26 -27 -28 -29 -30 -31
leaf_value=0.00088107121163585151 0.0041848182976410696 0.0018175671594486784 0.0057879065056531459 -0.00028781640388324465 -0.0022101038713058137 -0.0029040991990599515 -0.001058035411198092 -0.00046549238021274949 0.0048737948764108136 -0.0088211758230849202 0.012508867947883027 0 -0.00033244484157590899 0.0018046155465075325 0.0030686707900788638 0.00063079463162504779 0.011363695555995939 -0.0021184023413223134 0.00095267245583156271 0.012670441992877644 0.0011011034136220461 -0.00056724211153762357 0.00030011546769473981 -0.0017485895711079205 0.0010183034974425888 -0.00013161058886475546 -0.0071983402608462562 0.0011041287539911367 0.0087883124410077923 -0.0017078329182266074
leaf_weight=82 287 979 525 39715 297 5577 27426 511 99 141 140 88 3387 3673 1096 233 83 1976 507 119 2338 14237 26771 666 13804 268 421 6333 168 1895
leaf_count=82 287 979 525 39715 297 5577 27426 511 99 141 140 88 3387 3673 1096 233 83 1976 507 119 2338 14237 26771 666 13804 268 421 6333 168 1895
internal_value=-0.000162561 -0.000667918 0.000377113 -0.000737774 -0.00077942 -0.00123609 -0.00137031 0.00271251 -0.00163059 -0.000403719 0.00166191 0.00484731 0.00045615 0.000712943 0.00193688 -0.000702225 0.00350585 -0.000374818 0.00342358 0.00672041 1.36551e-05 -0.000331397 0.000649462 0.000368983 0.000544658 0.00276215 -0.00586738 0.000602794 0.00580719 -0.00137457
internal_weight=153842 79454 74388 77145 76228 34396 33003 917 2813 41832 2309 664 71575 45280 1393 2310 316 41691 1032 406 26295 16575 44248 1645 40575 524 503 9720 256 1994
internal_count=153842 79454 74388 77145 76228 34396 33003 917 2813 41832 2309 664 71575 45280 1393 2310 316 41691 1032 406 26295 16575 44248 1645 40575 524 503 9720 256 1994
is_linear=0
shrinkage=0.025


Tree=5
num_leaves=31
num_cat=0
split_feature=46 52 30 31 46 52 52 12 51 54 54 23 54 54 51 47 9 4 4 51 54 22 51 18 12 14 52 52 44 18
split_gain=63.4968 22.0292 19.0335 14.3765 14.139 19.7914 18.2527 13.0883 17.426 15.2526 17.2758 12.4547 12.4129 29.1514 14.0926 11.2145 12.1453 11.2011 10.2527 10.4317 8.78659 8.59445 8.32711 9.23014 7.62537 7.96882 8.48034 7.57168 7.29569 10.5384
threshold=0.83409535555438541 0.13500000000000004 0.10545961878069733 -0.25745112520956182 1.1875356623626303 2.7200000000000002 0.13500000000000004 0.019798182724293744 1.425 118.87420000000002 112.78265 1.5037760920661298 116.12250000000002 114.94295000000001 2.5450000000000004 0.74527001820626249 0.22479464055992907 -0.021287830498873114 0.28999548484523258 1.0750000000000004 116.08025000000002 -0.92657117438456027 2.8350000000000004 0.026448659184483473 0.060421667068357159 0.02259367437848479 0.115 0.14500000000000005 -0.28956394349077924 0.1081495850056733
decision_type=8 2 10 8 8 2 2 8 2 2 2 10 2 2 2 10 10 10 8 2 2 10 2 10 10 8 2 2 10 10
left_child=1 15 3 17 18 6 -6 8 9 10 -3 24 13 -10 -14 21 -17 -2 27 -20 -7 -1 23 -9 25 26 -4 -5 29 -26
right_child=2 7 11 4 5 20 -8 22 12 -11 -12 -13 14 -15 -16 16 -18 -19 19 -21 -22 -23 -24 -25 28 -27 -28 -29 -30 -31
leaf_value=0.00039077659346548993 0.0019091724660029782 0.0018517032447421325 0.0027507647693763336 -0.0016310291644533086 0.0024206416796339128 0.0011149663780670221 -0.001068441527646231 0.0028473984212891972 0.00043109055684692607 0.005607504253656523 -0.0021548247735828385 -0.0032644259909464486 5.1725642513739841e-05 0.0023052106602298277 -0.0032305060632306024 -0.00243671950794748 0.0063353903528089997 -0.0063181424869913879 0.0063967148329565487 0.00083869354046787505 0.006319572149179377 -0.0036603128777259897 -0.001635530044116752 0.00082730100139743676 0.011576434647175797 -0.0022466680340538928 -0.0010279673014435048 -0.00015677184758451122 -0.00061845142536456248 0.0012819133688940082
leaf_weight=417 2199 831 382 2310 963 734 31998 3024 34047 203 3476 1866 4339 6123 1005 198 193 107 271 962 282 1464 446 2681 88 3639 11013 38104 469 213
leaf_count=417 2199 831 382 2310 963 734 31998 3024 34047 203 3476 1866 4339 6123 1005 198 193 107 271 962 282 1464 446 2681 88 3639 11013 38104 469 213
internal_value=-0.000193409 0.000455651 -0.000590304 -0.000422178 -0.000481557 -0.000860062 -0.000966191 0.000553379 0.000419342 -0.00106218 -0.00137976 -0.00133128 0.000566336 0.000717004 -0.000564719 -0.00195637 0.00188026 0.00152108 -0.000172563 0.00207139 0.00257268 -0.00275856 0.00164194 0.00189976 -0.00110233 -0.00122689 -0.000900357 -0.00024127 0.00131796 0.00435044
internal_weight=154047 58447 95600 77930 75624 33977 32961 56175 50024 4510 4307 17670 45514 40170 5344 2272 391 2306 41647 1233 1016 1881 6151 5705 15804 15034 11395 40414 770 301
internal_count=154047 58447 95600 77930 75624 33977 32961 56175 50024 4510 4307 17670 45514 40170 5344 2272 391 2306 41647 1233 1016 1881 6151 5705 15804 15034 11395 40414 770 301
is_linear=0
shrinkage=0.025


Tree=6
num_leaves=31
num_cat=0
split_feature=46 68 52 52 52 55 48 41 16 52 55 3 3 40 16 48 14 60 47 60 49 44 40 47 60 19 55 60 81 40
split_gain=66.2652 29.3795 28.5994 26.0528 20.428 15.1141 17.7938 15.6 19.8982 16.5363 13.8907 13.5067 12.5687 12.3768 10.4413 9.9036 9.96406 10.1113 9.58252 7.97777 7.87849 7.9176 7.81622 7.76054 8.25622 7.41772 7.17241 6.85514 6.81496 6.79311
threshold=1.1875356623626303 0.31197464152009613 2.7200000000000002 0.13500000000000004 0.13500000000000004 0.03000000000000003 0.52216111569123946 -0.026710989526336878 1.8238823491289347 1.6150000000000004 0.24500000000000013 0.057575809928196338 -0.12476405109051246 0.0033439287259829985 0.17317571116680322 -1.5182787202554897 0.0072738247015345665 0.43151405612266552 -0.8801547609795487 0.97486908239256875 -0.6820344721547632 -0.49817240717888811 0.013605736263130656 0.70932281140282261 0.48770471151423539 0.21504962875620784 1.4650000000000003 0.61964501074930534 1.0000000180025095e-35 0.0035723210444452121
decision_type=8 10 2 2 2 2 10 8 10 2 2 8 10 10 10 10 10 8 10 10 8 8 10 10 10 8 2 8 2 10
left_child=1 4 3 11 23 6 -5 8 -7 -9 13 25 -6 -4 29 -3 17 -17 26 -20 -13 -22 -12 -1 -25 -2 -18 -15 -16 -14
right_child=2 15 10 5 12 7 -8 9 -10 -11 22 20 14 27 28 16 18 -19 19 -21 21 -23 -24 24 -26 -27 -28 -29 -30 -31
leaf_value=-0.0026197409044637215 0.0023413007194305825 0.0027136160439689624 -0.00082661140797622267 -0.0022242315046020395 0.003667059089252302 -0.0017543550631590175 0.0095063482065857654 -0.0006954441718293547 -0.0058196421486752473 -0.0020943869679476831 0.0019828600085870537 -0.0076159513488944083 -0.00062464122219150651 0.010656151892803466 0.00039443370920570558 -0.00039404216286871314 0.0002883993609482491 0.00058214918770067186 -0.00064197456778197423 0.0020289831515083547 -0.0035983992936693271 0.0024432549471669895 -0.004039016474793055 -0.0019809962492696015 0.0071316072529728136 0.0069703723754261995 0.0037242626579913362 0.0028610608060513545 0.0012016260922783741 0.0019588332976638815
leaf_weight=1522 646 746 118 145 927 6924 178 28174 846 6510 668 87 712 254 30086 11428 1372 15782 30305 713 204 397 167 135 112 332 527 103 8373 5618
leaf_count=1522 646 746 118 145 927 6924 178 28174 846 6510 668 87 712 254 30086 11428 1372 15782 30305 713 204 397 167 135 112 332 527 103 8373 5618
internal_value=-0.00011955 0.000217251 -0.000917355 -0.00102481 0.000683357 -0.00114439 0.00422842 -0.00118557 -0.00219878 -0.000958298 0.00272011 0.00203971 0.00078549 0.00612986 0.000725586 -0.000146225 -0.000181885 0.000171881 -0.000474541 -0.00058026 -0.000634379 0.000376972 0.000765448 -0.00195057 0.00213532 0.003927 0.0012476 0.00844521 0.000570396 0.001667
internal_weight=154111 108358 45753 44443 47485 42777 323 42454 7770 34684 1310 1666 45716 475 44789 60873 60127 27210 32917 31018 688 601 835 1769 247 978 1899 357 38459 6330
internal_count=154111 108358 45753 44443 47485 42777 323 42454 7770 34684 1310 1666 45716 475 44789 60873 60127 27210 32917 31018 688 601 835 1769 247 978 1899 357 38459 6330
is_linear=0
shrinkage=0.025


Tree=7
num_leaves=31
num_cat=0
split_feature=16 52 30 31 16 52 41 50 29 31 50 4 47 54 39 19 54 51 19 60 41 55 41 34 19 51 52 17 19 9
split_gain=60.6593 24.1323 21.7771 14.411 12.9401 17.1818 16.3176 12.8135 10.306 15.149 10.1368 10.0892 9.34952 8.99144 14.6967 10.6745 11.6857 10.5256 18.002 13.6596 10.494 8.8079 8.70367 8.43482 8.35192 7.95602 7.57459 7.53529 7.03232 6.94475
threshold=0.88852686202903008 0.13500000000000004 0.10545961878069733 -0.25745112520956182 1.2493450711168372 2.7200000000000002 -0.026710989526336878 1.5716198039702516 -0.13754901933271238 -0.38975638735558349 0.25238122674810287 0.06778003628827102 3.1029527699930894 118.87420000000002 -0.094165030053838181 -0.24553936183268274 120.39400000000002 1.7850000000000004 1.0000000180025095e-35 0.46751885431130719 -0.16468645525416883 0.25499999999999995 -0.15327845528716069 0.010264794668195078 -0.16094504782187094 0.62500000000000011 0.12500000000000003 -0.012883676517578322 -0.013243753133656775 0.35133107827030913
decision_type=8 2 10 8 10 2 10 10 10 8 8 8 10 2 10 10 2 2 10 8 10 2 10 8 8 2 2 10 10 10
left_child=1 7 3 12 10 6 -6 25 -4 22 11 -5 -2 14 -3 -15 -17 18 -16 -19 -18 -7 -10 26 -12 -1 -11 -27 -25 -9
right_child=2 13 8 4 5 21 -8 29 9 23 24 -13 -14 15 17 16 20 19 -20 -21 -22 -23 -24 28 -26 27 -28 -29 -30 -31
leaf_value=0.0016493193492894548 0.0019306486109619452 -0.0048907733064499906 -0.0042271416269912005 -0.00027082411657017221 -0.0023122149167283126 0.0048042111838311891 -0.00069750935466215221 0 4.3764376868953528e-05 0.0066991046875130474 -0.0046391351412411663 0.00065459684935169175 -0.0054247850529576388 0.011179842904859402 0.0016704047934846236 0.0046094091569318018 0.0029687546158146472 0.00023038184631599449 -0.00040542555219472815 0.0011804573472557695 -0.0025854430043178969 8.4966149196312151e-05 0.010726870551984211 -0.0025386544381172486 -0.00064540758617567264 -0.0005701192904159516 -0.0002271594480879092 -0.0041285953004648705 -0.0012291507993737387 0.009265135342032018
leaf_weight=240 2185 312 751 20079 4679 481 24038 119 92 102 335 11622 112 82 3258 600 404 16868 13128 21597 446 514 101 3382 13468 518 2241 1370 10835 86
leaf_count=240 2185 312 751 20079 4679 481 24038 119 92 102 335 11622 112 82 3258 600 404 16868 13128 21597 446 514 101 3382 13468 518 2241 1370 10835 86
internal_value=-0.000172266 0.000457073 -0.000563313 -0.000383312 -0.000442968 -0.000848826 -0.000960948 -0.00203347 -0.0013599 -0.00123063 -0.000177782 6.82226e-05 0.00156609 0.000559732 0.000507061 0.0024495 0.00194178 0.000538007 6.94262e-06 0.000764037 4.6087e-05 0.0023769 0.00570476 -0.00131232 -0.000743274 -0.00261099 7.44436e-05 -0.00315723 -0.00154138 0.00390541
internal_weight=154045 59028 95017 77513 75216 29712 28717 2333 17504 16753 45504 31701 2297 56695 55163 1532 1450 54851 16386 38465 850 995 193 16560 13803 2128 2343 1888 14217 205
internal_count=154045 59028 95017 77513 75216 29712 28717 2333 17504 16753 45504 31701 2297 56695 55163 1532 1450 54851 16386 38465 850 995 193 16560 13803 2128 2343 1888 14217 205
is_linear=0
shrinkage=0.025


Tree=8
num_leaves=31
num_cat=0
split_feature=46 16 4 40 9 54 51 48 55 48 51 12 55 54 47 69 30 40 51 47 51 46 29 54 40 39 54 9 4 82
split_gain=58.9655 22.9259 16.5459 18.3159 16.9115 20.546 14.7551 31.86 27.9366 13.3844 12.3136 15.3036 21.1467 25.7978 12.9863 12.4128 11.6138 11.3305 10.7067 10.4995 10.7063 10.2691 9.38056 9.29713 9.57491 8.82708 14.236 8.60215 7.79797 7.12521
threshold=0.79184009904185548 1.2892927923298516 -0.17060909137260813 0.038911496244878017 -0.32459048273431573 118.87420000000002 1.8050000000000004 0.27446921608193603 1.2250000000000003 -1.5182787202554897 1.7850000000000004 0.017234943693391715 1.2250000000000003 111.92010000000001 -0.17044005186588879 -0.66133332965822844 0.10545961878069733 0.010382542697547291 2.0350000000000006 2.2307544620814661 2.8650000000000007 1.0000000180025095e-35 -0.20803030417650317 118.87420000000002 0.0076739402773441994 -0.036119878947647226 116.39900000000002 0.14001528687206502 0.34593927739007441 1.0000000180025095e-35
decision_type=8 8 8 10 8 2 2 10 2 10 2 10 2 2 10 10 10 10 2 10 2 10 10 2 10 10 2 8 10 2
left_child=10 9 3 19 5 -4 8 -8 -6 -2 11 12 23 -14 -13 -16 22 -18 21 20 -3 -12 -11 24 -1 26 -20 -27 -24 -15
right_child=1 2 4 -5 6 -7 7 -9 -10 16 18 14 13 29 15 -17 17 -19 25 -21 -22 -23 28 -25 -26 27 -28 -29 -30 -31
leaf_value=-0.00038236357725841304 0.0025093589950624488 0.00030939866192457191 -0.00043634429581879792 -0.0041240397044683729 0.00013378615518576408 -0.0099165253534808494 -0.00085997536088304254 -0.0028598061906096625 -0.0031546194761953939 0.0028663292621048751 0.0061107458282088764 -0.0012409268535607443 -0.0012018001227146274 0.0024170576003843449 0.002981471888764727 5.3187944289400238e-05 -0.00027964582797892503 -0.0020854012621791158 0.0023377976585047724 0.0054667599325086197 0.0060387736286921069 0.0015586102078628582 -0.00019166013438617316 0.0059760224275170184 -0.0019275582374380679 0.00014121945654710323 -0.0058502103503620881 0.0011065868192646998 0.0031879469007018222 0.006390610661169905
leaf_weight=5438 1102 1816 277 394 10787 298 18326 6846 1897 646 333 1074 1530 1635 2374 1470 4743 4023 2687 384 229 4539 49528 116 4673 17470 138 8629 429 345
leaf_count=5438 1102 1816 277 394 10787 298 18326 6846 1897 646 333 1074 1530 1635 2374 1470 4743 4023 2687 384 229 4539 49528 116 4673 17470 138 8629 429 345
internal_value=-0.000177488 -0.000528592 -0.000983027 0.000862489 -0.00111881 -0.00537299 -0.00105383 -0.00140428 -0.000357684 -0.000218434 0.000503307 -1.18746e-05 -0.000440715 0.00123235 0.00118426 0.00186397 -0.000269243 -0.00110939 0.000787893 0.00167606 0.000957807 0.00187271 -0.000123532 -0.00101574 -0.00109739 0.000604834 0.00193285 0.000460718 -0.000162412 0.00311666
internal_weight=154176 101725 41254 2823 38431 575 37856 25172 12684 60471 52451 18655 13737 3510 4918 3844 59369 8766 33796 2429 2045 4872 50603 10227 10111 28924 2825 26099 49957 1980
internal_count=154176 101725 41254 2823 38431 575 37856 25172 12684 60471 52451 18655 13737 3510 4918 3844 59369 8766 33796 2429 2045 4872 50603 10227 10111 28924 2825 26099 49957 1980
is_linear=0
shrinkage=0.025


Tree=9
num_leaves=31
num_cat=0
split_feature=46 35 52 42 52 68 48 19 7 52 54 52 52 48 79 4 16 54 14 76 48 64 19 26 54 50 13 64 15 60
split_gain=67.1822 25.6094 18.3706 16.6203 16.5958 15.7114 14.519 15.6193 13.2884 13.0134 14.0296 12.5359 18.5298 14.685 11.5578 11.1976 10.0087 9.87917 9.52126 9.28092 9.18666 8.92757 8.70346 7.87132 7.66958 7.65631 7.27461 6.87831 6.23991 6.15963
threshold=0.99579731534586224 -0.26904070523110363 0.13500000000000004 -0.021925718590754841 0.18500000000000003 0.31197464152009613 0.012788547608098029 0.28679485901481899 -0.11450581756716648 2.7200000000000002 116.18090000000002 0.13500000000000004 0.19500000000000003 -0.13491724259176716 0.5090826079376839 -0.062087194160452823 0.17317571116680322 116.05920000000002 0.0070631276678370459 0.81837840617928148 -1.6756123091662158 0.35774960323185695 0.10501895566692111 0.030406895377586226 116.13980000000001 -0.52390068998895523 0.040321086691820739 0.13431293943505615 0.60776232080584747 0.73801850221064214
decision_type=8 8 2 8 2 10 10 10 10 2 2 2 2 8 10 10 10 2 10 10 8 10 10 2 2 10 10 10 10 10
left_child=2 4 6 15 14 8 17 21 -4 11 -11 13 -13 -5 -2 26 24 29 22 -17 -12 -8 -7 -19 -10 27 -3 -20 -23 -1
right_child=1 3 5 9 -6 18 7 -9 16 10 20 12 -14 -15 -16 19 -18 23 25 -21 -22 28 -24 -25 -26 -27 -28 -29 -30 -31
leaf_value=-0.0062203670711469573 0.0038315771856492712 0.0010815740278635963 0.0033956784165155257 -0.0028419622781210865 0.0011987333972445485 0.00010457849230808719 -0.002414490670676595 0.0070634647385020011 0.0019196278488857567 -3.5412246361899183e-05 0.010607807425899105 -0.0021592733048883587 -0.00070441136425078649 0.0018751630685870495 0.013834503725086399 -0.011258776497338288 0.00051691519020531467 -0.0029300288825946782 0.0051394273177787836 -0.0030256754618393136 0.0028741449883100483 -0.0016555903701714312 0.0013927868311497699 0.0052957710490670476 -0.0009338096655771436 -0.000831372917438916 -0.0052145221730495392 9.9456860183109194e-05 0.0028336014082258952 0.00094617212836545575
leaf_weight=673 187 256 1145 513 1022 11852 1081 165 5420 1442 124 6042 58554 2069 121 197 38160 220 172 158 441 317 4538 107 656 10001 204 7654 488 82
leaf_count=673 187 256 1145 513 1022 11852 1081 165 5420 1442 124 6042 58554 2069 121 197 38160 220 172 158 441 317 4538 107 656 10001 204 7654 488 82
internal_value=-0.000127286 -0.000689552 0.000357407 -0.000754949 0.00274431 0.000431398 -0.00151946 -0.000278786 0.000736384 -0.000712965 0.00126877 -0.000772304 -0.000840646 0.000934161 0.00782399 -0.0043035 0.000667291 -0.0038614 2.66724e-05 -0.00763806 0.00460358 -0.000929193 0.000461786 -0.000206033 0.0016102 -0.000372951 -0.00170065 0.000211955 0.00105667 -0.00543183
internal_weight=154061 71330 82731 70000 1330 79598 3133 2051 45381 69185 2007 67178 64596 2582 308 815 44236 1082 34217 355 565 1886 16390 327 6076 17827 460 7826 805 755
internal_count=154061 71330 82731 70000 1330 79598 3133 2051 45381 69185 2007 67178 64596 2582 308 815 44236 1082 34217 355 565 1886 16390 327 6076 17827 460 7826 805 755
is_linear=0
shrinkage=0.025


Tree=10
num_leaves=31
num_cat=0
split_feature=46 52 50 34 61 14 54 0 52 64 54 64 49 47 51 51 61 51 11 48 61 35 61 12 40 61 52 65 50 4
split_gain=60.3975 18.0408 17.5782 14.7795 17.1691 16.0322 14.7248 11.4672 11.042 15.0537 10.9003 10.2637 10.0703 19.0764 13.8218 9.88673 13.0944 9.84295 9.77698 9.71068 9.40701 8.75674 8.59695 8.28182 7.75719 7.75653 10.5819 9.90539 7.67837 7.50859
threshold=0.79184009904185548 0.13500000000000004 0.27577194883361011 0.02600941157268916 1.7889566112783 0.0081636825676193823 118.87420000000002 0.018655130781081167 0.13500000000000004 0.34562772294834182 120.39400000000002 0.22637627144964675 -0.40532553431671858 2.5176927481231526 1.425 1.7850000000000004 -0.26612092103811252 1.9450000000000001 0.038688058690428344 -0.76093918904186231 -0.21648530231245544 0.090377993885921951 -0.24936112690690584 0.017471491754389151 0.010343468166322031 0.53413473888319463 2.7200000000000002 -0.69548700596485036 1.5716198039702516 -0.34331206254764313
decision_type=8 2 10 8 10 8 2 10 2 10 2 10 10 10 2 2 8 2 8 10 10 10 8 10 10 10 2 10 10 8
left_child=1 11 3 4 25 -5 15 8 9 -4 -8 -1 14 -14 -10 16 23 19 -12 -17 -13 -11 -19 -3 -18 26 -2 -27 -22 -7
right_child=2 6 7 5 -6 29 10 -9 12 21 18 20 13 -15 -16 17 24 22 -20 -21 28 -23 -24 -25 -26 27 -28 -29 -30 -31
leaf_value=-0.003677510639554701 -0.00033095790803370611 0.00048611537429479055 -0.0044403183096070747 0.0003105911330039351 0.003140456741579865 0.0046760501190694186 0.006068790021486717 -0.0024538963663932557 0.0043326186126830665 0.00044798223099427924 -0.0011561791228748843 -0.0022258975867841184 -0.0012948580281176804 -0.0073538955718584461 -0.00056659747660180149 0.0066041559840506157 -0.00014723107030685268 0.00012409829306362703 0.0047894659936162168 0.0016811862829549885 0.00074876826175221444 0.0045438951023141936 0.00099194522714799024 0.0028408150101051663 -0.0018485700701074042 0.0033770938483538037 0.0016622613201010368 0.00032668905274031783 0.0082893041843132616 -0.0011835331039486315
leaf_weight=940 39368 5618 251 6288 1034 136 525 3188 374 765 415 585 12397 333 8699 272 6540 11424 293 3232 374 574 19093 1122 2256 741 1736 6525 109 19203
leaf_count=940 39368 5618 251 6288 1034 136 525 3188 374 765 415 585 12397 333 8699 272 6540 11424 293 3232 374 574 19093 1122 2256 741 1736 6525 109 19203
internal_value=-0.000137271 0.000548577 -0.000493717 -0.000297855 -4.49821e-05 -0.000785029 0.000640585 -0.00104626 -0.000853992 0.0011545 0.00333921 -0.00177393 -0.00100086 -0.00145462 -0.000363273 0.000573212 5.01521e-05 0.000811841 0.00129774 0.0020676 -8.92275e-05 0.0022119 0.000667331 0.000879648 -0.000584636 -0.000113308 -0.000246547 0.000639313 0.00248228 -0.00114165
internal_weight=154410 52798 101612 75031 49404 25627 50790 26581 23393 1590 1233 2008 21803 12730 9073 49557 15536 34021 708 3504 1068 1339 30517 6740 8796 48370 41104 7266 483 19339
internal_count=154410 52798 101612 75031 49404 25627 50790 26581 23393 1590 1233 2008 21803 12730 9073 49557 15536 34021 708 3504 1068 1339 30517 6740 8796 48370 41104 7266 483 19339
is_linear=0
shrinkage=0.025


Tree=11
num_leaves=31
num_cat=0
split_feature=46 30 52 4 46 54 51 19 54 51 54 47 53 39 27 0 50 4 54 24 12 59 50 48 9 19 60 4 47 77
split_gain=57.7587 19.3213 16.9491 16.1154 15.4512 18.6095 16.5876 15.7913 12.7817 13.9562 17.1754 21.2145 12.5501 13.1167 12.2569 10.8232 10.3557 11.2735 10.2313 10.1696 9.82109 9.81896 9.58329 9.51377 9.42656 8.67434 8.58293 10.934 7.78171 7.58053
threshold=0.79184009904185548 0.10545961878069733 0.13500000000000004 -0.17060909137260813 1.2086456801132563 119.79685000000002 1.8050000000000004 -0.0922975246694102 118.87420000000002 1.425 112.57735000000001 0.86304896030502587 23.135000000000002 -0.059542092849698351 0.012788464318852865 -0.014016856687646627 -0.65166995559695118 0.30101711578992635 120.39400000000002 -0.60588287374134742 0.060421667068357159 -1.0369313578773449 1.5211814419799792 0.19124696898405638 0.24998182083102452 -0.16094504782187094 0.39957034206494257 -0.25000552441017354 0.15779184100651875 -0.81938711766819361
decision_type=8 10 2 8 8 2 2 8 2 2 2 10 2 10 10 10 10 8 2 10 10 10 10 10 10 10 10 8 10 10
left_child=2 3 15 28 16 6 -6 -7 9 10 23 -12 13 -11 20 -1 -5 -18 -10 -16 -3 -22 -17 -4 -24 -20 27 -21 -2 -30
right_child=1 14 8 4 5 7 -8 -9 18 12 11 -13 -14 -15 19 22 17 -19 25 26 21 -23 24 -25 -26 -27 -28 -29 29 -31
leaf_value=0.0025979883097155231 -0.00048664443895036911 -0.0010621986873696539 0.0052338885632825464 0.00029340321681224971 9.8808528906892668e-05 -0.0099577397046520938 -0.0011597693367256239 -0.00053352698449745078 0.0057981744138538259 -0.0067864624778746323 -0.001947711445334341 0.0039684968502878759 0.0024169445454592384 0.00061082485892124299 0.00062188364160369958 -0.0031199514243320618 -0.00052483159494053566 0.0031048614406895105 0.0068217175843114826 -0.0013569554275085123 0.0072242786549395546 -0.00030326258305316835 -0.0025187895568827157 -0.00065778147805345183 0.0088839641776482705 -0.00019158437366236615 -0.0020178932913842511 -0.0067522253011857939 -0.0016762424104669778 0.0023096026913466969
leaf_weight=306 1247 15130 424 20294 9412 256 21404 199 519 149 3713 420 2475 41932 469 1549 26759 544 135 350 178 269 92 283 86 568 1319 741 333 2645
leaf_count=306 1247 15130 424 20294 9412 256 21404 199 519 149 3713 420 2475 41932 469 1549 26759 544 135 350 178 269 92 283 86 568 1319 741 333 2645
internal_value=-0.000151474 -0.000499905 0.000520405 -0.00033725 -0.000417908 -0.00084965 -0.000775135 -0.00586463 0.00061042 0.000547707 -0.000726401 -0.00134371 0.000686294 0.000584262 -0.00123173 -0.00171616 -0.000134084 -0.000452104 0.00313626 -0.00273147 -0.000953877 0.00268886 -0.00248618 0.00286785 0.00297115 0.00115389 -0.00338715 -0.00503165 0.00116631 0.00186089
internal_weight=154200 101549 52651 83093 78868 31271 30816 455 50618 49396 4840 4133 44556 42081 18456 2033 47597 27303 1222 2879 15577 447 1727 707 178 703 2410 1091 4225 2978
internal_count=154200 101549 52651 83093 78868 31271 30816 455 50618 49396 4840 4133 44556 42081 18456 2033 47597 27303 1222 2879 15577 447 1727 707 178 703 2410 1091 4225 2978
is_linear=0
shrinkage=0.025


Tree=12
num_leaves=31
num_cat=0
split_feature=46 51 60 50 55 55 54 46 0 34 41 4 60 55 54 4 4 18 39 39 50 68 51 79 72 51 54 68 27 30
split_gain=54.6089 17.4871 18.4665 16.9423 17.5184 25.1269 18.9299 15.8994 14.6046 12.9713 15.2156 27.9132 13.4448 12.1572 18.9643 14.4892 12.6706 12.6375 11.8354 10.6645 9.18468 8.44431 8.35377 8.24014 8.1991 8.10285 8.57503 7.92983 7.71818 7.64368
threshold=0.9529993404207916 1.7850000000000004 0.59181469564067546 0.27577194883361011 0.21999999999999989 0.32500000000000001 116.12250000000002 1.8399684645969612 0.01907953294838927 0.063994780779697683 -0.15327845528716069 -0.34331206254764313 0.98274000148953611 1.2250000000000003 111.64125000000001 0.39506112745364347 -0.065904585637425281 0.099137935697545268 0.05681796079759683 -0.062922628576767378 1.9717690769017031 0.33159543028538668 1.7850000000000004 -0.27350332090908019 0.89016505466778817 2.8450000000000002 115.85390000000002 0.28387054992228561 0.0045391693852391791 0.049004128113587571
decision_type=8 2 8 10 2 2 2 10 10 10 8 8 10 2 2 10 8 10 10 10 10 10 2 10 10 2 2 8 10 10
left_child=1 13 19 9 6 25 -5 22 18 10 -2 -12 -13 15 23 16 -1 27 -7 -3 -18 28 -8 -15 -11 26 -6 -16 -21 -4
right_child=3 2 29 4 5 8 7 -9 -10 24 11 12 -14 14 17 -17 20 -19 -20 21 -22 -23 -24 -25 -26 -27 -28 -29 -30 -31
leaf_value=0.00087338010497975654 -0.003067467733837597 0.0033964517128555523 0.0015493149665314091 -0.0037185530257460007 -0.0069547274664124373 -0.0010966365092998016 0.0027216108526237036 0.012502981357912194 -0.0031059004975775954 -0.0017174029540333658 0.0071593082327410761 -0.00028524169879261046 0.0033368327799377256 -0.0039614179906034578 0.0034756251406502371 0.004359561891178909 -0.000952428271927854 -0.0022137370549020542 0.0018685773568132215 0.00019031065728848423 0.002092911485204658 -0.00051440073577236603 -0.0054832957598719206 -0.00021594652699294815 0.00010187764211753177 -0.00050286086547163126 -0.0022235697099776369 0.0011319267425296288 0.0016696357449529583 0.00060260992605905631
leaf_weight=3182 1172 620 12096 343 812 14572 924 99 2196 6749 320 46359 648 541 1679 377 16857 451 890 15025 640 9569 83 1152 1999 245 349 1981 2586 9594
leaf_count=3182 1172 620 12096 343 812 14572 924 99 2196 6749 320 46359 648 541 1679 377 16857 451 890 15025 640 9569 83 1152 1999 245 349 1981 2586 9594
internal_value=-0.000169418 0.000305444 0.000584211 -0.000635763 -0.00125239 -0.00145402 0.00139409 0.00298875 -0.00119714 -0.000414656 -0.000254623 -0.000184732 -0.000235067 -0.000207915 0.000804535 -0.000487378 -0.000576354 0.00172229 -0.000925341 0.000157324 -0.000840472 8.30136e-05 0.00203218 -0.0014192 -0.00130087 -0.00467104 -0.00554275 0.00220992 0.00040806 0.00113097
internal_weight=154110 76350 49490 77760 20513 19064 1449 1106 17658 57247 48499 47327 47007 26860 5804 21056 20679 4111 15462 27800 17497 27180 1007 1693 8748 1406 1161 3660 17611 21690
internal_count=154110 76350 49490 77760 20513 19064 1449 1106 17658 57247 48499 47327 47007 26860 5804 21056 20679 4111 15462 27800 17497 27180 1007 1693 8748 1406 1161 3660 17611 21690
is_linear=0
shrinkage=0.025


Tree=13
num_leaves=31
num_cat=0
split_feature=46 30 68 52 52 4 52 54 39 50 38 12 54 54 47 41 66 61 9 4 52 9 54 18 52 52 48 53 79 48
split_gain=58.7701 21.0175 14.654 24.8233 20.7405 13.9223 13.8327 13.7988 13.3827 11.879 11.143 10.9867 10.7875 25.7977 15.4274 15.3024 10.6803 10.4198 9.46873 12.7318 9.99943 16.2931 9.09069 9.02936 8.95295 16.5646 23.5681 8.89517 8.79293 8.0046
threshold=0.83409535555438541 0.10545961878069733 0.69085146289890209 2.7200000000000002 0.13500000000000004 -0.18690598913568232 0.13500000000000004 116.08025000000002 -0.054272879783843035 1.9717690769017031 -0.59231586112586176 0.019798182724293744 116.09420000000001 114.94295000000001 0.27790513017243823 -0.08626380519915848 0.49686191095179955 1.9664499208695785 -0.038616590951376976 0.10899337479530537 0.18500000000000003 -0.35275334335723491 118.87420000000002 0.043764779314290465 0.17500000000000002 0.12500000000000003 -0.045128237524377987 18.970000000000002 -3.0238861843791951 1.7316308484854244
decision_type=8 10 8 2 2 8 2 2 10 10 10 8 2 2 10 10 8 8 10 10 2 8 2 10 2 2 10 2 10 10
left_child=6 2 17 4 16 -6 9 8 -5 -1 -9 12 13 27 -15 -14 -4 -2 19 20 21 -3 -17 28 25 26 -20 -8 -13 -21
right_child=1 18 3 7 5 -7 11 10 -10 -11 -12 23 15 14 -16 22 -18 -19 24 29 -22 -23 -24 -25 -26 -27 -28 -29 -30 -31
leaf_value=-0.0018666282908344864 -3.9834627477777703e-05 0.010260659047322516 -0.0016316612224305739 -0.0050473709898221364 0.0012935403888706658 -0.0010035750579818982 0.00016319279445390852 -0.0015869945031150535 0.0023301622086065801 0.0060769942571482528 0.0079374514531105039 -0.0057510492476859007 -0.0044745272596647184 0.0028589374984140607 0.00016887708442755403 -0.00029660764018872435 0.0038981471536168408 0.003229682913498138 -0.0082009228898615415 -0.0036483306814107312 -0.0020505330954277536 -0.00052313814618205922 0.0050644891848471265 0.00033940475226890897 -0.00052324037140777488 -0.0029306604584665983 0.0053036921695370238 0.0011996020928809578 0.0024934490699704812 -0.0095336618627102319
leaf_weight=2129 37715 106 289 192 1726 35310 30556 94 745 123 382 81 548 4492 1903 6131 864 618 103 751 3989 472 203 2340 9358 2449 355 6237 3744 182
leaf_count=2129 37715 106 289 192 1726 35310 30556 94 745 123 382 81 548 4492 1903 6131 864 618 103 751 3989 472 203 2340 9358 2449 355 6237 3744 182
internal_value=-0.000130892 -0.000512493 -0.000335467 -0.000672734 -0.000793307 -0.000896281 0.000493375 0.00257861 0.000805921 -0.00142643 0.0060416 0.000570419 0.000447569 0.000594128 0.00205979 -0.000471016 0.00250534 1.27799e-05 -0.00128861 -0.00215144 -0.00160449 0.00145873 -0.000122678 0.00156666 -0.000900905 -0.00211336 0.0022368 0.000339118 0.00231515 -0.00481518
internal_weight=154187 95700 77935 39602 38189 37036 58487 1413 937 2252 476 56235 50070 43188 6395 6882 1153 38333 17765 5500 4567 578 6334 6165 12265 2907 458 36793 3825 933
internal_count=154187 95700 77935 39602 38189 37036 58487 1413 937 2252 476 56235 50070 43188 6395 6882 1153 38333 17765 5500 4567 578 6334 6165 12265 2907 458 36793 3825 933
is_linear=0
shrinkage=0.025


Tree=14
num_leaves=31
num_cat=0
split_feature=46 3 52 16 53 19 50 61 48 35 52 27 53 53 52 9 12 51 53 77 52 41 16 9 52 63 50 52 16 11
split_gain=56.4619 19.2506 18.2937 14.4563 14.4471 15.5719 12.9331 13.128 12.0478 9.3532 9.09139 10.9833 9.56893 13.2865 9.83252 8.7834 8.646 10.1411 11.0352 11.1578 10.5073 8.19121 10.2059 8.49147 8.29817 8.14897 8.01707 8.01327 12.2731 9.93052
threshold=0.83822986355835305 0.067601002449163686 0.13500000000000004 1.5146570549176428 19.105000000000004 -0.019414693656223943 0.53191836780713742 1.7141006135769687 1.7316308484854244 -0.26904070523110363 1.5000000000000002 0.011009574089339487 13.515000000000002 12.265000000000002 1.6150000000000004 0.44883151252855108 0.019798182724293744 1.425 23.135000000000002 -0.20863001929401784 0.22500000000000003 -0.028549359549449257 0.45332425124943315 -0.32459048273431573 2.6200000000000006 -0.83957875746007027 1.226889834098807 2.6800000000000002 1.4287262829129446 0.079528071166834649
decision_type=8 10 2 8 2 8 10 10 10 8 2 10 2 2 2 10 8 2 2 8 2 10 8 8 2 10 10 2 10 10
left_child=2 6 15 4 5 -3 7 27 -6 -5 11 -8 13 -12 -14 -1 17 20 25 -20 -4 22 -18 -24 -23 -19 -17 29 -29 -2
right_child=1 3 16 9 8 -7 10 -9 -10 -11 12 -13 14 -15 -16 26 21 18 19 -21 -22 24 23 -25 -26 -27 -28 28 -30 -31
leaf_value=-0.0022263570082780124 -0.00025892050457887504 -0.0031980754844606486 5.2018155237473201e-05 0.0045355405732870292 -0.0023734994717266025 6.8596098664576202e-05 -0.0004739786271177031 0.0019821594627277505 0.0020919195176380928 -0.0023527572558768393 -0.00041339356583264405 -0.0030475035126224549 0.0046521174472104344 -0.0055299909416136259 -0.0016755111063411082 -0.00072363540482155999 0.0065809328481332063 0.001054851018597931 0.00050047447242299611 0.0037978854672252385 -0.0026568335532456576 0.00084177177166961975 0.0090317270579095381 0.0015699841864929586 -0.0070026287462199299 0.00026674137975796159 0.0092955178765836959 8.7977787044701968e-05 0.0040000978312429913 -0.0044659493780691084
leaf_weight=2060 54359 1009 3301 124 4025 9348 11598 1738 414 5964 494 1139 184 903 888 126 333 10977 1291 1286 1224 3507 99 2237 85 32583 80 1860 687 352
leaf_count=2060 54359 1009 3301 124 4025 9348 11598 1738 414 5964 494 1139 184 903 888 126 333 10977 1291 1286 1224 3507 99 2237 85 32583 80 1860 687 352
internal_value=-0.000136395 -0.00051377 0.000469722 -0.00118439 -0.000761597 -0.000249259 -0.000324907 -0.000157183 -0.00195489 -0.00221036 -0.000975081 -0.000704969 -0.00236447 -0.00372796 -0.00057845 -0.00173175 0.000557524 0.000448973 0.000559835 0.00214989 -0.000679572 0.00143444 0.00248418 0.0018939 0.00065178 0.000465539 0.0031624 -0.000222291 0.00114752 -0.000286222
internal_weight=154275 95086 59189 20884 14796 10357 74202 58996 4439 6088 15206 12737 2469 1397 1072 2266 56923 50662 46137 2577 4525 6261 2669 2336 3592 43560 206 57258 2547 54711
internal_count=154275 95086 59189 20884 14796 10357 74202 58996 4439 6088 15206 12737 2469 1397 1072 2266 56923 50662 46137 2577 4525 6261 2669 2336 3592 43560 206 57258 2547 54711
is_linear=0
shrinkage=0.025


Tree=15
num_leaves=31
num_cat=0
split_feature=68 16 35 55 48 54 60 51 14 60 9 51 40 8 40 80 39 51 51 16 8 30 18 77 40 1 54 40 36 39
split_gain=47.8266 16.5963 26.9322 14.1107 15.608 13.466 25.829 17.1676 11.0553 11.9327 10.8874 10.7417 19.4983 13.4454 12.7981 10.5822 12.0024 10.2808 13.4549 9.35303 9.23276 9.229 8.68568 8.49967 8.48651 8.0114 9.03194 8.30326 6.54938 5.91626
threshold=0.32760466661744075 1.2551327434525168 -0.26904070523110363 0.03000000000000003 0.24352383348651782 118.87420000000002 0.26381673410781886 1.7850000000000004 0.0070976787574021953 0.47165691686578237 -0.25424008393302394 1.425 0.0061033538753718043 0.24314710917129437 0.0083304609404307017 1.0000000180025095e-35 0.011359555663341682 2.5850000000000004 2.6350000000000002 0.17317571116680322 0.34593927739007441 0.12967874843443009 -0.038828628487920673 -0.60528608587129107 0.0081965139016101328 -0.083605246765187588 120.39400000000002 0.0059147204782871313 0.008010995445511539 -0.050692414702901915
decision_type=8 10 10 2 10 2 8 2 8 8 8 2 10 10 10 2 10 2 2 10 10 10 10 10 10 8 2 8 10 10
left_child=10 8 22 4 -4 7 -7 -5 9 29 -1 12 -12 14 -14 17 23 19 -19 -13 25 -15 -3 -17 -18 27 -27 -10 -22 -2
right_child=1 2 3 5 -6 6 -8 -9 20 -11 11 15 13 21 -16 16 24 18 -20 -21 28 -23 -24 -25 -26 26 -28 -29 -30 -31
leaf_value=0.0038677080075900381 0.0021895418396347911 0.0020056341648764324 -0.0043795484556497328 -0.00012637444661206103 0.008348903497996529 -0.0061229576463269061 -0.00046940330115847665 -0.0012739987171005612 -0.0056705783595040757 0.00065997048865754288 -0.0034021708798010089 0.0033159037471898519 0.0015956238421857311 0.0055104470162460079 -0.00096892746813894912 0.00082201562537114175 0.00098333474801144856 -0.0033952324138546482 0.00058062412115796752 0.0011953529180499323 0.0073524505054351546 -0.00023575320201384161 0.0080020783068045411 -0.00079968026950021055 -0.0017966665232117711 -0.00051011299284195325 -0.0025313903995305732 0.0022819282145775076 0.0011746375740791972 -0.00053403365940381752
leaf_weight=592 520 910 84 12297 201 906 1147 24229 88 14900 1142 1465 1678 455 4402 2750 10801 604 4390 11892 127 279 182 7570 730 35433 1439 974 694 11026
leaf_count=592 520 910 84 12297 201 906 1147 24229 88 14900 1142 1465 1678 455 4402 2750 10801 604 4390 11892 127 279 182 7570 730 35433 1439 974 694 11026
internal_value=-0.000147458 -0.000447558 -0.000848811 -0.000957788 0.00456852 -0.000998949 -0.00297012 -0.000887857 -0.000201539 0.000192332 0.000499719 0.000458066 -0.000380607 0.000125205 -0.000259737 0.000624232 0.000252055 0.00106694 9.75621e-05 0.00142877 -0.000470504 0.00331924 0.00301959 -0.00036677 0.000806521 -0.000527456 -0.00058928 0.00161025 0.00214874 -0.000410507
internal_weight=153907 105157 39956 38864 285 38579 2053 36526 65201 26446 48750 48158 7956 6814 6080 40202 21851 18351 4994 13357 38755 734 1092 10320 11531 37934 36872 1062 821 11546
internal_count=153907 105157 39956 38864 285 38579 2053 36526 65201 26446 48750 48158 7956 6814 6080 40202 21851 18351 4994 13357 38755 734 1092 10320 11531 37934 36872 1062 821 11546
is_linear=0
shrinkage=0.025


Tree=16
num_leaves=31
num_cat=0
split_feature=46 52 46 52 51 52 48 4 46 60 53 53 51 60 54 31 48 46 5 54 31 12 55 60 33 49 49 19 56 5
split_gain=48.1644 18.487 16.8335 27.1285 26.5166 26.3238 24.889 19.2749 18.3896 16.5826 12.4535 16.4134 10.7871 11.4731 10.3747 10.1471 9.69344 9.52817 9.30678 14.9218 16.9492 8.96427 8.85552 8.72855 8.26429 8.24888 8.09956 10.7087 7.05601 6.90191
threshold=0.79184009904185548 0.13500000000000004 1.2991611086962671 2.7200000000000002 1.7850000000000004 0.70500000000000007 -0.60257498964568368 0.072118676859983313 1.9544009958066471 0.83583701363592422 21.265000000000004 21.185000000000006 1.7850000000000004 0.57999946805916969 116.18090000000002 -0.074479939513800261 -1.5182787202554897 1.6626509619832068 -0.1096840510912354 120.39400000000002 -0.091117833435163373 0.022184451606961652 1.1150000000000004 0.58787244833269947 -0.036550719043246964 -1.1182701411131111 0.35307567998522832 0.25901904557810601 0.22032067943039135 -0.027407320458573522
decision_type=8 2 10 2 2 2 10 10 10 10 2 2 2 8 2 10 8 10 8 2 10 8 2 8 10 10 10 10 10 10
left_child=1 26 16 4 5 7 9 -4 -7 -6 11 12 22 -14 25 24 21 -8 -18 23 -21 -2 -3 -20 -12 29 28 -28 -1 -5
right_child=2 10 3 14 6 8 17 -9 -10 -11 15 -13 13 -15 -16 -17 18 -19 19 20 -22 -23 -24 -25 -26 -27 27 -29 -30 -31
leaf_value=0.00029477756389267878 0.0037503559385216839 -0.0007835095022846756 0.00023918452323388399 0.0030906979309693232 -0.0012426749593071832 0.00087710821000485458 -0.0019158180765838804 -0.0021776074064090911 0.005883394878549459 0.001518244375010149 0.0049045121681935994 -0.0053700045817366877 0.00024555717846605615 0.0012093280661033346 0.0073436582476626893 0.00073338063229415806 0.0023071333059239032 -0.0035063109343416565 -0.00050544529813059485 -0.0011366815022373353 -0.0061455932509172275 -0.0004854567362760256 0.00071199547191431913 7.0689923706625146e-05 0.0018717718838617142 0.0047932714029875201 -0.0010743283009633545 0.0080743077129911672 -0.0046405015883106094 -0.00316340018090978
leaf_weight=234 724 6791 4254 187 4939 3051 7801 3993 540 1873 717 304 17093 14115 264 4886 860 3405 34820 2078 531 543 3888 31088 2681 297 955 86 757 264
leaf_count=234 724 6791 4254 187 4939 3051 7801 3993 540 1873 717 304 17093 14115 264 4886 860 3405 34820 2078 531 543 3888 31088 2681 297 955 86 757 264
internal_value=-0.000129858 0.00048477 -0.00044785 -0.000934947 -0.00107162 -0.000151726 -0.00167554 -0.000930206 0.00163374 -0.000482309 0.000579019 0.000404746 0.000446989 0.000681729 0.00308639 0.00146551 -0.000234894 -0.00240009 -0.000274577 -0.000307131 -0.00216136 0.00193035 -0.000238306 -0.000233579 0.00251541 0.00156445 -0.00185166 -0.00030291 -0.00346865 -0.000552332
internal_weight=154019 52507 101512 30868 29856 11838 18018 8247 3591 6812 50475 42191 41887 31208 1012 8284 70644 11206 69377 68517 2609 1267 10679 65908 3398 748 2032 1041 991 451
internal_count=154019 52507 101512 30868 29856 11838 18018 8247 3591 6812 50475 42191 41887 31208 1012 8284 70644 11206 69377 68517 2609 1267 10679 65908 3398 748 2032 1041 991 451
is_linear=0
shrinkage=0.025


Tree=17
num_leaves=31
num_cat=0
split_feature=69 52 3 19 4 52 16 53 54 40 18 60 52 13 50 54 54 18 50 52 0 55 80 4 52 47 50 60 55 55
split_gain=39.0605 17.8561 17.0079 14.2096 18.9433 17.6651 13.9429 13.0935 12.4244 12.4583 12.1612 11.9419 11.6537 10.7585 10.9657 10.4683 13.1694 10.6404 8.75458 11.52 11.6895 9.30959 8.73256 8.54325 8.30005 8.09389 8.7967 7.89689 13.1152 12.6932
threshold=-0.39517849597967869 0.13500000000000004 0.061082357694025931 -0.021007044062672672 -0.21987144031764408 0.18500000000000003 1.4939197852650496 16.555000000000003 114.19180000000001 0.0081965139016101328 0.14870984089894027 0.97486908239256875 1.7000000000000002 0.020650673001638278 -1.1325180196895182 112.94865000000001 112.01475000000001 -0.16192866388934621 0.53191836780713742 0.13500000000000004 -0.0091448284169086663 0.22500000000000001 1.0000000180025095e-35 0.227336839966405 0.91500000000000015 -0.194770928138989 -1.2351300031836756 0.76550929407497204 0.015000000000000015 0.03000000000000003
decision_type=10 2 10 8 10 2 8 2 2 10 10 10 2 10 10 2 2 10 10 2 10 2 2 10 2 8 10 10 2 2
left_child=1 25 11 4 -4 13 -7 8 -3 -10 -6 18 -11 14 -5 16 22 -17 27 20 -20 -21 -9 -19 -8 26 -1 28 -2 -29
right_child=2 7 3 5 10 6 24 15 9 12 -12 -13 -14 -15 -16 17 -18 23 19 21 -22 -23 -24 -25 -26 -27 -28 29 -30 -31
leaf_value=0.0018031578182046296 0.0042834226397154805 -0.00013957815123998726 0.0020514226246272985 -0.0054606476254376243 -0.0027919220103594135 9.0737434609203764e-05 -0.00043904393186818642 0.0018703633406688481 0.0013008781609474894 -0.0032814484243741658 -0.0086078709911329414 0.0022983397703825775 0.0012471400251387128 0.0046953348607342432 -0.0018504666484119544 0.0048217167807551396 0.0038202749249309238 0.00028405685240790027 0.005355368053717776 0.0010449619336621236 -0.00011599927167991194 -0.0011626555216109364 -0.00029858568874191103 0.0029155569056910427 -0.0024585796537865694 -0.0010868807443369225 -0.0072003178462768554 -0.0089620420713524464 -0.00028188392609516082 0.0006142847553619467
leaf_weight=86 395 20501 479 618 2494 11962 2510 3922 8501 779 248 1158 648 137 3635 361 1580 11037 362 1306 736 13415 1639 829 2601 1681 293 86 50562 9716
leaf_count=86 395 20501 479 618 2494 11962 2510 3922 8501 779 248 1158 648 137 3635 361 1580 11037 362 1306 736 13415 1639 829 2601 1681 293 86 50562 9716
internal_value=-0.000118061 0.000440909 -0.000401152 -0.000972936 -0.002522 -0.000739987 -0.000375697 0.000535395 0.000211652 0.000937617 -0.00332421 -0.000219482 -0.00122045 -0.00215454 -0.00237821 0.00104359 0.00180458 0.000598403 -0.000257689 -0.00078162 0.00168491 -0.000966224 0.00122983 0.000468811 -0.00146859 -0.00183847 -0.00513834 -0.000121144 -0.000246248 0.000528413
internal_weight=154277 51857 102420 24684 3221 21463 17073 49797 30429 9928 2742 77736 1427 4390 4253 19368 7141 12227 76578 15819 1098 14721 5561 11866 5111 2060 379 60759 50957 9802
internal_count=154277 51857 102420 24684 3221 21463 17073 49797 30429 9928 2742 77736 1427 4390 4253 19368 7141 12227 76578 15819 1098 14721 5561 11866 5111 2060 379 60759 50957 9802
is_linear=0
shrinkage=0.025


Tree=18
num_leaves=31
num_cat=0
split_feature=46 52 34 55 48 60 52 54 51 61 31 4 55 41 40 48 38 41 68 17 14 19 18 4 53 52 17 51 26 10
split_gain=53.7235 25.3224 15.3763 16.1487 30.7759 15.7593 15.1179 13.9845 13.6291 17.0832 16.2457 16.211 13.5913 13.1882 14.9081 11.9394 11.7117 11.0362 9.77756 9.51522 9.5096 9.28533 11.9859 11.4358 10.5787 14.3917 9.24278 9.0396 8.16531 8.1179
threshold=1.0075226446817833 2.7200000000000002 0.048430541156176961 0.015000000000000015 0.38439254569928488 0.98578678738105852 0.13500000000000004 116.18090000000002 1.8250000000000004 -0.24936112690690584 -0.089162851573523924 0.31403952571346222 0.15499999999999994 -0.078025985393679761 0.016248102843130916 -1.6756123091662158 -0.57005798038947553 -0.10882297289682062 0.064921893522299212 0.023105100692995876 0.0096730011068605556 -0.0057218113225487857 0.12322560425380148 -0.087677595877632838 11.975000000000001 0.16500000000000004 -0.18017817275031459 2.5150000000000001 0.023567987590836285 0.021746028685157234
decision_type=8 2 10 2 10 10 2 2 2 10 8 10 2 10 10 8 10 10 10 10 10 10 10 8 2 2 10 2 2 10
left_child=8 2 3 4 -2 6 -5 20 10 17 26 13 -11 28 -15 -9 -17 -10 27 -14 -3 22 29 -24 -23 -26 -1 -19 -12 -4
right_child=1 7 21 5 -6 -7 -8 15 9 12 11 -13 19 14 -16 16 -18 18 -20 -21 -22 24 23 -25 25 -27 -28 -29 -30 -31
leaf_value=0.0070684444737650239 -0.0035209780051234439 0.002673652409313412 -0.0028357606676104709 0.0016191573539739851 0.012185642053521031 0.0038908188349645167 -0.00068820488562064668 0.01176868342125131 0.0053494650522955996 -0.0033490265876536941 -0.0066032566867992581 0.0026396294915037553 0.0012300164209961056 -0.0005194812046399786 0.005333138659526138 -0.0050513802243725738 0.0053924309175533754 0.0026437861877264043 -0.00030145938690271534 0.00032044131040051847 -0.0014395494845375061 -0.0028914012353957849 0.00174955698431865 -0.0074184768742706622 -0.0028049241510827824 -0.00029629629859857852 0.00080981320674156955 -0.00082512559179443779 -0.0015899842348595804 -4.7337351023085237e-05
leaf_weight=150 140 774 1965 1837 172 490 50096 141 233 467 342 1029 22383 22205 274 82 337 1417 17704 10627 639 1726 101 486 1755 7733 6708 697 513 985
leaf_count=150 140 774 1965 1837 172 490 50096 141 233 467 342 1029 22383 22205 274 82 337 1417 17704 10627 639 1726 101 486 1755 7733 6708 697 513 985
internal_value=-0.000132864 -0.000648325 -0.000730038 -0.00053021 0.00512737 -0.000564141 -0.000606408 0.00214161 0.000289514 0.000531661 -0.000125409 -0.000428189 0.000877306 -0.000563926 -0.000447528 0.00548281 0.0033221 -4.50693e-05 -0.000109191 0.000937444 0.000808596 -0.00144382 -0.00256213 -0.00582791 -0.00109019 -0.000761405 0.00094901 0.0014967 -0.0036105 -0.00190765
internal_weight=154208 69459 67486 52735 312 52423 51933 1973 84749 53528 31221 24363 33477 23334 22479 560 419 20051 19818 33010 1413 14751 3537 587 11214 9488 6858 2114 855 2950
internal_count=154208 69459 67486 52735 312 52423 51933 1973 84749 53528 31221 24363 33477 23334 22479 560 419 20051 19818 33010 1413 14751 3537 587 11214 9488 6858 2114 855 2950
is_linear=0
shrinkage=0.025


Tree=19
num_leaves=31
num_cat=0
split_feature=46 35 52 68 52 52 9 52 54 57 52 14 19 41 54 33 48 11 78 61 61 12 64 52 36 54 48 48 9 61
split_gain=43.8566 23.4204 18.2177 18.1199 15.2326 26.5331 18.8632 14.7765 13.0131 12.8773 12.7625 12.4989 12.4618 12.3431 15.5903 9.5962 9.24157 8.85601 8.56668 8.21079 9.35454 7.68894 7.67258 8.38843 7.58684 7.53831 9.04469 7.60356 6.99352 6.8822
threshold=1.1875356623626303 -0.26904070523110363 2.7200000000000002 0.31197464152009613 0.13500000000000004 0.19500000000000003 -0.2679573375709432 1.6150000000000004 116.18090000000002 1.867008088776323 0.13500000000000004 0.0078928261627842847 0.11718677954452029 -0.15327845528716069 120.75105000000001 -0.062535570735244392 -1.5182787202554897 0.01559101730580211 0.17486860231470516 -0.24936112690690584 -0.7744833842391502 0.027012512433955384 0.43690476190476196 2.7200000000000002 -0.083578877084390032 117.26100000000001 0.52216111569123946 -0.13491724259176716 0.19685204327001385 -0.8224731916237199
decision_type=8 8 2 10 2 2 8 2 2 10 2 10 8 10 2 10 10 10 10 8 10 10 8 2 10 2 10 10 10 10
left_child=3 13 4 10 9 6 -6 -7 17 12 24 19 -3 -2 -15 21 -13 -4 -18 20 -5 -12 -17 -24 -1 26 -21 -27 -19 -26
right_child=1 2 8 11 5 7 -8 -9 -10 -11 15 16 -14 14 -16 22 18 28 -20 25 -22 -23 23 -25 29 27 -28 -29 -30 -31
leaf_value=0.0036677770501434346 -0.0027899681564427653 -0.00070574128499357243 0.0038525438996913752 0.00054499754767364718 -0.0072893874840453581 -0.00058427992838742005 -0.0023002139885512905 -0.0017730912247055639 0.006375915815472458 -0.0071764566241207658 0.0015873765950652494 0.0027436862288214379 0.0038643225513387697 0.0024404126175029406 0.010901207028788423 0.0003124463121276554 -0.0015564134822059058 2.7583779198156325e-05 -0.00039141872993237207 0.00081533702970931039 -0.00085348618301902515 0.0063463711246940563 0.0011453234321823966 -0.002302953192773711 -0.0048655917520604294 -0.0052231646894451761 -0.00092671711006410006 -0.00011670731646514824 -0.006931619979656513 -0.0011198080531488121
leaf_weight=155 206 631 334 4904 550 29302 3480 8425 325 101 764 529 901 785 165 31443 4738 508 23782 16492 7638 297 12935 454 415 273 2095 553 108 1201
leaf_count=155 206 631 334 4904 550 29302 3480 8425 325 101 764 529 901 785 165 31443 4738 508 23782 16492 7638 297 12935 454 415 273 2095 553 108 1201
internal_value=-0.000137113 -0.000785802 -0.000876883 0.00013635 -0.000963567 -0.00105631 -0.00298495 -0.000850006 0.00206536 0.00140239 0.000501597 -0.000148909 0.00197803 0.00272412 0.0039297 0.000582091 -0.000524287 0.000576625 -0.000585278 0.000192105 -0.000306073 0.00293226 0.000526227 0.00102764 -0.00157905 0.000514343 0.000618534 -0.00181863 -0.00119149 -0.00208929
internal_weight=154489 45821 44665 108668 43390 41757 4030 37727 1275 1633 47664 61004 1532 1156 950 45893 29049 950 28520 31955 12542 1061 44832 13389 1771 19413 18587 826 616 1616
internal_count=154489 45821 44665 108668 43390 41757 4030 37727 1275 1633 47664 61004 1532 1156 950 45893 29049 950 28520 31955 12542 1061 44832 13389 1771 19413 18587 826 616 1616
is_linear=0
shrinkage=0.025


Tree=20
num_leaves=31
num_cat=0
split_feature=16 36 52 52 11 31 47 19 40 10 26 16 40 39 53 51 68 16 4 47 57 55 26 4 48 44 2 47 64 52
split_gain=39.5451 14.9042 13.1271 12.8867 12.3394 12.0863 11.421 13.0543 11.2898 15.1555 12.0585 10.9415 10.3354 13.2879 10.2767 11.8583 9.84779 9.59 9.41311 13.1342 9.21649 8.60473 8.41585 8.37759 8.23458 8.16956 6.96838 6.60603 6.45665 5.55563
threshold=0.88852686202903008 0.04057140525707293 0.13500000000000004 2.7200000000000002 0.079528071166834649 -0.26959219551997288 0.70932281140282261 0.15708137399118696 0.0060785978607547538 0.017234332372808147 0.011907684274506161 1.4287262829129446 0.045801080308854943 -0.094165030053838181 21.265000000000004 1.635 0.69085146289890209 1.4549655585087196 -0.30076636353637742 2.754360733125806 -1.0747141454807807 0.25499999999999995 0.01979092512737016 -0.069686082245532729 -0.10898593554533348 0.20871612777703755 -0.018941559887359957 -0.17854812201170706 0.796333632019116 0.83500000000000008
decision_type=8 8 2 2 10 8 10 10 10 10 2 8 10 10 2 2 10 8 8 10 10 2 2 10 10 10 10 10 10 2
left_child=2 3 6 4 5 23 20 -8 9 17 -10 28 13 -4 15 -15 -7 24 -12 -20 -1 26 -16 -2 -3 -23 -13 -22 -5 -19
right_child=1 8 12 11 -6 16 7 -9 10 -11 18 21 -14 14 22 -17 -18 29 19 -21 27 25 -24 -25 -26 -27 -28 -29 -30 -31
leaf_value=0.0026250738762964168 0.0018286838267832944 0.0012533867338603176 -0.0038747364143193333 0.0012375228664804367 -0.0045847976953277665 -6.656086667278188e-05 -0.00098510367299160556 0.0080609145856308812 0.00090102332973110487 0.0017300801581833997 0.0038645598983262173 0.0037639740382195731 0.0048537237692463896 -0.00057914321782103211 0.00029606129291938539 0.0004963576067205668 -0.00067819598461642868 -0.00088623903045238696 -0.0016185621565323713 -0.0069997155635584431 -0.0055603232890341601 0.0071046987111273389 0.0018604547257222758 -0.0055157932225893633 -0.00099735033375153285 -0.0012057332189168591 0.011272517590379463 -0.0019562551399210444 -0.0029549566993980459 -0.0028156141687683449
leaf_weight=215 2174 1897 442 1258 420 35176 275 154 1257 1821 188 174 332 7652 3569 39208 30959 2270 12392 290 423 108 5452 100 2184 225 147 1333 279 1604
leaf_count=215 2174 1897 442 1258 420 35176 275 154 1257 1821 188 174 332 7652 3569 39208 30959 2270 12392 290 423 108 5452 100 2184 225 147 1333 279 1604
internal_value=-0.000123327 -0.000439371 0.000384543 -0.000257481 -0.000317667 -0.000291279 -0.00142521 0.00225818 -0.000979442 -0.00032526 -0.00143154 0.00162893 0.000461369 0.000435242 0.000469549 0.000320563 -0.000352999 -0.000796886 -0.00166001 -0.00174286 -0.00223161 0.00433552 0.00124248 0.00149967 4.70993e-05 0.00148293 0.00725492 -0.00283191 0.000469906 -0.00168764
internal_weight=153978 94923 59055 71020 68829 68409 2400 429 23903 9776 14127 2191 56655 56323 55881 46860 66135 7955 12870 12682 1971 654 9021 2274 4081 333 321 1756 1537 3874
internal_count=153978 94923 59055 71020 68829 68409 2400 429 23903 9776 14127 2191 56655 56323 55881 46860 66135 7955 12870 12682 1971 654 9021 2274 4081 333 321 1756 1537 3874
is_linear=0
shrinkage=0.025


Tree=21
num_leaves=31
num_cat=0
split_feature=46 30 31 52 41 76 16 52 52 35 19 41 52 9 54 51 39 60 65 4 51 61 51 55 23 47 35 59 19 5
split_gain=37.0939 14.8914 17.5749 13.1461 12.4545 13.6251 11.067 14.1797 16.9001 10.6678 13.3315 10.706 10.2023 10.041 9.34684 8.94547 12.4612 9.06422 8.84295 8.6822 8.25999 7.99695 13.9792 13.5237 7.97764 9.14727 7.65301 8.46744 6.96318 6.46077
threshold=0.83409535555438541 0.10545961878069733 -0.28321158375688088 0.13500000000000004 -0.026710989526336878 0.30394233294159689 1.2551327434525168 2.7200000000000002 1.6150000000000004 -0.26904070523110363 -0.01785179803492087 -0.15327845528716069 2.8200000000000007 0.44883151252855108 116.08025000000002 1.7850000000000004 0.0011446521945740475 0.60371526919832663 0.40098814786223635 -0.051356160893686824 0.92500000000000016 -0.24056110546373369 2.0450000000000004 0.16000000000000006 0.22845942137138406 2.754360733125806 0.017519537614676176 1.078222815242313 -0.24553936183268274 -0.018745304989507546
decision_type=8 10 8 2 10 8 8 2 2 8 10 10 2 10 2 2 10 8 10 10 2 8 2 2 10 10 10 10 10 10
left_child=3 2 19 13 5 28 21 8 -8 11 24 -3 15 -1 -9 16 -6 -17 -7 -2 -15 23 -23 -4 29 -26 -12 -28 -5 -11
right_child=1 9 6 4 12 18 7 14 -10 10 26 -13 -14 20 -16 17 -18 -19 -20 -21 -22 22 -24 -25 25 -27 27 -29 -30 -31
leaf_value=-0.002077789515480342 0.0026012284938973958 -0.002361199598359088 0.002614803444034404 0.0033531074036781856 -0.0019292230653500571 0.0014628986494904337 -0.0005174555531378387 0.00060317889644717192 -0.0019980786832290479 -0.0042265057270230869 0.00043452909239420114 0.0055275690555066023 -0.0039024869763460779 -0.00034811208703556645 0.0057349344986474598 0.0001352209491839555 7.0656250132978521e-05 0.0010456371422779738 0.0046427849535989963 -0.0057527878278983398 0.0097240701982543552 -0.00049418168267924441 0.00068421239610866238 -0.00067142774576027726 -0.0033469710926411463 -0.011509761430049323 -0.0017245255109733183 -0.00022680564938892036 -0.00023476428425776613 -0.0012241431179240219
leaf_weight=2009 1636 167 821 364 2337 8133 26645 747 5889 527 2641 293 371 125 317 16667 11612 11612 588 80 83 10825 15010 15988 1296 92 5510 4148 4544 3089
leaf_count=2009 1636 167 821 364 2337 8133 26645 747 5889 527 2641 293 371 125 317 16667 11612 11612 588 80 83 10825 15010 15988 1296 92 5510 4148 4544 3089
internal_value=-0.000142848 -0.000445898 -0.000296912 0.000353356 0.000427923 0.00108583 -0.000353325 -0.000692685 -0.000785758 -0.00109928 -0.00119953 0.00264865 0.000217234 -0.00153365 0.00214387 0.000253716 -0.000264001 0.000509352 0.00167877 0.00220365 0.00366795 -8.57649e-05 0.000190169 -0.000510297 -0.00228806 -0.00390289 -0.000755854 -0.00108216 3.05557e-05 -0.00166504
internal_weight=154166 95721 77958 58445 56228 13629 76242 33598 32534 17763 17303 460 42599 2217 1064 42228 13949 28279 8721 1716 208 42644 25835 16809 5004 1388 12299 9658 4908 3616
internal_count=154166 95721 77958 58445 56228 13629 76242 33598 32534 17763 17303 460 42599 2217 1064 42228 13949 28279 8721 1716 208 42644 25835 16809 5004 1388 12299 9658 4908 3616
is_linear=0
shrinkage=0.025


Tree=22
num_leaves=31
num_cat=0
split_feature=46 34 31 50 19 4 18 61 35 79 35 55 47 55 54 57 50 64 46 54 40 2 69 41 54 54 44 49 47 12
split_gain=42.1001 17.555 17.1777 14.319 13.5356 17.6302 12.9463 10.237 8.60588 8.58269 10.1124 8.47408 18.0912 9.31717 16.2059 8.41011 8.37702 8.23662 8.20724 7.79534 6.89593 6.76305 6.69605 6.34215 9.99129 8.41441 6.89704 6.31117 5.95267 6.77455
threshold=0.79184009904185548 0.071977883625244279 -0.18927570488030879 0.26415036943013964 -0.010221751281458523 -0.087677595877632838 0.12322560425380148 1.7141006135769687 -0.26904070523110363 0.16736445242319067 -0.29597965989792574 1.1900000000000004 0.58572190618839837 0.77000000000000002 116.09420000000001 0.32668127854781409 0.81876239866953571 0.55176058905008396 0.14621547275956934 116.80740000000002 0.010106066740271787 0.15016833530615073 0.45928723756667761 -0.11875659525056868 118.87420000000002 120.75105000000001 0.063601243466378646 -0.74000906795512755 0.55514000533344221 0.02424037662239507
decision_type=8 10 10 10 8 10 10 10 10 8 8 2 10 2 2 10 10 8 10 2 10 10 8 10 2 2 10 10 10 10
left_child=2 3 19 7 5 8 -7 9 -3 17 -11 13 16 14 -5 -9 -13 -2 27 -1 -8 -10 -14 26 -25 -26 -20 -4 -29 -30
right_child=1 4 18 11 -6 6 20 15 21 10 -12 12 22 -15 -16 -17 -18 -19 23 -21 -22 -23 -24 24 25 -27 -28 28 29 -31
leaf_value=0.0021039359875733941 1.3853527491253503e-05 0.0059691461438584762 0.0039577663736664872 -0.0022632211861890583 -0.00096552586700539419 -0.0035229883128247148 -0.0047468793703163434 0.0031321643017401968 -0.002668642566243285 0.0057227391043596408 0.00020706280567527521 -0.0013893387878635632 -0.0018637373607978396 -5.6569654954773243e-05 -0.00016209310872122263 -0.00012505904760301017 0.0017447340215014919 -0.00066792588388773903 -0.0053163957600207683 0.0065061629823778035 -0.012429600821931411 0.0040587227235386941 -0.0047047824888151596 0.0002404376390654767 0.0050780990663058783 -0.0028009564771457728 -0.00037253410475083073 0.00081901918575459989 0.0088472864890153172 -0.00028900341204071147
leaf_weight=1367 19911 114 489 4431 10689 779 125 1082 519 209 18864 1535 928 9465 4774 905 814 24895 257 311 198 112 1215 43515 453 102 569 5179 123 83
leaf_count=1367 19911 114 489 4431 10689 779 125 1082 519 209 18864 1535 928 9465 4774 905 814 24895 257 311 198 112 1215 43515 453 102 569 5179 123 83
internal_value=-0.000135117 -0.000432182 0.000439994 -0.000308726 -0.00130822 -0.00328552 -0.00529248 -0.000120573 -0.000303049 -0.000175661 0.000268252 -0.00084342 -0.00181902 -0.000608187 -0.00117449 0.00164568 -0.00029976 -0.000364795 0.000357536 0.00292838 -0.00950812 -0.00145726 -0.00347973 0.000242337 0.000283186 0.00361365 -0.00192531 0.00123652 0.000987186 0.00514961
internal_weight=154012 101564 52448 89028 12536 1847 1102 65866 745 63879 19073 23162 4492 18670 9205 1987 2349 44806 50770 1678 323 631 2143 44896 44070 555 826 5874 5385 206
internal_count=154012 101564 52448 89028 12536 1847 1102 65866 745 63879 19073 23162 4492 18670 9205 1987 2349 44806 50770 1678 323 631 2143 44896 44070 555 826 5874 5385 206
is_linear=0
shrinkage=0.025


Tree=23
num_leaves=31
num_cat=0
split_feature=46 52 30 24 31 46 52 40 12 35 8 32 19 61 60 63 80 40 39 47 52 65 12 11 26 17 37 0 39 53
split_gain=47.115 17.4815 17.0927 11.9745 11.8696 11.6534 15.6663 15.1999 11.3468 10.4496 10.0041 9.72993 9.28047 8.97248 8.34719 8.08004 8.83824 11.8192 10.5008 7.789 7.38298 7.23446 7.18101 6.6123 6.58539 6.55991 6.10581 6.03566 5.94053 5.9012
threshold=0.79184009904185548 0.13500000000000004 0.10545961878069733 1.0828878783777895 -0.25745112520956182 1.326699877563241 0.13500000000000004 0.0036153816991523684 0.021166156251801117 -0.26904070523110363 -0.042991767922845585 0.12298310087835086 0.29454300114349857 1.7889566112783 0.93262013729977122 -0.94188994525468639 1.0000000180025095e-35 0.0076739402773441994 0.071046771437739201 0.35198454466226969 2.5650000000000004 -0.058178917388959549 0.015508496065654716 0.079528071166834649 0.0201302491501902 -0.0071510953847835892 -0.059942095281278709 -0.0095868877534841506 0.051227593454310501 22.685000000000002
decision_type=8 2 10 10 8 10 2 10 8 8 10 8 10 10 10 10 2 10 10 10 2 10 10 10 2 10 10 10 10 2
left_child=1 12 4 9 10 13 -7 -8 15 25 23 20 27 21 22 -3 18 -18 -17 -14 24 -6 -11 -2 -10 -4 -15 -1 -13 -5
right_child=2 8 3 29 5 6 7 -9 11 14 -12 28 19 26 -16 16 17 -19 -20 -21 -22 -23 -24 -25 -26 -27 -28 -29 -30 -31
leaf_value=0.00021815231701108521 0.0020682945644949061 0.0011257711490196068 -0.002429145444568384 -0.0019997842536925979 -1.2356652165491866e-05 0.0031079758250346801 0.00089111186362911461 -0.0012566498093116926 0.0015359660389182134 1.343750502389841e-05 -0.0057369742703586883 0.00031008301968036059 -0.0014419945616124645 0.0037426987524487908 0.00036256150341685298 0.00084507253214614474 0.0001903071999642489 -0.00145592301767813 -0.0019986892317871625 0.009331836835583196 -0.0030774945291252367 -0.00058032980913529737 -0.0015059696634015241 -0.0051344803552576083 0.0053103774008162689 0.0052556538569416781 0.00020496058034290157 -0.0030964313223134218 0.0029086787357073015 -0.0047541105238751193
leaf_weight=446 2178 8708 91 1742 37000 596 2334 17226 451 2349 114 2216 83 596 2393 16124 17265 3235 852 81 97 22590 11011 81 843 270 633 1431 734 686
leaf_count=446 2178 8708 91 1742 37000 596 2334 17226 451 2349 114 2216 83 596 2393 16124 17265 3235 852 81 97 22590 11011 81 843 270 633 1431 734 686
internal_value=-0.00014493 0.00046289 -0.000458585 -0.00114522 -0.000305728 -0.000356882 -0.000877927 -0.000999945 0.000554649 -0.000897789 0.00143597 0.00177706 -0.00180393 -0.000184066 -0.000994618 0.000439545 0.000279861 -6.91801e-05 0.000701775 0.00386296 0.00350192 -0.000227803 -0.00123828 0.00180412 0.00400331 0.00329615 0.00192865 -0.00230521 0.00096011 -0.00278304
internal_weight=154456 52566 101890 18542 83348 80975 20156 19560 50525 16114 2373 4341 2041 60819 15753 46184 37476 20500 16976 164 1391 59590 13360 2259 1294 361 1229 1877 2950 2428
internal_count=154456 52566 101890 18542 83348 80975 20156 19560 50525 16114 2373 4341 2041 60819 15753 46184 37476 20500 16976 164 1391 59590 13360 2259 1294 361 1229 1877 2950 2428
is_linear=0
shrinkage=0.025


Tree=24
num_leaves=31
num_cat=0
split_feature=46 16 52 52 53 51 58 48 52 54 57 51 54 39 60 0 3 48 51 53 51 54 47 54 53 8 54 31 19 22
split_gain=40.9697 14.3189 21.1511 22.3743 23.9687 32.1718 19.1051 14.3185 14.2327 12.7501 12.3259 13.3684 11.079 9.10062 8.38723 8.67104 10.4421 7.84325 7.82766 13.3247 13.3974 10.6053 9.17487 13.841 8.56737 7.77049 7.50387 9.9702 7.36929 7.95242
threshold=0.79184009904185548 1.2385839466010446 0.13500000000000004 2.7200000000000002 18.915000000000003 1.7850000000000004 0.14841379599363005 -1.5182787202554897 0.13500000000000004 118.87420000000002 1.7136002971480653 0.62500000000000011 116.18090000000002 -0.04785015836711453 0.98274000148953611 0.019565407479471223 0.1699680942580343 -1.6756123091662158 1.425 16.830000000000002 1.7850000000000004 116.38495000000002 0.84209279302897777 112.78265 27.275000000000002 0.31403952571346222 120.39400000000002 -0.18927570488030879 0.36935549277000307 -0.74861255254876735
decision_type=8 8 2 2 2 2 8 10 2 2 10 2 2 10 10 10 10 8 2 2 2 2 10 2 2 10 2 10 10 10
left_child=8 7 10 4 5 -4 -6 -2 28 18 11 -3 13 -5 15 25 -17 -14 22 20 -20 -21 23 -10 -24 -9 -11 -28 29 -1
right_child=1 2 3 12 6 -7 -8 14 9 26 -12 -13 17 -15 -16 16 -18 -19 19 21 -22 -23 24 -25 -26 -27 27 -29 -30 -31
leaf_value=0.00085387767659000154 0.0030458173028614839 -0.0019766390266636072 0.00074306689499764502 -0.0029191490334240285 9.2728577101942281e-05 -0.0010420347913263036 -0.0027743650088166987 -0.00013615823707314399 0.002055812834880379 0.0053264467808858129 -0.0057354431772610945 0.0038254921831971031 0.01138820070293339 0.0024815766110433761 0.0026076315093977805 -0.00084189625111156727 -0.004982868076971402 0.0032996888100381878 -0.00080916679458907601 0.0015435639048992035 0.00055813315675393149 -0.0009117748436753896 2.8836970801616162e-05 -0.0015519784200693251 0.0066250022364253347 0.0023659950661156551 0.0061994413951549218 -0.00050637781294894603 0.0055655287934700572 -0.0028095102637848493
leaf_weight=491 882 308 8239 262 1875 26886 6370 48069 822 529 116 1233 122 744 673 4608 415 205 5358 11063 27170 1216 311 3424 205 787 190 497 85 1466
leaf_count=491 882 308 8239 262 1875 26886 6370 48069 822 529 116 1233 122 744 673 4608 415 205 5358 11063 27170 1216 311 3424 205 787 190 497 85 1466
internal_value=-8.95842e-05 -0.000382783 -0.000707035 -0.000809981 -0.000908182 -0.000623093 -0.00212153 -0.000111463 0.000475244 0.000557649 0.00206432 0.00266032 0.00237736 0.00106578 -0.000162714 -0.000197514 -0.00118662 0.00637088 0.000495383 0.000597874 0.00033266 0.00129973 -0.000467315 -0.000851382 0.0026732 -9.56415e-05 0.00308671 0.00134489 -0.00156964 -0.0018866
internal_weight=154621 101794 46360 44703 43370 35125 8245 55434 52827 50785 1657 1541 1333 1006 54552 53879 5023 327 49569 44807 32528 12279 4762 4246 516 48856 1216 687 2042 1957
internal_count=154621 101794 46360 44703 43370 35125 8245 55434 52827 50785 1657 1541 1333 1006 54552 53879 5023 327 49569 44807 32528 12279 4762 4246 516 48856 1216 687 2042 1957
is_linear=0
shrinkage=0.025


Tree=25
num_leaves=31
num_cat=0
split_feature=46 46 8 9 51 48 40 52 34 47 19 54 27 22 52 12 47 9 19 72 40 8 51 44 44 42 52 30 63 63
split_gain=36.4574 18.0667 14.8698 25.0219 16.6405 13.004 12.6832 12.2615 11.6706 11.5098 10.677 10.5988 10.0766 9.91948 9.49237 9.96505 9.15399 8.74662 8.71438 8.43593 8.32217 8.30283 15.2185 7.98534 7.94509 7.65987 7.58609 7.49364 7.29333 7.18039
threshold=0.76555518431119107 1.5626217457392777 0.043298611112438719 -0.2679573375709432 1.7850000000000004 -1.5182787202554897 0.012773120662465052 2.7200000000000002 0.070601372010048694 2.1263153269582404 -0.019414693656223943 113.45420000000001 -0.011142699807626985 1.8928531717401926 0.13500000000000004 0.026635212491886426 -0.194770928138989 0.023774317435322215 0.3515027719989578 0.025130917607431389 0.0036153816991523684 0.30101711578992635 1.3250000000000004 -0.61109467501772274 -0.58168385514865362 -0.0075570692456804339 0.45500000000000007 0.024626242791442102 0.043821865573602535 -0.83957875746007027
decision_type=8 10 8 10 2 8 10 2 10 10 8 2 10 10 2 8 10 10 10 10 10 10 2 10 10 10 2 10 10 10
left_child=14 5 4 6 9 26 24 11 21 12 13 -6 -3 -10 16 29 -1 -9 -18 -5 -21 28 -23 -11 -4 -12 -2 -17 -7 -16
right_child=1 2 3 19 7 8 -8 17 10 23 25 -13 -14 -15 15 27 18 -19 -20 20 -22 22 -24 -25 -26 -27 -28 -29 -30 -31
leaf_value=-0.0049826728032914824 -0.0026682103189555372 -0.0041424804794030394 -0.0085187016393451446 0.0017917597205274905 -0.0005970686167296544 -3.8905867549485546e-05 -0.012292974388078678 0.0064927355966911127 -0.0022540739559660781 0.010779368593247317 0.0043783756881840231 -0.0032978589477278956 0.0010044302078597519 -0.0083176874038997095 0.00097488759123735684 0.0047678100614294474 -0.00090128530052760144 -0.0017525516243084697 0.0073163454960583508 0.00050346635561528499 -0.0020712821952136489 0.0042178165349336261 -0.00096238971881128026 0.0029360434291408975 -0.0022701829139217195 -0.00088146645674506323 0.0020377451955947753 0.0013369252803066753 -0.00055353587666052647 0.00026267281129171776
leaf_weight=339 235 275 198 459 2168 50954 171 203 1050 96 175 1573 1698 202 12180 537 1477 130 84 909 5514 733 681 543 369 8567 2184 1575 26017 32511
leaf_count=339 235 275 198 459 2168 50954 171 203 1050 96 175 1573 1698 202 12180 537 1477 130 84 909 5514 733 681 543 369 8567 2184 1575 26017 32511
internal_value=-9.92815e-05 -0.000361328 -0.00118717 -0.00194227 -0.00032527 -0.000231113 -0.00631655 -0.00132466 -0.000280691 0.00123053 -0.00108535 -0.00173538 0.000281164 -0.0032454 0.000466071 0.000536515 -0.00126448 0.00325668 -0.000449 -0.00147108 -0.0017057 -0.000177988 0.00171896 0.00414409 -0.00447879 -0.000774729 0.00157638 0.00221503 -0.00021296 0.000456967
internal_weight=153807 105104 14306 7620 6686 90798 738 4074 88379 2612 9994 3741 1973 1252 48703 46803 1900 333 1561 6882 6423 78385 1414 639 567 8742 2419 2112 76971 44691
internal_count=153807 105104 14306 7620 6686 90798 738 4074 88379 2612 9994 3741 1973 1252 48703 46803 1900 333 1561 6882 6423 78385 1414 639 567 8742 2419 2112 76971 44691
is_linear=0
shrinkage=0.025


Tree=26
num_leaves=31
num_cat=0
split_feature=46 7 13 52 54 54 55 40 47 61 61 52 52 55 61 40 40 46 52 50 31 65 68 53 49 19 50 42 51 53
split_gain=33.7061 17.493 15.28 14.0369 12.0828 19.016 16.0994 12.961 11.5732 11.3018 10.4242 9.86196 9.56892 9.38916 25.8699 15.6348 9.56532 8.85914 24.5294 10.8344 8.85286 8.69533 12.4075 10.5127 8.49282 11.3772 8.17171 8.38197 8.00012 11.3263
threshold=0.79184009904185548 0.061082357694025931 0.0056323508880087381 0.13500000000000004 114.48000000000002 116.09420000000001 0.41999999999999998 0.016248102843130916 0.56257557802902769 -1.1890310867339984 1.7141006135769687 1.7550000000000001 1.4650000000000001 0.16000000000000006 -0.091130497629196228 0.014227904924871991 0.013995720830993192 1.1928305460714514 0.13500000000000004 -0.77436083861988814 -0.38975638735558349 -0.36975989785520419 0.29184111412805475 19.105000000000004 0.47441833726412136 0.25342452365417784 0.98518829765654137 -0.0064643320083981274 0.90000000000000013 20.970000000000002
decision_type=8 10 10 2 2 2 2 10 10 10 10 2 2 2 8 10 10 10 2 8 8 10 10 2 10 10 10 10 2 2
left_child=3 10 8 24 21 9 12 -8 -3 -6 13 -11 -7 14 15 -2 -16 19 -19 -15 -4 28 23 -23 -1 -26 -12 -28 -5 -30
right_child=1 2 20 4 5 6 7 -9 -10 11 26 -13 -14 17 16 -17 -18 18 -20 -21 -22 22 -24 -25 25 -27 27 -29 29 -31
leaf_value=-0.0030055986103785653 0.0020604183796525525 0.00071570899700686109 0.0047359851814970664 -0.0033130447903146052 -0.0013088283980196413 -0.0030538251617730412 0.0006873158188138445 0.0049453917987502954 -0.001159413522436144 0.0027881697230761338 0.0022304174154702148 0.0011051770370683375 -0.00026944522278966849 0.00045699620330244529 -0.00040270944504546279 0.0086502540343786332 -0.005384802913705535 0.0031998509285241224 -0.00080137220812649787 -0.00036575313625623125 -0.001454133594069083 0.00090050017019656099 -0.00077798012920264484 0.0034939260382913294 -0.00069511996886440863 0.0088740569004559944 0.0037055544478554118 -0.004576726884136813 -0.00020224023798981339 0.0016148006086326308
leaf_weight=1179 1651 4802 144 465 686 1050 3385 515 3596 4753 1768 4054 2927 15253 1193 261 302 992 26265 29045 16236 6974 2401 1139 778 85 110 239 19612 2406
leaf_count=1179 1651 4802 144 465 686 1050 3385 515 3596 4753 1768 4054 2927 15253 1193 261 302 992 26265 29045 16236 6974 2401 1139 778 85 110 239 19612 2406
internal_value=-0.000111367 -0.000376478 -0.000954383 0.000403729 0.000486238 0.00102001 0.000110879 0.00125287 -8.63712e-05 0.00177348 -0.000190594 0.00201457 -0.00100716 -0.000239548 0.00104197 0.00296875 -0.00141765 -0.000300687 -0.000655341 -8.22843e-05 -0.00139891 0.000204999 0.000798471 0.00126598 -0.00162681 0.000249718 0.00153847 -0.0019411 -7.22272e-05 -3.2667e-06
internal_weight=154266 101857 24778 52409 50367 17370 7877 3900 8398 9493 77079 8807 3977 74962 3407 1912 1495 71555 27257 44298 16380 32997 10514 8113 2042 863 2117 349 22483 22018
internal_count=154266 101857 24778 52409 50367 17370 7877 3900 8398 9493 77079 8807 3977 74962 3407 1912 1495 71555 27257 44298 16380 32997 10514 8113 2042 863 2117 349 22483 22018
is_linear=0
shrinkage=0.025


Tree=27
num_leaves=31
num_cat=0
split_feature=46 35 55 9 54 4 52 52 54 52 44 48 67 69 10 48 54 65 65 13 55 7 18 75 57 18 11 73 48 63
split_gain=37.4784 17.4362 16.2766 17.2735 17.2666 15.7006 14.4076 14.1111 13.7906 13.4898 13.2305 12.9429 12.2974 11.9218 11.6507 11.3393 11.1565 10.5109 9.72081 9.52708 8.87783 8.46311 8.31198 8.1516 8.14044 7.99605 7.2389 7.0986 7.03569 8.40823
threshold=1.1928305460714514 -0.26904070523110363 0.16000000000000006 -0.32459048273431573 118.87420000000002 0.39506112745364347 0.13500000000000004 0.18500000000000003 117.23465000000002 0.15500000000000003 -0.43705231804037609 0.38439254569928488 -0.36914950670697039 -0.54784468780820605 0.038566424032853062 -0.11555235451928571 120.39400000000002 -0.016778285208587745 4.672238715197806 0.0060871112320751986 0.015000000000000015 0.03785751789698056 -0.028350834015444189 -0.031374744042080044 -1.0167844203063645 0.15650386056202106 0.019578726424209693 -0.11356619834291554 -0.40393526119649176 -0.71810472018809957
decision_type=8 8 2 8 2 8 2 2 2 2 8 10 10 10 10 10 2 10 8 10 2 10 10 10 10 10 10 10 10 10
left_child=5 7 8 4 -4 9 10 14 27 12 -5 -10 23 17 -2 -8 -6 20 28 24 -11 -13 -14 -1 -15 -21 -25 -3 -7 -30
right_child=1 2 3 6 16 18 15 -9 11 13 -12 21 22 19 -16 -17 -18 -19 -20 25 -22 -23 -24 26 -26 -27 -28 -29 29 -31
leaf_value=-0.00091819365142700943 0.0028061133245101087 0.00099095312474377383 -0.00076197577287272179 -0.0024002557723040224 -0.010941048118470253 0.00072841824018914461 -0.00047880028543946149 0.00081794143548072514 -0.00026694020832945673 -0.0048581018647286534 0.0029671661931342697 0.0083052641513298997 0.0021423925227423849 -0.0036684643196692292 0.013654801112003016 -0.0013241441705274645 -0.0030179666335434369 0.0014389731460749669 -0.0035767740351963294 -0.00024628967743386282 0.00036878570615368539 5.2793757813309027e-05 -0.000522841780647867 -0.0026346626232556553 0.00042056010483887261 -0.0035707614676601714 -0.008214191670270465 -0.0036489546765084801 0.0087648492622542772 0.0030136909990299693
leaf_weight=2470 148 713 447 384 271 684 19513 881 264 203 1114 378 952 307 109 20250 195 6481 161 36882 32276 100 3137 1506 22163 457 162 288 189 1056
leaf_count=2470 148 713 447 384 271 684 19513 881 264 203 1114 378 952 307 109 20250 195 6481 161 36882 32276 100 3137 1506 22163 457 162 288 189 1056
internal_value=-0.0001104 -0.000716992 -0.000796309 -0.000894277 -0.00429534 0.000140073 -0.000818716 0.00233499 0.00156884 9.80682e-05 0.00158545 0.0041495 -0.000874336 0.000179151 0.00747843 -0.000909522 -0.00765792 0.000519467 0.00228558 -4.24145e-05 0.000335707 0.00659891 9.62903e-05 -0.00183503 0.000364166 -0.000287293 -0.00318657 -0.000339293 0.00278068 0.00390038
internal_weight=154141 45055 43917 42174 913 109086 41261 1138 1743 106996 1498 742 8227 98769 257 39763 466 38960 2090 59809 32479 478 4089 4138 22470 37339 1668 1001 1929 1245
internal_count=154141 45055 43917 42174 913 109086 41261 1138 1743 106996 1498 742 8227 98769 257 39763 466 38960 2090 59809 32479 478 4089 4138 22470 37339 1668 1001 1929 1245
is_linear=0
shrinkage=0.025


Tree=28
num_leaves=31
num_cat=0
split_feature=46 30 4 9 54 47 12 54 54 61 41 52 48 52 9 46 40 39 3 40 52 52 18 18 54 60 35 27 20 41
split_gain=35.7571 13.1271 11.8143 12.089 19.3407 11.0417 11.0262 11.5488 24.0429 15.2625 13.3229 13.1337 11.7193 10.1392 10.0547 9.98293 13.0034 9.62068 12.1151 9.61155 9.27774 12.3996 9.26915 8.58741 8.41524 8.25056 8.067 8.03227 7.14373 6.84915
threshold=0.83409535555438541 0.10545961878069733 -0.18690598913568232 -0.32459048273431573 118.87420000000002 0.27143401633156072 0.019798182724293744 116.09420000000001 114.48000000000002 -1.2100301374116607 -0.08626380519915848 0.13500000000000004 -0.38767623655359162 1.7550000000000001 -0.32459048273431573 1.1928305460714514 0.0036153816991523684 -0.0025468998948410255 0.028252686673815201 0.017937732423117535 1.2150000000000001 1.6150000000000004 0.044974833573476543 -0.1119511950261796 111.18680000000002 0.92474147021804953 -0.34519108244699315 -0.0063620626395141629 0.4197389518144547 -0.028549359549449257
decision_type=8 10 8 8 2 10 8 2 2 10 10 2 10 2 8 10 10 10 8 10 2 2 10 10 2 10 8 10 2 8
left_child=6 2 5 4 -4 -2 7 8 11 -10 -9 12 -1 -11 23 19 -17 -3 24 -5 -12 -22 29 -7 -19 26 -20 -13 -27 -8
right_child=1 17 3 15 -6 14 22 10 9 13 20 27 -14 -15 -16 16 -18 18 25 -21 21 -23 -24 -25 -26 28 -28 -29 -30 -31
leaf_value=-0.010172168932043129 -0.0009302609048192624 -0.0025008388303364394 0.0001032598132658149 -0.00017454415904336016 -0.0096687006491886305 0.0029932074737514455 0.0032199924867884061 -0.0045285853600455853 -0.0027130194116740127 0.0024087462598217876 0.00072834355330094044 0.0015059378641865413 -0.0017841529774123986 0.00075533603370235439 0.0011118883520798973 0.00079973829539184871 -0.0008904455563830461 -0.0025467801021438309 0.0060281868543225359 0.0021396209605925158 -0.0021461782762191811 0.00073491938696738836 0.00011027815877237784 0.0096474883249535459 0.0023722687000222202 0.0012740939759833024 -0.0013831990462221068 2.0055778565778861e-05 -0.0016648301615354239 0.001152828885130943
leaf_weight=119 1086 2510 284 43323 225 442 1727 529 521 5227 2692 2453 820 4197 1659 3184 26325 268 91 1150 2715 1417 2610 170 1107 1566 11492 31094 769 2429
leaf_count=119 1086 2510 284 43323 225 442 1727 529 521 5227 2692 2453 820 4197 1659 3184 26325 268 91 1150 2715 1417 2610 170 1107 1566 11492 31094 769 2429
internal_value=-0.000154668 -0.000452548 -0.000312346 -0.000377807 -0.00421425 0.00113761 0.000331839 0.000207641 0.000359635 0.00144253 -0.000709685 4.70949e-05 -0.00286677 0.00167338 0.00212974 -0.000351243 -0.000707797 -0.00106513 -0.000828825 -0.000114479 -0.000411799 -0.00115641 0.00128108 0.00486911 0.00140667 -0.00105032 -0.00132371 0.000128979 0.000302632 0.00201431
internal_weight=154201 95651 77848 74491 509 3357 58550 51784 44431 9945 7353 34486 939 9424 2271 73982 29509 17803 15293 44473 6824 4132 6766 612 1375 13918 11583 33547 2335 4156
internal_count=154201 95651 77848 74491 509 3357 58550 51784 44431 9945 7353 34486 939 9424 2271 73982 29509 17803 15293 44473 6824 4132 6766 612 1375 13918 11583 33547 2335 4156
is_linear=0
shrinkage=0.025


end of trees

feature_importances:
dgs2_pit=96
usd_index_pit=71
dgs10_pit=44
beta_60d_ff_mktrf=39
beta_60d_ff_hml=35
return_60d=29
spy_vol_20d=28
yield_10y_2y_spread_pit=27
price_to_sma_200d=26
beta_60d_ff_smb=26
beta_60d_ff_cma=25
beta_60d_spy=23
vixcls_pit=23
cs_rank_momentum_120d=23
momentum_120d=22
cs_z_momentum_120d=22
spy_return_20d=18
spy_drawdown_60d=17
vol_60d=15
distance_to_60d_high=15
excess_return_60d_vs_spy=14
cs_rank_beta_60d_spy=14
price_to_sma_50d=13
distance_to_20d_low=12
downside_vol_decay_60d=10
cs_rank_vol_60d=9
upside_vol_20d=8
return_20d=7
vol_20d=7
downside_vol_20d=7
beta_60d_ff_rmw=7
return_1d=6
momentum_60d=6
intraday_range=6
close_open_gap=6
excess_return_20d_vs_spy=6
cs_z_vol_60d=6
cs_z_momentum_20d=5
cs_z_vol_20d=5
cs_z_beta_60d_spy=5
return_10d=4
vol_5d=4
price_to_sma_20d=4
distance_to_20d_high=4
excess_return_5d_vs_spy=4
relative_momentum_20d_vs_spy=4
cs_z_beta_stability_price_floor=4
regime_calm=4
momentum_5d=3
momentum_20d=3
macd_hist=3
bollinger_z_20d=3
relative_strength_down_days_20d=3
cs_z_momentum_60d=3
cs_rank_downside_vol_decay_60d=3
cs_z_downside_vol_decay_60d=3
return_5d=2
volume_zscore_20d=2
volume_zscore_60d=2
distance_to_60d_low=2
kurtosis_20d=2
beta_stability_price_floor=2
cs_rank_momentum_20d=2
cs_rank_momentum_60d=2
cs_rank_downside_vol_20d=2
cs_rank_relative_strength_down_days_20d=2
cs_z_relative_strength_down_days_20d=2
regime_drawdown=2
beta_20d_spy=1
close_location_in_range=1
skew_20d=1
cs_z_downside_vol_20d=1
cs_z_gap_down_absorption_20d=1
cs_rank_beta_stability_price_floor=1
regime_high_vol=1

parameters:
[boosting: gbdt]
[objective: huber]
[metric: l1]
[tree_learner: serial]
[device_type: cpu]
[data_sample_strategy: bagging]
[data: ]
[valid: ]
[num_iterations: 29]
[learning_rate: 0.025]
[num_leaves: 31]
[num_threads: 0]
[seed: 17]
[deterministic: 0]
[force_col_wise: 0]
[force_row_wise: 0]
[histogram_pool_size: -1]
[max_depth: 6]
[min_data_in_leaf: 80]
[min_sum_hessian_in_leaf: 0.001]
[bagging_fraction: 0.78]
[pos_bagging_fraction: 1]
[neg_bagging_fraction: 1]
[bagging_freq: 1]
[bagging_seed: 17]
[bagging_by_query: 0]
[feature_fraction: 0.72]
[feature_fraction_bynode: 1]
[feature_fraction_seed: 17]
[extra_trees: 0]
[extra_seed: 13015]
[early_stopping_round: 0]
[early_stopping_min_delta: 0]
[first_metric_only: 0]
[max_delta_step: 0]
[lambda_l1: 0.3]
[lambda_l2: 1.2]
[linear_lambda: 0]
[min_gain_to_split: 0]
[drop_rate: 0.1]
[max_drop: 50]
[skip_drop: 0.5]
[xgboost_dart_mode: 0]
[uniform_drop: 0]
[drop_seed: 30017]
[top_rate: 0.2]
[other_rate: 0.1]
[min_data_per_group: 100]
[max_cat_threshold: 32]
[cat_l2: 10]
[cat_smooth: 10]
[max_cat_to_onehot: 4]
[top_k: 20]
[monotone_constraints: ]
[monotone_constraints_method: basic]
[monotone_penalty: 0]
[feature_contri: ]
[forcedsplits_filename: ]
[refit_decay_rate: 0.9]
[cegb_tradeoff: 1]
[cegb_penalty_split: 0]
[cegb_penalty_feature_lazy: ]
[cegb_penalty_feature_coupled: ]
[path_smooth: 0]
[interaction_constraints: ]
[verbosity: -1]
[saved_feature_importance_type: 0]
[use_quantized_grad: 0]
[num_grad_quant_bins: 4]
[quant_train_renew_leaf: 0]
[stochastic_rounding: 1]
[linear_tree: 0]
[max_bin: 255]
[max_bin_by_feature: ]
[min_data_in_bin: 3]
[bin_construct_sample_cnt: 200000]
[data_random_seed: 94]
[is_enable_sparse: 1]
[enable_bundle: 1]
[use_missing: 1]
[zero_as_missing: 0]
[feature_pre_filter: 1]
[pre_partition: 0]
[two_round: 0]
[header: 0]
[label_column: ]
[weight_column: ]
[group_column: ]
[ignore_column: ]
[categorical_feature: ]
[forcedbins_filename: ]
[precise_float_parser: 0]
[parser_config_file: ]
[objective_seed: 20363]
[num_class: 1]
[is_unbalance: 0]
[scale_pos_weight: 1]
[sigmoid: 1]
[boost_from_average: 1]
[reg_sqrt: 0]
[alpha: 0.85]
[fair_c: 1]
[poisson_max_delta_step: 0.7]
[tweedie_variance_power: 1.5]
[lambdarank_truncation_level: 30]
[lambdarank_norm: 1]
[label_gain: 0,1,2,3,4,5,6,7,8,9,10,11,12,13,14,15,16,17,18,19]
[lambdarank_position_bias_regularization: 0]
[eval_at: 5,10,25]
[multi_error_top_k: 1]
[auc_mu_weights: ]
[num_machines: 1]
[local_listen_port: 12400]
[time_out: 120]
[machine_list_filename: ]
[machines: ]
[gpu_platform_id: -1]
[gpu_device_id: -1]
[gpu_use_dp: 0]
[num_gpu: 1]

end of parameters

pandas_categorical:[]
